ORCHIDS,TRANSPORT_FEES,EXPORT_TARIFF,IMPORT_TARIFF,SUNLIGHT,HUMIDITY,sunlight_d1,sunlight_d2,sunlight_d3,humidity_d1,humidity_d2,humidity_d3,time_of_day,sun_gt_2500,sun_lt_2500,hum_out_bounds,hum_in_bounds,hum_gt_70,hum_lt_70,arbitrage,avg_sun,avg_hum,total_sunlight,sun_time_under_2500,sun_time_over_2500
1111.75,1.5,10.5,-2.0,4500.0,95.0,0.0,0.0,0.0,0.0,0.0,0.0,0,1,0,1,0,1,0,0.5,4500.0,95.0,5.4000002160000085,0,1
1111.75,1.5,10.5,-2.0,4500.0356,94.99599,0.035600000000158616,0.0,0.0,-0.004009999999993852,0.0,0.0,1,1,0,1,0,1,0,0.5,4500.0178,94.997995,10.800043152001727,0,2
1109.75,1.5,10.5,-2.0,4500.07,94.99198,0.034399999999550346,-0.00120000000060827,0.0,-0.004010000000008063,-1.4210854715202004e-14,0.0,2,1,0,1,0,1,0,0.5,4500.035199999999,94.99599,16.200127368005095,0,3
1109.25,1.5,10.5,-2.0,4500.1016,94.98797,0.0316000000002532,-0.0027999999992971425,-0.0015999999986888724,-0.004009999999993852,1.4210854715202004e-14,2.842170943040401e-14,3,1,0,1,0,1,0,0.5,4500.0518,94.99398500000001,21.60024950400998,0,4
1110.75,1.5,10.5,-2.0,4500.1313,94.98395,0.02970000000004802,-0.001900000000205182,0.0008999999990919605,-0.004020000000011237,-1.0000000017384991e-05,-1.0000000031595846e-05,4,1,0,1,0,1,0,0.5,4500.0677,94.99197799999999,27.00040728001629,0,5
1110.75,1.5,10.5,-2.0,4500.159,94.979935,0.027699999999640568,-0.0020000000004074536,-0.00010000000020227162,-0.004014999999995439,5.000000015797923e-06,1.5000000033182914e-05,5,1,0,1,0,1,0,0.5,4500.082916666666,94.98997083333335,32.40059829602393,0,6
1110.25,1.5,10.5,-2.0,4500.185,94.975914,0.026000000000749424,-0.001699999998891144,0.00030000000151630957,-0.004020999999994501,-5.999999999062311e-06,-1.1000000014860234e-05,6,1,0,1,0,1,0,0.5,4500.0975,94.98796271428571,37.80082051203282,0,7
1110.25,1.5,10.5,-2.0,4500.209,94.97189,0.023999999999432475,-0.0020000000013169483,-0.00030000000242580427,-0.004024000000001138,-3.000000006636583e-06,2.999999992425728e-06,7,1,0,1,0,1,0,0.5,4500.1114375,94.98595362500001,43.20107152804286,0,8
1110.0,1.5,10.5,-2.0,4500.2305,94.96787,0.021499999999832653,-0.0024999999995998223,-0.000499999998282874,-0.004019999999997026,4.0000000041118255e-06,7.000000010748408e-06,8,1,0,1,0,1,0,0.5,4500.124666666667,94.98394433333334,48.60134834405393,0,9
1111.75,1.5,10.5,-2.0,4500.2505,94.963844,0.020000000000436557,-0.0014999999993960955,0.0010000000002037268,-0.004026000000010299,-6.000000013273166e-06,-1.0000000017384991e-05,9,1,0,1,0,1,0,0.5,4500.13725,94.9819343,54.001649160065966,0,10
1113.25,1.5,10.5,-2.0,4500.268,94.959816,0.01749999999992724,-0.002500000000509317,-0.0010000000011132215,-0.004027999999991039,-1.9999999807396307e-06,4.000000032533535e-06,10,1,0,1,0,1,0,0.5,4500.149136363637,94.97992354545454,59.401970976078836,0,11
1113.0,1.5,10.5,-2.0,4500.2837,94.95579,0.01569999999992433,-0.0018000000000029104,0.0007000000005064066,-0.004026000000010299,1.9999999807396307e-06,3.999999961479261e-06,11,1,0,1,0,1,0,0.5,4500.16035,94.97791241666665,64.80231163209247,0,12
1114.25,1.5,10.5,-2.0,4500.2974,94.95176,0.013700000000426371,-0.001999999999497959,-0.00019999999949504854,-0.0040300000000002,-3.999999989900971e-06,-5.9999999706406015e-06,12,1,0,1,0,1,0,0.5,4500.170892307692,94.9759006923077,70.20266872810674,0,13
1110.75,1.5,10.5,-2.0,4500.309,94.94773,0.011599999999816646,-0.0021000000006097252,-0.00010000000111176632,-0.004029999999985989,1.4210854715202004e-14,4.0000000041118255e-06,13,1,0,1,0,1,0,0.5,4500.180757142857,94.9738885,75.60303974412159,0,14
1110.25,1.5,10.5,-2.0,4500.319,94.943695,0.010000000000218279,-0.0015999999995983671,0.0005000000010113581,-0.004035000000001787,-5.000000015797923e-06,-5.000000030008778e-06,14,1,0,1,0,1,0,0.5,4500.189973333333,94.9718756,81.00342276013691,0,15
1111.25,1.5,10.5,-2.0,4500.3267,94.93966,0.00769999999920401,-0.0023000000010142685,-0.0007000000014159014,-0.004035000000001787,0.0,5.000000015797923e-06,15,1,0,1,0,1,0,0.5,4500.19851875,94.969862125,86.4038150161526,0,16
1111.25,1.5,10.5,-2.0,4500.3325,94.93562,0.005800000000817818,-0.0018999999983861926,0.0004000000026280759,-0.004040000000003374,-5.000000001587068e-06,-5.000000001587068e-06,16,1,0,1,0,1,0,0.5,4500.2064,94.96784788235294,91.80421423216856,0,17
1112.75,1.5,10.5,-2.0,4500.3364,94.93159,0.003899999999703141,-0.0019000000011146767,-2.7284841053187847e-12,-0.0040300000000002,1.0000000003174137e-05,1.5000000004761205e-05,17,1,0,1,0,1,0,0.5,4500.213622222222,94.96583355555555,97.20461812818472,0,18
1111.75,1.5,10.5,-2.0,4500.338,94.92754,0.0015999999995983671,-0.002300000000104774,-0.0003999999989900971,-0.004050000000006548,-2.0000000006348273e-05,-3.000000000952241e-05,18,1,0,1,0,1,0,0.5,4500.220168421052,94.96381810526316,102.60502394420095,0,19
1112.75,1.5,10.5,-2.0,4500.338,94.9235,0.0,-0.0015999999995983671,0.0007000000005064066,-0.004039999999989163,1.0000000017384991e-05,3.0000000023733264e-05,19,1,0,1,0,1,0,0.5,4500.22606,94.9618022,108.0054297602172,0,20
1113.0,1.5,10.5,-2.0,4500.3354,94.91946,-0.002599999999802094,-0.002599999999802094,-0.0010000000002037268,-0.004040000000003374,-1.4210854715202004e-14,-1.0000000031595846e-05,20,1,0,1,0,1,0,0.5,4500.231266666667,94.9597859047619,113.4058324562333,0,21
1113.0,1.5,10.5,-2.0,4500.3315,94.91541,-0.003899999999703141,-0.001299999999901047,0.001299999999901047,-0.004050000000006548,-1.0000000003174137e-05,-9.999999988963282e-06,21,1,0,1,0,1,0,0.5,4500.2358227272725,94.95776881818182,118.80623047224921,0,22
1111.75,1.5,10.5,-2.0,4500.325,94.91136,-0.00650000000041473,-0.0026000000007115887,-0.0013000000008105417,-0.0040499999999923375,1.4210854715202004e-14,1.0000000017384991e-05,22,1,0,1,0,1,0,0.5,4500.2397,94.95575104347826,124.20662068826482,0,23
1112.25,1.5,10.5,-2.0,4500.317,94.90731,-0.007999999999810825,-0.0014999999993960955,0.0011000000013154931,-0.004050000000006548,-1.4210854715202004e-14,-2.842170943040401e-14,23,1,0,1,0,1,0,0.5,4500.242920833333,94.95373266666667,129.60700130428006,0,24
1110.75,1.5,10.5,-2.0,4500.3066,94.90326,-0.01040000000011787,-0.0024000000003070454,-0.0009000000009109499,-0.0040499999999923375,1.4210854715202004e-14,2.842170943040401e-14,24,1,0,1,0,1,0,0.5,4500.245468,94.95171376,135.00736944029478,0,25
1111.25,1.5,10.5,-2.0,4500.295,94.89921,-0.011599999999816646,-0.0011999999996987754,0.00120000000060827,-0.004050000000006548,-1.4210854715202004e-14,-2.842170943040401e-14,25,1,0,1,0,1,0,0.5,4500.247373076923,94.94969438461538,140.40772365630895,0,26
1111.75,1.5,10.5,-2.0,4500.281,94.89516,-0.014000000000123691,-0.0024000000003070454,-0.00120000000060827,-0.0040499999999923375,1.4210854715202004e-14,2.842170943040401e-14,26,1,0,1,0,1,0,0.5,4500.248618518519,94.94767459259259,145.80806107232243,0,27
1112.25,1.5,10.5,-2.0,4500.2646,94.8911,-0.016399999999521242,-0.0023999999993975507,9.094947017729282e-13,-0.0040600000000097225,-1.0000000017384991e-05,-1.0000000031595846e-05,27,1,0,1,0,1,0,0.5,4500.249189285714,94.94565407142856,151.20837880833514,0,28
1113.25,1.5,10.5,-2.0,4500.2466,94.88704,-0.018000000000029104,-0.0016000000005078618,0.0007999999988896889,-0.004059999999995512,1.4210854715202004e-14,1.0000000031595846e-05,28,1,0,1,0,1,0,0.5,4500.2491,94.94363289655172,156.608674944347,0,29
1113.25,1.5,10.5,-2.0,4500.226,94.88298,-0.020600000000740692,-0.0026000000007115887,-0.0010000000002037268,-0.004059999999995512,0.0,-1.4210854715202004e-14,29,1,0,1,0,1,0,0.5,4500.24833,94.94161113333332,162.00894636035787,0,30
1113.25,1.5,10.5,-2.0,4500.204,94.87892,-0.021999999999934516,-0.001399999999193824,0.0012000000015177648,-0.0040600000000097225,-1.4210854715202004e-14,-1.4210854715202004e-14,30,1,0,1,0,1,0,0.5,4500.2469,94.93958883870968,167.40919137636766,0,31
1113.25,1.5,10.5,-2.0,4500.18,94.87486,-0.023999999999432475,-0.001999999999497959,-0.000600000000304135,-0.004059999999995512,1.4210854715202004e-14,2.842170943040401e-14,31,1,0,1,0,1,0,0.5,4500.244809375,94.9375660625,172.80940759237632,0,32
1114.25,1.5,10.5,-2.0,4500.1543,94.8708,-0.02570000000014261,-0.0017000000007101335,0.00029999999878782546,-0.004059999999995512,0.0,-1.4210854715202004e-14,32,1,0,1,0,1,0,0.5,4500.242066666667,94.93554284848484,178.20959296838373,0,33
1114.25,1.5,10.5,-2.0,4500.1265,94.86673,-0.02779999999984284,-0.0020999999997002305,-0.0003999999989900971,-0.004069999999998686,-1.0000000003174137e-05,-1.0000000003174137e-05,33,1,0,1,0,1,0,0.5,4500.238667647059,94.93351894117647,183.6097449843898,0,34
1114.0,1.5,10.5,-2.0,4500.0967,94.86266,-0.029800000000250293,-0.0020000000004074536,9.999999929277692e-05,-0.004069999999998686,0.0,1.0000000003174137e-05,34,1,0,1,0,1,0,0.5,4500.234611428571,94.9314944,189.00986124039446,0,35
1114.25,1.5,10.5,-2.0,4500.0645,94.8586,-0.032199999999647844,-0.0023999999993975507,-0.0003999999989900971,-0.0040600000000097225,9.999999988963282e-06,9.999999988963282e-06,35,1,0,1,0,1,0,0.5,4500.229886111111,94.92946955555556,194.40993885639756,0,36
1114.25,1.5,10.5,-2.0,4500.031,94.85452,-0.033500000000458385,-0.0013000000008105417,0.001099999998587009,-0.00408000000000186,-1.9999999992137418e-05,-2.99999999811007e-05,36,1,0,1,0,1,0,0.5,4500.224510810811,94.92744389189188,199.80997627239904,0,37
1114.0,1.5,10.5,-2.0,4499.995,94.85045,-0.03600000000005821,-0.0024999999995998223,-0.0011999999987892807,-0.004069999999998686,1.0000000003174137e-05,2.9999999995311555e-05,37,1,0,1,0,1,0,0.5,4500.218471052632,94.9254177368421,205.20997048839882,0,38
1115.75,1.5,10.5,-2.0,4499.957,94.84638,-0.03799999999955617,-0.001999999999497959,0.0005000000001018634,-0.004069999999998686,0.0,-1.0000000003174137e-05,38,1,0,1,0,1,0,0.5,4500.211766666667,94.92339112820514,210.60991910439677,0,39
1115.75,1.5,10.5,-2.0,4499.9175,94.8423,-0.03950000000077125,-0.001500000001215085,0.000499999998282874,-0.00408000000000186,-1.0000000003174137e-05,-1.0000000003174137e-05,39,1,0,1,0,1,0,0.5,4500.20441,94.92136385,216.0098203203928,0,40
1114.25,1.5,10.5,-2.0,4499.876,94.83823,-0.041499999999359716,-0.0019999999985884642,-0.0004999999973733793,-0.004069999999998686,1.0000000003174137e-05,2.0000000006348273e-05,40,1,0,1,0,1,0,0.5,4500.196400000001,94.91933619512194,221.40967173638688,0,41
1114.25,1.5,10.5,-2.0,4499.832,94.83415,-0.04399999999986903,-0.002500000000509317,-0.0005000000019208528,-0.00408000000000186,-1.0000000003174137e-05,-2.0000000006348273e-05,41,1,0,1,0,1,0,0.5,4500.187723809524,94.91730795238095,226.8094703523788,0,42
1114.5,1.5,10.5,-2.0,4499.7866,94.83007,-0.04539999999997235,-0.0014000000001033186,0.0011000000004059984,-0.004079999999987649,1.4210854715202004e-14,1.0000000017384991e-05,42,1,0,1,0,1,0,0.5,4500.1783953488375,94.9152791627907,232.2092144883686,0,43
1114.75,1.5,10.5,-2.0,4499.7393,94.82599,-0.04730000000017753,-0.001900000000205182,-0.0005000000001018634,-0.00408000000000186,-1.4210854715202004e-14,-2.842170943040401e-14,43,1,0,1,0,1,0,0.5,4500.168415909091,94.91324986363635,237.60890186435608,0,44
1114.5,1.5,10.5,-2.0,4499.6895,94.82191,-0.049799999999777356,-0.0024999999995998223,-0.0005999999993946403,-0.00408000000000186,0.0,1.4210854715202004e-14,44,1,0,1,0,1,0,0.5,4500.157773333333,94.9112200888889,243.0085294803412,0,45
1115.75,1.5,10.5,-2.0,4499.638,94.817825,-0.05150000000048749,-0.0017000000007101335,0.0007999999988896889,-0.004085000000003447,-5.000000001587068e-06,-5.000000001587068e-06,45,1,0,1,0,1,0,0.5,4500.146473913043,94.90918976086955,248.4080952963238,0,46
1114.75,1.5,10.5,-2.0,4499.5845,94.813736,-0.05349999999998545,-0.001999999999497959,-0.00029999999878782546,-0.004088999999993348,-3.999999989900971e-06,1.0000000116860974e-06,46,1,0,1,0,1,0,0.5,4500.134517021276,94.90715882978722,253.8075969123039,0,47
1115.75,1.5,10.5,-2.0,4499.5293,94.809654,-0.05519999999978609,-0.0016999999998006388,0.00029999999969732016,-0.004082000000011021,6.999999982326699e-06,1.099999997222767e-05,47,1,0,1,0,1,0,0.5,4500.1219083333335,94.90512747916667,259.2070322882813,0,48
1114.75,1.5,10.5,-2.0,4499.472,94.805565,-0.05730000000039581,-0.0021000000006097252,-0.0004000000008090865,-0.004088999999993348,-6.999999982326699e-06,-1.3999999964653398e-05,48,1,0,1,0,1,0,0.5,4500.1086448979595,94.90309559183673,264.60639890425597,0,49
1116.75,1.5,10.5,-2.0,4499.413,94.801476,-0.05900000000019645,-0.0016999999998006388,0.0004000000008090865,-0.004089000000007559,-1.4210854715202004e-14,6.999999968115844e-06,49,1,0,1,0,1,0,0.5,4500.0947320000005,94.90106320000001,270.0056947202278,0,50
1116.75,1.5,10.5,-2.0,4499.3516,94.797386,-0.061399999999594,-0.0023999999993975507,-0.000699999999596912,-0.004089999999990823,-9.99999983264388e-07,-9.999999690535333e-07,50,1,0,1,0,1,0,0.5,4500.080160784314,94.89903031372549,275.4049168561967,0,51
1114.75,1.5,10.5,-2.0,4499.2886,94.7933,-0.06300000000010186,-0.0016000000005078618,0.0007999999988896889,-0.004086000000000922,3.999999989900971e-06,4.999999973165359e-06,51,1,0,1,0,1,0,0.5,4500.064938461538,94.89699703846154,280.80406339216256,0,52
1115.25,1.5,10.5,-2.0,4499.2236,94.7892,-0.06499999999959982,-0.001999999999497959,-0.0003999999989900971,-0.004100000000008208,-1.4000000007285962e-05,-1.7999999997186933e-05,52,1,0,1,0,1,0,0.5,4500.049064150943,94.89496313207547,286.2031319281253,0,53
1116.75,1.5,10.5,-2.0,4499.1567,94.78511,-0.0669000000007145,-0.0019000000011146767,9.999999838328222e-05,-0.004089999999990823,1.0000000017384991e-05,2.4000000024670953e-05,53,1,0,1,0,1,0,0.5,4500.032538888889,94.89292881481481,291.6021201840848,0,54
1116.25,1.5,10.5,-2.0,4499.088,94.78101,-0.06869999999980791,-0.0017999999990934157,0.00010000000202126103,-0.004100000000008208,-1.0000000017384991e-05,-2.0000000034769982e-05,54,1,0,1,0,1,0,0.5,4500.015365454546,94.89089392727271,297.00102600004107,0,55
1115.75,1.5,10.5,-2.0,4499.017,94.77692,-0.07099999999991269,-0.002300000000104774,-0.0005000000010113581,-0.004089999999990823,1.0000000017384991e-05,2.0000000034769982e-05,55,1,0,1,0,1,0,0.5,4499.9975375,94.88885867857142,302.39984661599385,0,56
1114.75,1.5,10.5,-2.0,4498.9443,94.77282,-0.07269999999971333,-0.0016999999998006388,0.000600000000304135,-0.004100000000008208,-1.0000000017384991e-05,-2.0000000034769982e-05,56,1,0,1,0,1,0,0.5,4499.979059649123,94.8868229122807,307.7985799919432,0,57
1115.75,1.5,10.5,-2.0,4498.8696,94.768715,-0.07470000000012078,-0.0020000000004074536,-0.00030000000060681487,-0.004104999999995584,-4.9999999873762135e-06,5.000000030008778e-06,57,1,0,1,0,1,0,0.5,4499.959931034483,94.88478656896552,313.19722372788897,0,58
1115.5,1.5,10.5,-2.0,4498.793,94.76462,-0.07660000000032596,-0.001900000000205182,0.00010000000020227162,-0.004095000000006621,9.999999988963282e-06,1.4999999976339495e-05,58,1,0,1,0,1,0,0.5,4499.940152542373,94.88274984745763,318.595775543831,0,59
1114.75,1.5,10.5,-2.0,4498.7144,94.76051,-0.07859999999982392,-0.001999999999497959,-9.999999929277692e-05,-0.0041099999999971715,-1.499999999055035e-05,-2.4999999979513632e-05,59,1,0,1,0,1,0,0.5,4499.919723333333,94.88071251666666,323.9942330397693,0,60
1113.75,1.5,10.5,-2.0,4498.634,94.75641,-0.08039999999982683,-0.0018000000000029104,0.00019999999949504854,-0.004099999999993997,1.0000000003174137e-05,2.4999999993724487e-05,60,1,0,1,0,1,0,0.5,4499.89864590164,94.8786747704918,329.39259405570374,0,61
1114.75,1.5,10.5,-2.0,4498.5513,94.752304,-0.0826999999999316,-0.002300000000104774,-0.0005000000001018634,-0.0041060000000072705,-6.000000013273166e-06,-1.6000000016447302e-05,61,1,0,1,0,1,0,0.5,4499.876914516129,94.87663653225806,334.79085583163425,0,62
1117.25,1.5,10.5,-2.0,4498.467,94.7482,-0.08430000000043947,-0.0016000000005078618,0.000699999999596912,-0.004103999999998109,2.00000000916134e-06,8.000000022434506e-06,62,1,0,1,0,1,0,0.5,4499.854534920635,94.87459785714286,340.1890164475607,0,63
1117.25,1.5,10.5,-2.0,4498.381,94.744095,-0.08599999999933061,-0.001699999998891144,-9.999999838328222e-05,-0.004104999999995584,-9.999999974752427e-07,-3.000000006636583e-06,63,1,0,1,0,1,0,0.5,4499.8315109375,94.87255875,345.58707386348294,0,64
1116.25,1.5,10.5,-2.0,4498.2925,94.73998,-0.08850000000074942,-0.0025000000014188117,-0.0008000000025276677,-0.0041149999999987585,-1.0000000003174137e-05,-9.000000005698894e-06,64,1,0,1,0,1,0,0.5,4499.807833846154,94.87051907692307,350.985025079401,0,65
1116.5,1.5,10.5,-2.0,4498.2026,94.73588,-0.08989999999994325,-0.001399999999193824,0.0011000000022249878,-0.004100000000008208,1.499999999055035e-05,2.4999999993724487e-05,65,1,0,1,0,1,0,0.5,4499.783512121212,94.86847909090909,356.38286841531476,0,66
1114.75,1.5,10.5,-2.0,4498.1104,94.731766,-0.09220000000004802,-0.002300000000104774,-0.0009000000009109499,-0.004114000000001283,-1.3999999993075107e-05,-2.8999999983625457e-05,66,1,0,1,0,1,0,0.5,4499.758540298508,94.86643859701492,361.78060111122403,0,67
1115.25,1.5,10.5,-2.0,4498.0166,94.72765,-0.09379999999964639,-0.0015999999995983671,0.0007000000005064066,-0.004115999999996234,-1.9999999949504854e-06,1.1999999998124622e-05,67,1,0,1,0,1,0,0.5,4499.732923529412,94.86439758823529,367.1782212471289,0,68
1115.5,1.5,10.5,-2.0,4497.921,94.72354,-0.0955999999996493,-0.0018000000000029104,-0.00020000000040454324,-0.0041099999999971715,5.999999999062311e-06,7.999999994012796e-06,68,1,0,1,0,1,0,0.5,4499.7066637681155,94.86235617391304,372.57572666302906,0,69
1116.25,1.5,10.5,-2.0,4497.823,94.71942,-0.09799999999995634,-0.0024000000003070454,-0.000600000000304135,-0.004120000000000346,-1.0000000003174137e-05,-1.6000000002236447e-05,69,1,0,1,0,1,0,0.5,4499.679754285714,94.86031422857143,377.9731144789246,0,70
1115.75,1.5,10.5,-2.0,4497.7236,94.71531,-0.09940000000005966,-0.0014000000001033186,0.0010000000002037268,-0.0041099999999971715,1.0000000003174137e-05,2.0000000006348273e-05,70,1,0,1,0,1,0,0.5,4499.652202816901,94.85827191549295,383.37038301481533,0,71
1114.25,1.5,10.5,-2.0,4497.622,94.7112,-0.10159999999996217,-0.002199999999902502,-0.0007999999997991836,-0.0041099999999971715,0.0,-1.0000000003174137e-05,71,1,0,1,0,1,0,0.5,4499.624005555555,94.85622925,388.7675296307012,0,72
1114.25,1.5,10.5,-2.0,4497.5186,94.70708,-0.10339999999996508,-0.0018000000000029104,0.0003999999998995918,-0.004120000000000346,-1.0000000003174137e-05,-1.0000000003174137e-05,72,1,0,1,0,1,0,0.5,4499.5951643835615,94.85418610958904,394.1645521665821,0,73
1114.0,1.5,10.5,-2.0,4497.413,94.70296,-0.10560000000077707,-0.002200000000811997,-0.0004000000008090865,-0.004120000000000346,0.0,1.0000000003174137e-05,73,1,0,1,0,1,0,0.5,4499.565675675675,94.85214251351351,399.56144798245793,0,74
1114.0,1.5,10.5,-2.0,4497.306,94.69884,-0.1069999999999709,-0.001399999999193824,0.000800000001618173,-0.004120000000000346,0.0,0.0,74,1,0,1,0,1,0,0.5,4499.535546666667,94.85009848,404.9582153983286,0,75
1113.75,1.5,10.5,-2.0,4497.197,94.69472,-0.10899999999946886,-0.001999999999497959,-0.000600000000304135,-0.004120000000000346,0.0,0.0,75,1,0,1,0,1,0,0.5,4499.50477631579,94.84805402631578,410.3548520141941,0,76
1113.25,1.5,10.5,-2.0,4497.086,94.6906,-0.11099999999987631,-0.0020000000004074536,-9.094947017729282e-13,-0.004120000000000346,0.0,0.0,76,1,0,1,0,1,0,0.5,4499.4733636363635,94.84600916883116,415.7513554300542,0,77
1114.25,1.5,10.5,-2.0,4496.9727,94.68647,-0.11329999999998108,-0.002300000000104774,-0.00029999999969732016,-0.00413000000000352,-1.0000000003174137e-05,-1.0000000003174137e-05,77,1,0,1,0,1,0,0.5,4499.441303846154,94.8439637948718,421.14772288590893,0,78
1113.75,1.5,10.5,-2.0,4496.858,94.68235,-0.1147000000000844,-0.0014000000001033186,0.0009000000000014552,-0.004120000000000346,1.0000000003174137e-05,2.0000000006348273e-05,78,1,0,1,0,1,0,0.5,4499.4086037974685,94.84191805063291,426.5439527017581,0,79
1113.5,1.5,10.5,-2.0,4496.741,94.67822,-0.11700000000018917,-0.002300000000104774,-0.0009000000000014552,-0.00413000000000352,-1.0000000003174137e-05,-2.0000000006348273e-05,79,1,0,1,0,1,0,0.5,4499.37525875,94.839871825,431.9400421176017,0,80
1114.25,1.5,10.5,-2.0,4496.6226,94.674095,-0.1184000000002925,-0.0014000000001033186,0.0009000000000014552,-0.004125000000001933,5.000000001587068e-06,1.5000000004761205e-05,80,1,0,1,0,1,0,0.5,4499.341275308642,94.83782519753086,437.3359894534396,0,81
1114.25,1.5,10.5,-2.0,4496.502,94.66997,-0.1205999999992855,-0.0021999999989930075,-0.0007999999988896889,-0.004124999999987722,1.4210854715202004e-14,-4.9999999873762135e-06,81,1,0,1,0,1,0,0.5,4499.3066499999995,94.83577818292683,442.7317920692717,0,82
1115.25,1.5,10.5,-2.0,4496.38,94.66584,-0.12200000000029831,-0.0014000000010128133,0.0007999999979801942,-0.00413000000000352,-5.000000015797923e-06,-5.000000030008778e-06,82,1,0,1,0,1,0,0.5,4499.271389156626,94.83373073493976,448.12744828509796,0,83
1115.25,1.5,10.5,-2.0,4496.2554,94.66171,-0.12460000000010041,-0.002599999999802094,-0.0011999999987892807,-0.00413000000000352,0.0,5.000000015797923e-06,83,1,0,1,0,1,0,0.5,4499.23548452381,94.83168286904763,453.5229549809182,0,84
1115.5,1.5,10.5,-2.0,4496.1294,94.657585,-0.12600000000020373,-0.0014000000001033186,0.0011999999996987754,-0.004125000000001933,5.000000001587068e-06,5.000000001587068e-06,84,1,0,1,0,1,0,0.5,4499.198942352941,94.82963465882354,458.9183104767324,0,85
1117.25,1.5,10.5,-2.0,4496.001,94.65346,-0.12839999999960128,-0.0023999999993975507,-0.0009999999992942321,-0.004125000000001933,0.0,-5.000000001587068e-06,85,1,0,1,0,1,0,0.5,4499.161756976744,94.82758611627906,464.3135118925405,0,86
1117.25,1.5,10.5,-2.0,4495.871,94.64932,-0.13000000000010914,-0.0016000000005078618,0.0007999999988896889,-0.004139999999992483,-1.499999999055035e-05,-1.499999999055035e-05,86,1,0,1,0,1,0,0.5,4499.123932183908,94.82553708045977,469.7085573083423,0,87
1116.75,1.5,10.5,-2.0,4495.7393,94.64519,-0.13169999999990978,-0.0016999999998006388,-9.999999929277692e-05,-0.00413000000000352,9.999999988963282e-06,2.4999999979513632e-05,87,1,0,1,0,1,0,0.5,4499.085470454545,94.82348768181818,475.1034446841378,0,88
1115.75,1.5,10.5,-2.0,4495.606,94.64106,-0.13330000000041764,-0.0016000000005078618,9.999999929277692e-05,-0.00413000000000352,0.0,-9.999999988963282e-06,88,1,0,1,0,1,0,0.5,4499.046375280899,94.82143793258426,480.4981720999269,0,89
1114.75,1.5,10.5,-2.0,4495.47,94.636925,-0.1359999999995125,-0.002699999999094871,-0.001099999998587009,-0.004134999999990896,-4.9999999873762135e-06,-4.9999999873762135e-06,89,1,0,1,0,1,0,0.5,4499.006637777778,94.81938778888889,485.89273631570944,0,90
1115.0,1.5,10.5,-2.0,4495.3325,94.63279,-0.1374999999998181,-0.0015000000003055902,0.0011999999987892807,-0.004135000000005107,-1.4210854715202004e-14,4.999999973165359e-06,90,1,0,1,0,1,0,0.5,4498.966262637363,94.81733726373626,491.28713553148543,0,91
1116.25,1.5,10.5,-2.0,4495.1934,94.62865,-0.13910000000032596,-0.0016000000005078618,-0.00010000000020227162,-0.004140000000006694,-5.000000001587068e-06,-4.9999999873762135e-06,91,1,0,1,0,1,0,0.5,4498.925253260869,94.81528631521739,496.6813678272547,0,92
1115.75,1.5,10.5,-2.0,4495.0522,94.62451,-0.1412000000000262,-0.0020999999997002305,-0.0004999999991923687,-0.004139999999992483,1.4210854715202004e-14,5.000000015797923e-06,92,1,0,1,0,1,0,0.5,4498.883607526882,94.81323495698925,502.0754306830172,0,93
1115.75,1.5,10.5,-2.0,4494.909,94.62038,-0.14320000000043365,-0.0020000000004074536,9.999999929277692e-05,-0.00413000000000352,9.999999988963282e-06,9.999999974752427e-06,93,1,0,1,0,1,0,0.5,4498.841324468085,94.81118330851064,507.4693216987729,0,94
1114.75,1.5,10.5,-2.0,4494.764,94.616234,-0.14499999999952706,-0.0017999999990934157,0.00020000000131403795,-0.004145999999991545,-1.5999999988025593e-05,-2.5999999976988875e-05,94,1,0,1,0,1,0,0.5,4498.798405263158,94.8091312105263,512.8630387145215,0,95
1112.75,1.5,10.5,-2.0,4494.6177,94.6121,-0.1463000000003376,-0.0013000000008105417,0.000499999998282874,-0.004134000000007632,1.1999999983913767e-05,2.799999997193936e-05,95,1,0,1,0,1,0,0.5,4498.754856250001,94.80707880208332,518.2565801702632,0,96
1113.75,1.5,10.5,-2.0,4494.4688,94.607956,-0.1489000000001397,-0.002599999999802094,-0.0012999999989915523,-0.004143999999996595,-9.999999988963282e-06,-2.199999997287705e-05,96,1,0,1,0,1,0,0.5,4498.7106701030925,94.80502598969072,523.6499429459977,0,97
1114.75,1.5,10.5,-2.0,4494.3184,94.60381,-0.1503999999995358,-0.0014999999993960955,0.0011000000004059984,-0.004146000000005756,-2.00000000916134e-06,7.999999979801942e-06,97,1,0,1,0,1,0,0.5,4498.665851020408,94.80297276530612,529.043125241725,0,98
1113.25,1.5,10.5,-2.0,4494.166,94.59967,-0.15239999999994325,-0.0020000000004074536,-0.0005000000010113581,-0.004139999999992483,6.000000013273166e-06,8.000000022434506e-06,98,1,0,1,0,1,0,0.5,4498.620397979798,94.8009192020202,534.436124657445,0,99
1114.25,1.5,10.5,-2.0,4494.0117,94.59553,-0.15430000000014843,-0.001900000000205182,0.00010000000020227162,-0.004140000000006694,-1.4210854715202004e-14,-6.00000002748402e-06,99,1,0,1,0,1,0,0.5,4498.574311,94.79886531,539.8289389131576,0,100
1115.25,1.5,10.5,-2.0,4493.8555,94.591385,-0.1562000000003536,-0.001900000000205182,0.0,-0.00414499999999407,-4.9999999873762135e-06,-4.999999973165359e-06,100,1,0,1,0,1,0,0.5,4498.52759009901,94.79681104950495,545.2215657288626,0,101
1115.75,1.5,10.5,-2.0,4493.6978,94.58724,-0.1576999999997497,-0.0014999999993960955,0.0004000000008090865,-0.004145000000008281,-1.4210854715202004e-14,4.999999973165359e-06,101,1,0,1,0,1,0,0.5,4498.480239215686,94.79475643137255,550.6140033045601,0,102
1115.75,1.5,10.5,-2.0,4493.5376,94.5831,-0.16020000000025902,-0.002500000000509317,-0.0010000000011132215,-0.004139999999992483,5.000000015797923e-06,5.000000030008778e-06,102,1,0,1,0,1,0,0.5,4498.432252427185,94.7927015145631,556.00624864025,0,103
1116.75,1.5,10.5,-2.0,4493.376,94.57895,-0.16159999999945285,-0.001399999999193824,0.0011000000013154931,-0.004149999999995657,-1.0000000003174137e-05,-1.500000001897206e-05,103,1,0,1,0,1,0,0.5,4498.383634615385,94.79064621153846,561.398300055932,0,104
1116.5,1.5,10.5,-2.0,4493.2124,94.57481,-0.1635999999998603,-0.0020000000004074536,-0.0006000000012136297,-0.004140000000006694,9.999999988963282e-06,1.9999999992137418e-05,104,1,0,1,0,1,0,0.5,4498.334384761904,94.78859062857143,566.7901551516062,0,105
1116.5,1.5,10.5,-2.0,4493.0474,94.570656,-0.16499999999996362,-0.0014000000001033186,0.000600000000304135,-0.004153999999999769,-1.3999999993075107e-05,-2.399999998203839e-05,105,1,0,1,0,1,0,0.5,4498.28450754717,94.78653464150943,572.1818122472725,0,106
1115.25,1.5,10.5,-2.0,4492.88,94.56651,-0.16740000000027067,-0.0024000000003070454,-0.0010000000002037268,-0.004146000000005756,7.999999994012796e-06,2.1999999987087904e-05,106,1,0,1,0,1,0,0.5,4498.233998130841,94.7844783364486,577.5732684629307,0,107
1115.5,1.5,10.5,-2.0,4492.711,94.56236,-0.16899999999986903,-0.0015999999995983671,0.0008000000007086783,-0.004149999999995657,-3.999999989900971e-06,-1.1999999983913767e-05,107,1,0,1,0,1,0,0.5,4498.182859259259,94.78242168518518,582.9645218785809,0,108
1114.75,1.5,10.5,-2.0,4492.54,94.55821,-0.1710000000002765,-0.0020000000004074536,-0.0004000000008090865,-0.004149999999995657,0.0,3.999999989900971e-06,108,1,0,1,0,1,0,0.5,4498.131089908256,94.7803646972477,588.3555700942228,0,109
1113.75,1.5,10.5,-2.0,4492.367,94.55406,-0.17299999999977445,-0.001999999999497959,9.094947017729282e-13,-0.004149999999995657,0.0,0.0,109,1,0,1,0,1,0,0.5,4498.078689090909,94.77830738181818,593.7464107098564,0,110
1113.75,1.5,10.5,-2.0,4492.1924,94.54991,-0.1746000000002823,-0.0016000000005078618,0.0003999999989900971,-0.004150000000009868,-1.4210854715202004e-14,-1.4210854715202004e-14,110,1,0,1,0,1,0,0.5,4498.025659459459,94.77624974774774,599.1370418054817,0,111
1115.25,1.5,10.5,-2.0,4492.016,94.54576,-0.17640000000028522,-0.0018000000000029104,-0.00019999999949504854,-0.004149999999995657,1.4210854715202004e-14,2.842170943040401e-14,111,1,0,1,0,1,0,0.5,4497.972001785714,94.77419180357143,604.5274612210984,0,112
1115.0,1.5,10.5,-2.0,4491.838,94.54161,-0.17799999999988358,-0.0015999999995983671,0.00020000000040454324,-0.004149999999995657,0.0,-1.4210854715202004e-14,112,1,0,1,0,1,0,0.5,4497.917718584071,94.77213355752212,609.9176670367067,0,113
1115.0,1.5,10.5,-2.0,4491.6577,94.53746,-0.18029999999998836,-0.002300000000104774,-0.0007000000005064066,-0.004150000000009868,-1.4210854715202004e-14,-1.4210854715202004e-14,113,1,0,1,0,1,0,0.5,4497.862806140351,94.77007501754386,615.3076564923063,0,114
1113.75,1.5,10.5,-2.0,4491.4756,94.5333,-0.18209999999999127,-0.0018000000000029104,0.0005000000001018634,-0.004159999999998831,-9.999999988963282e-06,-9.999999974752427e-06,114,1,0,1,0,1,0,0.5,4497.807265217391,94.76801610434782,620.6974274278971,0,115
1115.75,1.5,10.5,-2.0,4491.292,94.52915,-0.18359999999938736,-0.0014999999993960955,0.00030000000060681487,-0.004149999999995657,1.0000000003174137e-05,1.9999999992137418e-05,115,1,0,1,0,1,0,0.5,4497.751099137931,94.7659569137931,626.0869780434791,0,116
1116.75,1.5,10.5,-2.0,4491.1064,94.524994,-0.1856000000007043,-0.0020000000013169483,-0.0005000000019208528,-0.0041559999999947195,-5.999999999062311e-06,-1.6000000002236447e-05,116,1,0,1,0,1,0,0.5,4497.694306837607,94.76389740170941,631.4763059390523,0,117
1117.0,1.5,10.5,-2.0,4490.919,94.52084,-0.18739999999979773,-0.0017999999990934157,0.00020000000222353265,-0.004153999999999769,1.9999999949504854e-06,7.999999994012796e-06,117,1,0,1,0,1,0,0.5,4497.636888983051,94.76183759322033,636.8654089546163,0,118
1117.0,1.5,10.5,-2.0,4490.7295,94.516685,-0.18949999999949796,-0.0020999999997002305,-0.00030000000060681487,-0.004155000000011455,-1.0000000116860974e-06,-3.000000006636583e-06,118,1,0,1,0,1,0,0.5,4497.578843697479,94.75977748739496,642.2542845701714,0,119
1115.25,1.5,10.5,-2.0,4490.5386,94.51253,-0.19090000000051077,-0.0014000000010128133,0.0006999999986874172,-0.004154999999997244,1.4210854715202004e-14,1.0000000258969521e-06,119,1,0,1,0,1,0,0.5,4497.520175,94.75771709166666,647.6429311057173,0,120
1115.25,1.5,10.5,-2.0,4490.3457,94.50838,-0.19290000000000873,-0.001999999999497959,-0.0005999999984851456,-0.004149999999995657,5.000000001587068e-06,4.9999999873762135e-06,120,1,0,1,0,1,0,0.5,4497.460881818182,94.75565645454544,653.0313461612539,0,121
1113.75,1.5,10.5,-2.0,4490.151,94.50422,-0.19470000000001164,-0.0018000000000029104,0.00019999999949504854,-0.004159999999998831,-1.0000000003174137e-05,-1.5000000004761205e-05,121,1,0,1,0,1,0,0.5,4497.400964754098,94.7535955,658.4195275767811,0,122
1114.25,1.5,10.5,-2.0,4489.954,94.50006,-0.19700000000011642,-0.002300000000104774,-0.0005000000001018634,-0.004159999999998831,0.0,1.0000000003174137e-05,122,1,0,1,0,1,0,0.5,4497.340420325203,94.75153423577237,663.807472592299,0,123
1114.25,1.5,10.5,-2.0,4489.756,94.4959,-0.19799999999941065,-0.0009999999992942321,0.0013000000008105417,-0.004159999999998831,0.0,0.0,123,1,0,1,0,1,0,0.5,4497.279255645161,94.74947266935484,669.1951800078072,0,124
1114.75,1.5,10.5,-2.0,4489.5557,94.491745,-0.20030000000042492,-0.0023000000010142685,-0.0013000000017200364,-0.004155000000011455,4.9999999873762135e-06,4.9999999873762135e-06,124,1,0,1,0,1,0,0.5,4497.2174672,94.747410848,674.5826470633059,0,125
1116.75,1.5,10.5,-2.0,4489.3535,94.48759,-0.2021999999997206,-0.0018999999992956873,0.0004000000017185812,-0.004154999999997244,1.4210854715202004e-14,-4.999999973165359e-06,125,1,0,1,0,1,0,0.5,4497.1550547619045,94.74534877777778,679.9698714787949,0,126
1115.25,1.5,10.5,-2.0,4489.15,94.48342,-0.20350000000053114,-0.0013000000008105417,0.0005999999984851456,-0.0041700000000020054,-1.5000000004761205e-05,-1.500000001897206e-05,126,1,0,1,0,1,0,0.5,4497.092022834646,94.74328634645669,685.356851694274,0,127
1116.25,1.5,10.5,-2.0,4488.9443,94.47926,-0.20569999999952415,-0.0021999999989930075,-0.0008999999981824658,-0.004159999999998831,1.0000000003174137e-05,2.500000000793534e-05,127,1,0,1,0,1,0,0.5,4497.02836875,94.741223640625,690.7435850697434,0,128
1116.25,1.5,10.5,-2.0,4488.737,94.475105,-0.20730000000003201,-0.0016000000005078618,0.0005999999984851456,-0.004154999999997244,5.000000001587068e-06,-5.000000001587068e-06,128,1,0,1,0,1,0,0.5,4496.964094573644,94.73916070542636,696.1300696852028,0,129
1116.75,1.5,10.5,-2.0,4488.5273,94.47094,-0.20970000000033906,-0.0024000000003070454,-0.0007999999997991836,-0.004165000000000418,-1.0000000003174137e-05,-1.5000000004761205e-05,129,1,0,1,0,1,0,0.5,4496.899196153846,94.73709746923078,701.5163026606521,0,130
1117.0,1.5,10.5,-2.0,4488.3164,94.46678,-0.21090000000003783,-0.0011999999996987754,0.00120000000060827,-0.004159999999998831,5.000000001587068e-06,1.5000000004761205e-05,130,1,0,1,0,1,0,0.5,4496.833678625954,94.73503397709923,706.9022825560913,0,131
1117.0,1.5,10.5,-2.0,4488.1035,94.46262,-0.2128999999995358,-0.001999999999497959,-0.0007999999997991836,-0.004159999999998831,0.0,-5.000000001587068e-06,131,1,0,1,0,1,0,0.5,4496.767540909091,94.7329702348485,712.2880069715203,0,132
1117.75,1.5,10.5,-2.0,4487.8887,94.45846,-0.21479999999974098,-0.001900000000205182,9.999999929277692e-05,-0.004159999999998831,0.0,0.0,132,1,0,1,0,1,0,0.5,4496.700782706766,94.7309062481203,717.673473626939,0,133
1117.25,1.4,10.5,-2.0,4487.672,94.4543,-0.21670000000085565,-0.0019000000011146767,-9.094947017729282e-13,-0.004159999999998831,0.0,0.0,133,1,0,1,0,1,0,0.6000000000000001,4496.633403731344,94.72884202238806,723.0586802423472,0,134
1116.75,1.4,10.5,-2.0,4487.4536,94.450134,-0.2183999999997468,-0.001699999998891144,0.00020000000222353265,-0.004165999999997894,-5.999999999062311e-06,-5.999999999062311e-06,134,1,0,1,0,1,0,0.6000000000000001,4496.565405185185,94.72677751851852,728.443624777745,0,135
1116.75,1.4,10.5,-2.0,4487.2334,94.44597,-0.2201999999997497,-0.0018000000000029104,-0.00010000000111176632,-0.004164000000002943,1.9999999949504854e-06,7.999999994012796e-06,135,1,0,1,0,1,0,0.6000000000000001,4496.4967875,94.72471275735293,733.8283050731322,0,136
1115.75,1.4,10.5,-2.0,4487.0117,94.44181,-0.2217000000000553,-0.0015000000003055902,0.00029999999969732016,-0.004159999999998831,4.0000000041118255e-06,2.00000000916134e-06,136,1,0,1,0,1,0,0.6000000000000001,4496.427553284671,94.72264777372263,739.2127193285088,0,137
1117.25,1.4,10.5,-2.0,4486.788,94.437645,-0.22370000000046275,-0.0020000000004074536,-0.0005000000001018634,-0.004165000000000418,-5.000000001587068e-06,-9.000000005698894e-06,137,1,0,1,0,1,0,0.6000000000000001,4496.357701449276,94.72058253623189,744.5968651438747,0,138
1116.75,1.4,10.5,-2.0,4486.5625,94.43348,-0.22549999999955617,-0.0017999999990934157,0.00020000000131403795,-0.004165000000000418,0.0,5.000000001587068e-06,138,1,0,1,0,1,0,0.6000000000000001,4496.2872323741,94.71851705035971,749.9807403592296,0,139
1115.25,1.4,10.5,-2.0,4486.335,94.42931,-0.22749999999996362,-0.0020000000004074536,-0.00020000000131403795,-0.0041700000000020054,-5.000000001587068e-06,-5.000000001587068e-06,139,1,0,1,0,1,0,0.6000000000000001,4496.216144999999,94.71645128571429,755.3643425745737,0,140
1115.0,1.4,10.5,-2.0,4486.106,94.42515,-0.2290000000002692,-0.0015000000003055902,0.0005000000001018634,-0.004159999999998831,1.0000000003174137e-05,1.5000000004761205e-05,140,1,0,1,0,1,0,0.6000000000000001,4496.144441843971,94.71438531914893,760.7476699899069,0,141
1113.25,1.4,10.5,-2.0,4485.875,94.42098,-0.23099999999976717,-0.001999999999497959,-0.0004999999991923687,-0.0041700000000020054,-1.0000000003174137e-05,-2.0000000006348273e-05,141,1,0,1,0,1,0,0.6000000000000001,4496.072121830985,94.71231908450704,766.1307202052288,0,142
1114.25,1.4,10.5,-2.0,4485.6426,94.416824,-0.2323999999998705,-0.0014000000001033186,0.0005999999993946403,-0.0041559999999947195,1.4000000007285962e-05,2.40000000104601e-05,142,1,0,1,0,1,0,0.6000000000000001,4495.9991881118885,94.71025268531469,771.5134915405397,0,143
1115.25,1.4,10.5,-2.0,4485.408,94.41266,-0.234599999999773,-0.002199999999902502,-0.0007999999997991836,-0.004164000000002943,-8.000000008223651e-06,-2.2000000015509613e-05,143,1,0,1,0,1,0,0.6000000000000001,4495.925638194444,94.70818606944445,776.8959813558392,0,144
1115.0,1.4,10.5,-2.0,4485.172,94.40849,-0.2360000000007858,-0.0014000000010128133,0.0007999999988896889,-0.0041700000000020054,-5.999999999062311e-06,2.00000000916134e-06,144,1,0,1,0,1,0,0.6000000000000001,4495.851475172413,94.7061192,782.2781879711275,0,145
1116.25,1.4,10.5,-2.0,4484.9336,94.40432,-0.23839999999927386,-0.002399999998488056,-0.0009999999974752427,-0.0041700000000020054,0.0,5.999999999062311e-06,145,1,0,1,0,1,0,0.6000000000000001,4495.776695205479,94.70405208219178,787.6601085064043,0,146
1115.25,1.4,10.5,-2.0,4484.694,94.400154,-0.23959999999988213,-0.00120000000060827,0.001199999997879786,-0.004165999999997894,4.0000000041118255e-06,4.0000000041118255e-06,146,1,0,1,0,1,0,0.6000000000000001,4495.701302721089,94.70198474829932,793.0417415216697,0,147
1115.0,1.4,10.5,-2.0,4484.452,94.39599,-0.24200000000018917,-0.0024000000003070454,-0.0011999999996987754,-0.004164000000002943,1.9999999949504854e-06,-2.00000000916134e-06,147,1,0,1,0,1,0,0.6000000000000001,4495.625293918919,94.69991721621622,798.4230841369234,0,148
1112.75,1.4,10.5,-2.0,4484.209,94.39182,-0.2430000000003929,-0.0010000000002037268,0.0014000000001033186,-0.0041700000000020054,-5.999999999062311e-06,-7.999999994012796e-06,148,1,0,1,0,1,0,0.6000000000000001,4495.548674496644,94.69784944966443,803.8041351521654,0,149
1111.25,1.4,10.5,-2.0,4483.964,94.38766,-0.24499999999989086,-0.001999999999497959,-0.0009999999992942321,-0.004159999999998831,1.0000000003174137e-05,1.6000000002236447e-05,149,1,0,1,0,1,0,0.6000000000000001,4495.471443333333,94.69578152,809.1848921673957,0,150
1110.75,1.4,10.5,-2.0,4483.717,94.38349,-0.24700000000029831,-0.0020000000004074536,-9.094947017729282e-13,-0.0041700000000020054,-1.0000000003174137e-05,-2.0000000006348273e-05,150,1,0,1,0,1,0,0.6000000000000001,4495.393599337749,94.6937133642384,814.5653527826141,0,151
1110.75,1.4,10.5,-2.0,4483.4683,94.379326,-0.24869999999918946,-0.001699999998891144,0.00030000000151630957,-0.004163999999988732,6.000000013273166e-06,1.6000000016447302e-05,151,1,0,1,0,1,0,0.6000000000000001,4495.315143421052,94.69164502631578,819.9455149578206,0,152
1109.75,1.4,10.5,-2.0,4483.218,94.37516,-0.2503000000006068,-0.0016000000014173565,9.999999747378752e-05,-0.0041660000000121045,-2.000000023372195e-06,-8.00000003664536e-06,152,1,0,1,0,1,0,0.6000000000000001,4495.236077124183,94.68957649673202,825.325376773015,0,153
1110.75,1.4,10.5,-2.0,4482.9653,94.37099,-0.25270000000000437,-0.0023999999993975507,-0.0007999999979801942,-0.004169999999987795,-3.999999975690116e-06,-1.9999999523179213e-06,153,1,0,1,0,1,0,0.6000000000000001,4495.156396753247,94.68750775324676,830.7049353481974,0,154
1111.75,1.4,10.5,-2.0,4482.7114,94.36682,-0.25389999999970314,-0.0011999999996987754,0.0011999999996987754,-0.0041700000000020054,-1.4210854715202004e-14,3.999999961479261e-06,154,1,0,1,0,1,0,0.6000000000000001,4495.076106451614,94.6854388,836.0841892433675,0,155
1112.25,1.4,10.5,-2.0,4482.4556,94.362656,-0.2557999999999083,-0.001900000000205182,-0.0007000000005064066,-0.004164000000002943,5.999999999062311e-06,6.000000013273166e-06,155,1,0,1,0,1,0,0.6000000000000001,4494.995205769231,94.68336967948719,841.4631361785255,0,156
1112.25,1.4,10.5,-2.0,4482.1978,94.35849,-0.2578000000003158,-0.0020000000004074536,-0.00010000000020227162,-0.004165999999997894,-1.9999999949504854e-06,-7.999999994012796e-06,156,1,0,1,0,1,0,0.6000000000000001,4494.913693630573,94.6813003821656,846.841773753671,0,157
1111.75,1.4,10.5,-2.0,4481.9385,94.35432,-0.25929999999971187,-0.0014999999993960955,0.0005000000010113581,-0.0041700000000020054,-4.0000000041118255e-06,-2.00000000916134e-06,157,1,0,1,0,1,0,0.6000000000000001,4494.831572151899,94.67923088607594,852.220100168804,0,158
1109.25,1.4,10.5,-2.0,4481.6772,94.35015,-0.2613000000001193,-0.0020000000004074536,-0.0005000000010113581,-0.0041700000000020054,0.0,4.0000000041118255e-06,158,1,0,1,0,1,0,0.6000000000000001,4494.748840251572,94.67716119496855,857.5981130239245,0,159
1108.25,1.4,10.5,-2.0,4481.4146,94.345985,-0.2626000000000204,-0.001299999999901047,0.0007000000005064066,-0.004165000000000418,5.000000001587068e-06,5.000000001587068e-06,159,1,0,1,0,1,0,0.6000000000000001,4494.66550125,94.67509134375,862.9758107590325,0,160
1109.75,1.4,10.5,-2.0,4481.15,94.34181,-0.2646000000004278,-0.0020000000004074536,-0.0007000000005064066,-0.0041750000000035925,-1.0000000003174137e-05,-1.5000000004761205e-05,160,1,0,1,0,1,0,0.6000000000000001,4494.581554037267,94.67302127329192,868.3531909741276,0,161
1108.75,1.4,10.5,-2.0,4480.884,94.33765,-0.26599999999962165,-0.001399999999193824,0.0006000000012136297,-0.004159999999998831,1.5000000004761205e-05,2.500000000793534e-05,161,1,0,1,0,1,0,0.6000000000000001,4494.4970012345675,94.67095108024691,873.73025198921,0,162
1108.5,1.4,10.5,-2.0,4480.615,94.33348,-0.26900000000023283,-0.0030000000006111804,-0.0016000000014173565,-0.0041700000000020054,-1.0000000003174137e-05,-2.500000000793534e-05,162,1,0,1,0,1,0,0.6000000000000001,4494.411835582822,94.66888070552147,879.1069902042796,0,163
1108.75,1.4,10.5,-2.0,4480.3457,94.32931,-0.26929999999993015,-0.00029999999969732016,0.0027000000009138603,-0.004169999999987795,1.4210854715202004e-14,1.0000000017384991e-05,163,1,0,1,0,1,0,0.6000000000000001,4494.3260664634145,94.66681015243903,884.4834052593362,0,164
1108.75,1.4,10.5,-2.0,4480.0737,94.32514,-0.2719999999999345,-0.0027000000000043656,-0.0024000000003070454,-0.0041700000000020054,-1.4210854715202004e-14,-2.842170943040401e-14,164,1,0,1,0,1,0,0.6000000000000001,4494.239688484849,94.66473942424243,889.8594939143798,0,165
1107.75,1.4,10.5,-2.0,4479.8003,94.32098,-0.27340000000003783,-0.0014000000001033186,0.001299999999901047,-0.004159999999998831,1.0000000003174137e-05,1.0000000017384991e-05,165,1,0,1,0,1,0,0.6000000000000001,4494.152704216867,94.66266858433734,895.2352544894102,0,166
1107.75,1.4,10.5,-2.0,4479.5254,94.3168,-0.27489999999943393,-0.0014999999993960955,-9.999999929277692e-05,-0.00418000000000518,-2.0000000006348273e-05,-3.000000000952241e-05,166,1,0,1,0,1,0,0.6000000000000001,4494.065115568862,94.66059751497006,900.6106851844274,0,167
1109.25,1.4,10.5,-2.0,4479.2485,94.31264,-0.2769000000007509,-0.0020000000013169483,-0.0005000000019208528,-0.004159999999998831,2.0000000006348273e-05,4.0000000012696546e-05,167,1,0,1,0,1,0,0.6000000000000001,4493.976921428572,94.65852633928571,905.9857835994313,0,168
1110.25,1.4,10.5,-2.0,4478.9697,94.30847,-0.27880000000004657,-0.0018999999992956873,0.00010000000202126103,-0.0041700000000020054,-1.0000000003174137e-05,-3.000000000952241e-05,168,1,0,1,0,1,0,0.6000000000000001,4493.888121301776,94.656455,911.3605474544219,0,169
1111.25,1.4,10.5,-2.0,4478.6895,94.3043,-0.2801999999992404,-0.001399999999193824,0.0005000000001018634,-0.0041700000000020054,0.0,1.0000000003174137e-05,169,1,0,1,0,1,0,0.6000000000000001,4493.798717647059,94.6543835,916.734975069399,0,170
1111.25,1.4,10.5,-2.0,4478.407,94.30013,-0.28250000000025466,-0.0023000000010142685,-0.0009000000018204446,-0.0041700000000020054,0.0,0.0,170,1,0,1,0,1,0,0.6000000000000001,4493.708707602339,94.65231184210526,922.1090636843626,0,171
1110.25,1.4,10.5,-2.0,4478.1235,94.29597,-0.2835000000004584,-0.0010000000002037268,0.0013000000008105417,-0.004159999999998831,1.0000000003174137e-05,1.0000000003174137e-05,171,1,0,1,0,1,0,0.6000000000000001,4493.618095930233,94.6502400872093,927.4828120993125,0,172
1112.25,1.4,10.5,-2.0,4477.838,94.2918,-0.28549999999995634,-0.001999999999497959,-0.0009999999992942321,-0.0041700000000020054,-1.0000000003174137e-05,-2.0000000006348273e-05,172,1,0,1,0,1,0,0.6000000000000001,4493.52688150289,94.64816817919075,932.8562179142488,0,173
1114.25,1.4,10.5,-2.0,4477.5503,94.28763,-0.28769999999985885,-0.002199999999902502,-0.00020000000040454324,-0.0041700000000020054,0.0,1.0000000003174137e-05,173,1,0,1,0,1,0,0.6000000000000001,4493.435062068966,94.64609612068965,938.2292784891712,0,174
1113.75,1.4,10.5,-2.0,4477.261,94.28346,-0.2892999999994572,-0.0015999999995983671,0.000600000000304135,-0.004169999999987795,1.4210854715202004e-14,1.4210854715202004e-14,174,1,0,1,0,1,0,0.6000000000000001,4493.342638857143,94.64402391428571,943.6019919040797,0,175
1114.25,1.4,10.5,-2.0,4476.9707,94.2793,-0.29030000000057044,-0.0010000000011132215,0.0005999999984851456,-0.004159999999998831,9.999999988963282e-06,9.999999974752427e-06,175,1,0,1,0,1,0,0.6000000000000001,4493.249616477273,94.64195161931819,948.9743569589742,0,176
1115.75,1.4,10.5,-2.0,4476.678,94.27513,-0.292699999999968,-0.0023999999993975507,-0.0013999999982843292,-0.0041700000000020054,-1.0000000003174137e-05,-1.9999999992137418e-05,176,1,0,1,0,1,0,0.6000000000000001,4493.155991525424,94.63987918079096,954.3463707738548,0,177
1115.25,1.4,10.5,-2.0,4476.384,94.27096,-0.29399999999986903,-0.001299999999901047,0.0010999999994965037,-0.0041700000000020054,0.0,1.0000000003174137e-05,177,1,0,1,0,1,0,0.6000000000000001,4493.061766853933,94.6378066011236,959.7180317887213,0,178
1116.25,1.4,10.5,-2.0,4476.088,94.26679,-0.2960000000002765,-0.0020000000004074536,-0.0007000000005064066,-0.0041700000000020054,0.0,0.0,178,1,0,1,0,1,0,0.6000000000000001,4492.966941340782,94.63573388268155,965.0893376035735,0,179
1116.0,1.4,10.5,-2.0,4475.79,94.26263,-0.29799999999977445,-0.001999999999497959,9.094947017729282e-13,-0.004159999999998831,1.0000000003174137e-05,1.0000000003174137e-05,179,1,0,1,0,1,0,0.6000000000000001,4492.871513888889,94.63366108333334,970.4602858184114,0,180
1113.75,1.4,10.5,-2.0,4475.49,94.25846,-0.3000000000001819,-0.0020000000004074536,-9.094947017729282e-13,-0.0041700000000020054,-1.0000000003174137e-05,-2.0000000006348273e-05,180,1,0,1,0,1,0,0.6000000000000001,4492.775483425415,94.63158814917128,975.830874033235,0,181
1113.75,1.4,10.5,-2.0,4475.1895,94.254295,-0.30049999999937427,-0.0004999999991923687,0.001500000001215085,-0.004165000000000418,5.000000001587068e-06,1.5000000004761205e-05,181,1,0,1,0,1,0,0.6000000000000001,4492.678857142857,94.62951510989011,981.2011016480441,0,182
1114.0,1.4,10.5,-2.0,4474.886,94.25013,-0.30349999999998545,-0.0030000000006111804,-0.0025000000014188117,-0.004165000000000418,0.0,-5.000000001587068e-06,182,1,0,1,0,1,0,0.6000000000000001,4492.581628415301,94.62744196721312,986.5709650628386,0,183
1113.75,1.4,10.5,-2.0,4474.5815,94.245964,-0.3045000000001892,-0.0010000000002037268,0.0020000000004074536,-0.004165999999997894,-9.999999974752427e-07,-9.999999974752427e-07,183,1,0,1,0,1,0,0.6000000000000001,4492.483801630435,94.62536871739131,991.9404630776186,0,184
1113.5,1.4,10.5,-2.0,4474.2754,94.2418,-0.30609999999978754,-0.0015999999995983671,-0.0005999999993946403,-0.004164000000002943,1.9999999949504854e-06,2.999999992425728e-06,184,1,0,1,0,1,0,0.6000000000000001,4492.385377837838,94.62329537297298,997.3095937723838,0,185
1114.75,1.4,10.5,-2.0,4473.9673,94.23763,-0.308100000000195,-0.0020000000004074536,-0.0004000000008090865,-0.0041700000000020054,-5.999999999062311e-06,-7.999999994012796e-06,185,1,0,1,0,1,0,0.6000000000000001,4492.286355913979,94.6212219032258,1002.6783547471342,0,186
1113.25,1.4,10.5,-2.0,4473.657,94.23347,-0.3103000000000975,-0.002199999999902502,-0.00019999999949504854,-0.004159999999998831,1.0000000003174137e-05,1.6000000002236447e-05,186,1,0,1,0,1,0,0.6000000000000001,4492.1867336898395,94.61914836363636,1008.0467433618697,0,187
1113.75,1.4,10.5,-2.0,4473.3457,94.2293,-0.3113000000003012,-0.0010000000002037268,0.0011999999996987754,-0.0041700000000020054,-1.0000000003174137e-05,-2.0000000006348273e-05,187,1,0,1,0,1,0,0.6000000000000001,4492.086515425532,94.61707470212765,1013.4147584165903,0,188
1116.75,1.4,10.5,-2.0,4473.0327,94.225136,-0.31300000000010186,-0.0016999999998006388,-0.000699999999596912,-0.004163999999988732,6.000000013273166e-06,1.6000000016447302e-05,188,1,0,1,0,1,0,0.6000000000000001,4491.985701587302,94.61500095238095,1018.7823978712959,0,189
1115.75,1.4,10.5,-2.0,4472.718,94.22097,-0.3146999999999025,-0.0016999999998006388,0.0,-0.0041660000000121045,-2.000000023372195e-06,-8.00000003664536e-06,189,1,0,1,0,1,0,0.6000000000000001,4491.884292631579,94.61292710526317,1024.1496596859863,0,190
1115.75,1.4,10.5,-2.0,4472.401,94.216805,-0.3170000000000073,-0.002300000000104774,-0.000600000000304135,-0.004165000000000418,1.0000000116860974e-06,3.0000000350582923e-06,190,1,0,1,0,1,0,0.6000000000000001,4491.782285863875,94.61085316753926,1029.5165411006617,0,191
1115.25,1.4,10.5,-2.0,4472.0825,94.21264,-0.31849999999940337,-0.0014999999993960955,0.0008000000007086783,-0.004165000000000418,0.0,-1.0000000116860974e-06,191,1,0,1,0,1,0,0.6000000000000001,4491.6796828125,94.608779140625,1034.8830403153215,0,192
1115.75,1.4,10.5,-2.0,4471.7627,94.20848,-0.3198000000002139,-0.0013000000008105417,0.00019999999858555384,-0.004159999999998831,5.000000001587068e-06,5.000000001587068e-06,192,1,0,1,0,1,0,0.6000000000000001,4491.576486010363,94.60670505181348,1040.2491557699661,0,193
1117.75,1.4,10.5,-2.0,4471.441,94.204315,-0.3217000000004191,-0.001900000000205182,-0.0005999999993946403,-0.004165000000000418,-5.000000001587068e-06,-1.0000000003174137e-05,193,1,0,1,0,1,0,0.6000000000000001,4491.472694845361,94.60463087628865,1045.6148851845953,0,194
1117.5,1.4,10.5,-2.0,4471.117,94.20015,-0.3239999999996144,-0.002299999999195279,-0.0003999999989900971,-0.004165000000000418,0.0,5.000000001587068e-06,194,1,0,1,0,1,0,0.6000000000000001,4491.368306666667,94.60255661538461,1050.980225799209,0,195
1118.25,1.4,10.5,-2.0,4470.792,94.19599,-0.3249999999998181,-0.0010000000002037268,0.0012999999989915523,-0.004159999999998831,5.000000001587068e-06,5.000000001587068e-06,195,1,0,1,0,1,0,0.6000000000000001,4491.263325510204,94.60048229591837,1056.3451764138072,0,196
1116.75,1.4,10.5,-2.0,4470.4653,94.191826,-0.32670000000052823,-0.0017000000007101335,-0.0007000000005064066,-0.004163999999988732,-3.999999989900971e-06,-8.999999991488039e-06,196,1,0,1,0,1,0,0.6000000000000001,4491.15775177665,94.59840789847715,1061.7097349883893,0,197
1114.75,1.4,10.5,-2.0,4470.1367,94.18767,-0.3285999999998239,-0.0018999999992956873,-0.00019999999858555384,-0.00415600000000893,7.999999979801942e-06,1.1999999969702912e-05,197,1,0,1,0,1,0,0.6000000000000001,4491.051584848485,94.59633346464646,1067.073899242956,0,198
1114.75,1.4,10.5,-2.0,4469.806,94.1835,-0.33070000000043365,-0.0021000000006097252,-0.00020000000131403795,-0.0041700000000020054,-1.3999999993075107e-05,-2.199999997287705e-05,198,1,0,1,0,1,0,0.6000000000000001,4490.9448231155775,94.59425892462312,1072.4376666575067,0,199
1116.75,1.4,10.5,-2.0,4469.4746,94.179344,-0.33140000000003056,-0.000699999999596912,0.0014000000010128133,-0.0041559999999947195,1.4000000007285962e-05,2.800000000036107e-05,199,1,0,1,0,1,0,0.6000000000000001,4490.837472,94.59218435000001,1077.8010363920414,0,200
1117.25,1.4,10.5,-2.0,4469.1406,94.175186,-0.33399999999983265,-0.002599999999802094,-0.001900000000205182,-0.004158000000003881,-2.00000000916134e-06,-1.6000000016447302e-05,200,1,0,1,0,1,0,0.6000000000000001,4490.729527363184,94.59010973134329,1083.1640053265603,0,201
1115.75,1.4,10.5,-2.0,4468.805,94.17102,-0.335599999999431,-0.0015999999995983671,0.0010000000002037268,-0.004165999999997894,-7.999999994012796e-06,-5.999999984851456e-06,201,1,0,1,0,1,0,0.6000000000000001,4490.62099009901,94.58803502970297,1088.5265715410628,0,202
1115.25,1.4,10.5,-2.0,4468.4683,94.16686,-0.336699999999837,-0.0011000000004059984,0.0004999999991923687,-0.004159999999998831,5.999999999062311e-06,1.3999999993075107e-05,202,1,0,1,0,1,0,0.6000000000000001,4490.511863546798,94.58596027586208,1093.8887337155493,0,203
1116.25,1.4,10.5,-2.0,4468.1294,94.162704,-0.338900000000649,-0.002200000000811997,-0.0011000000004059984,-0.0041559999999947195,4.0000000041118255e-06,-1.9999999949504854e-06,203,1,0,1,0,1,0,0.6000000000000001,4490.402145588235,94.58388549019608,1099.2504892100196,0,204
1116.75,1.4,10.5,-2.0,4467.789,94.15855,-0.3404000000000451,-0.0014999999993960955,0.0007000000014159014,-0.004153999999999769,1.9999999949504854e-06,-2.00000000916134e-06,204,1,0,1,0,1,0,0.6000000000000001,4490.291837560975,94.58181068292683,1104.6118362244733,0,205
1117.0,1.4,10.5,-2.0,4467.447,94.15439,-0.3419999999996435,-0.0015999999995983671,-0.00010000000020227162,-0.004159999999998831,-5.999999999062311e-06,-7.999999994012796e-06,205,1,0,1,0,1,0,0.6000000000000001,4490.180940291262,94.57973582524271,1109.972772838911,0,206
1116.25,1.4,10.5,-2.0,4467.103,94.15023,-0.34400000000005093,-0.0020000000004074536,-0.0004000000008090865,-0.004160000000013042,-1.4210854715202004e-14,5.999999984851456e-06,206,1,0,1,0,1,0,0.6000000000000001,4490.069452657005,94.57766091787438,1115.333296653332,0,207
1115.75,1.4,10.5,-2.0,4466.758,94.14607,-0.34500000000025466,-0.0010000000002037268,0.0010000000002037268,-0.004159999999998831,1.4210854715202004e-14,2.842170943040401e-14,207,1,0,1,0,1,0,0.6000000000000001,4489.957378365385,94.57558596153847,1120.6934064677362,0,208
1113.75,1.4,10.5,-2.0,4466.4106,94.141914,-0.3473999999996522,-0.0023999999993975507,-0.001399999999193824,-0.0041559999999947195,4.0000000041118255e-06,3.999999989900971e-06,208,1,0,1,0,1,0,0.6000000000000001,4489.844714354067,94.57351097607656,1126.053099402124,0,209
1115.25,1.4,9.5,-2.0,4466.0615,94.13776,-0.34910000000036234,-0.0017000000007101335,0.0006999999986874172,-0.004153999999999769,1.9999999949504854e-06,-2.00000000916134e-06,209,1,0,1,0,1,0,0.6000000000000001,4489.731460952381,94.57143597142857,1131.412373416495,0,210
1115.25,1.4,9.5,-2.0,4465.711,94.133606,-0.35049999999955617,-0.001399999999193824,0.00030000000151630957,-0.004153999999999769,0.0,-1.9999999949504854e-06,210,1,0,1,0,1,0,0.6000000000000001,4489.617619905213,94.56936094786731,1136.7712268308492,0,211
1114.75,1.4,9.5,-2.0,4465.359,94.12945,-0.35199999999986176,-0.0015000000003055902,-0.00010000000111176632,-0.0041559999999947195,-1.9999999949504854e-06,-1.9999999949504854e-06,211,1,0,1,0,1,0,0.6000000000000001,4489.50319245283,94.56728589622641,1142.1296578451863,0,212
1115.25,1.4,9.5,-2.0,4465.005,94.1253,-0.3540000000002692,-0.0020000000004074536,-0.0005000000001018634,-0.004150000000009868,5.999999984851456e-06,7.999999979801942e-06,212,1,0,1,0,1,0,0.6000000000000001,4489.388177464789,94.56521084507042,1147.4876640595066,0,213
1115.5,1.4,9.5,-2.0,4464.6494,94.12114,-0.3555999999998676,-0.0015999999995983671,0.0004000000008090865,-0.004159999999998831,-9.999999988963282e-06,-1.5999999973814738e-05,213,1,0,1,0,1,0,0.6000000000000001,4489.272575700935,94.56313574766355,1152.8452435538097,0,214
1115.5,1.4,9.5,-2.0,4464.292,94.11699,-0.3573999999998705,-0.0018000000000029104,-0.00020000000040454324,-0.004149999999995657,1.0000000003174137e-05,1.9999999992137418e-05,214,1,0,1,0,1,0,0.6000000000000001,4489.156386976744,94.56106065116279,1158.2023941680957,0,215
1115.5,1.4,9.5,-2.0,4463.933,94.11283,-0.35900000000037835,-0.0016000000005078618,0.00019999999949504854,-0.004159999999998831,-1.0000000003174137e-05,-2.0000000006348273e-05,215,1,0,1,0,1,0,0.6000000000000001,4489.039612037037,94.55898550925927,1163.5591139823646,0,216
1115.25,1.4,9.5,-2.0,4463.5728,94.10868,-0.3602000000000771,-0.0011999999996987754,0.0004000000008090865,-0.004149999999995657,1.0000000003174137e-05,2.0000000006348273e-05,216,1,0,1,0,1,0,0.6000000000000001,4488.922253456221,94.5569103686636,1168.915401556616,0,217
1114.75,1.4,9.5,-2.0,4463.2104,94.10453,-0.3623999999999796,-0.002199999999902502,-0.0010000000002037268,-0.004150000000009868,-1.4210854715202004e-14,-1.0000000017384991e-05,217,1,0,1,0,1,0,0.6000000000000001,4488.804309174312,94.55483522935779,1174.2712542508502,0,218
1113.75,1.4,9.5,-2.0,4462.8467,94.10038,-0.3636999999998807,-0.001299999999901047,0.0009000000000014552,-0.004149999999995657,1.4210854715202004e-14,2.842170943040401e-14,218,1,0,1,0,1,0,0.6000000000000001,4488.685781278539,94.5527600913242,1179.6266705050668,0,219
1113.75,1.4,9.5,-2.0,4462.481,94.09623,-0.36570000000028813,-0.0020000000004074536,-0.0007000000005064066,-0.004149999999995657,0.0,-1.4210854715202004e-14,219,1,0,1,0,1,0,0.6000000000000001,4488.566668636364,94.55068495454545,1184.981647919266,0,220
1113.25,1.4,9.5,-2.0,4462.114,94.09208,-0.3670000000001892,-0.001299999999901047,0.0007000000005064066,-0.004150000000009868,-1.4210854715202004e-14,-1.4210854715202004e-14,220,1,0,1,0,1,0,0.6000000000000001,4488.446973303167,94.54860981900453,1190.3361849334474,0,221
1113.0,1.4,9.5,-2.0,4461.745,94.08793,-0.36899999999968713,-0.001999999999497959,-0.000699999999596912,-0.004149999999995657,1.4210854715202004e-14,2.842170943040401e-14,221,1,0,1,0,1,0,0.6000000000000001,4488.326694144144,94.54653468468467,1195.6902791476111,0,222
1113.25,1.4,9.5,-2.0,4461.3745,94.08378,-0.3704999999999927,-0.0015000000003055902,0.0004999999991923687,-0.004149999999995657,0.0,-1.4210854715202004e-14,222,1,0,1,0,1,0,0.6000000000000001,4488.205832286996,94.5444595515695,1201.0439287617571,0,223
1114.25,1.4,9.5,-2.0,4461.0024,94.079636,-0.3720999999995911,-0.0015999999995983671,-9.999999929277692e-05,-0.004144000000010806,5.999999984851456e-06,5.999999984851456e-06,223,1,0,1,0,1,0,0.6000000000000001,4488.084388392857,94.54238444642858,1206.3971318558852,0,224
1115.75,1.4,9.5,-2.0,4460.6284,94.075485,-0.37400000000070577,-0.0019000000011146767,-0.00030000000151630957,-0.004150999999993132,-6.999999982326699e-06,-1.2999999967178155e-05,224,1,0,1,0,1,0,0.6000000000000001,4487.962361777778,94.54030933777777,1211.7498861499955,0,225
1116.25,1.4,9.5,-2.0,4460.253,94.07134,-0.3753999999998996,-0.001399999999193824,0.0005000000019208528,-0.00414499999999407,5.999999999062311e-06,1.299999998138901e-05,225,1,0,1,0,1,0,0.6000000000000001,4487.839753982301,94.53823425221239,1217.1021899640875,0,226
1116.75,1.4,9.5,-2.0,4459.8755,94.06719,-0.3774999999995998,-0.0020999999997002305,-0.0007000000005064066,-0.004150000000009868,-5.000000015797923e-06,-1.1000000014860234e-05,226,1,0,1,0,1,0,0.6000000000000001,4487.716563436124,94.53615916740088,1222.4540407781617,0,227
1117.75,1.4,9.5,-2.0,4459.497,94.06305,-0.37849999999980355,-0.0010000000002037268,0.0010999999994965037,-0.004139999999992483,1.0000000017384991e-05,1.5000000033182914e-05,227,1,0,1,0,1,0,0.6000000000000001,4487.592793421052,94.53408412719298,1227.8054373922175,0,228
1118.25,1.4,9.5,-2.0,4459.1167,94.05891,-0.38030000000071595,-0.001800000000912405,-0.0008000000007086783,-0.004140000000006694,-1.4210854715202004e-14,-1.0000000031595846e-05,228,1,0,1,0,1,0,0.6000000000000001,4487.468443668122,94.53200913100437,1233.1563776462551,0,229
1118.5,1.4,9.5,-2.0,4458.7344,94.05476,-0.3822999999993044,-0.0019999999985884642,-0.00019999999767605914,-0.004149999999995657,-9.999999988963282e-06,-9.999999974752427e-06,229,1,0,1,0,1,0,0.6000000000000001,4487.343513043478,94.52993413478261,1238.5068591402744,0,230
1120.25,1.4,9.5,-2.0,4458.3506,94.05062,-0.3838000000005195,-0.001500000001215085,0.0004999999973733793,-0.004140000000006694,9.999999988963282e-06,1.9999999977926564e-05,230,1,0,1,0,1,0,0.6000000000000001,4487.218002597403,94.52785918181819,1243.8568800742753,0,231
1118.25,1.4,9.5,-2.0,4457.9653,94.04648,-0.3852999999999156,-0.0014999999993960955,1.8189894035458565e-12,-0.004139999999992483,1.4210854715202004e-14,-9.999999974752427e-06,231,1,0,1,0,1,0,0.6000000000000001,4487.091913362069,94.52578427155173,1249.2064386482575,0,232
1118.75,1.4,9.5,-2.0,4457.578,94.042336,-0.38729999999941356,-0.001999999999497959,-0.0005000000001018634,-0.004143999999996595,-4.0000000041118255e-06,-4.00000001832268e-06,232,1,0,1,0,1,0,0.6000000000000001,4486.965244206009,94.52370938626609,1254.5555324622212,0,233
1120.75,1.4,9.5,-2.0,4457.1895,94.0382,-0.38850000000002183,-0.00120000000060827,0.0007999999988896889,-0.004136000000002582,7.999999994012796e-06,1.1999999998124622e-05,233,1,0,1,0,1,0,0.6000000000000001,4486.837997435898,94.52163455982905,1259.9041600761664,0,234
1121.0,1.4,9.5,-2.0,4456.7993,94.03406,-0.39020000000073196,-0.0017000000007101335,-0.0005000000001018634,-0.004140000000006694,-4.0000000041118255e-06,-1.1999999998124622e-05,234,1,0,1,0,1,0,0.6000000000000001,4486.71017319149,94.51955977446809,1265.2523194500927,0,235
1119.75,1.4,9.5,-2.0,4456.407,94.02992,-0.3922999999995227,-0.002099999998790736,-0.0003999999980806024,-0.004139999999992483,1.4210854715202004e-14,4.00000001832268e-06,235,1,0,1,0,1,0,0.6000000000000001,4486.581769915254,94.517485029661,1270.6000080640003,0,236
1121.75,1.4,9.5,-2.0,4456.0137,94.02578,-0.3932999999997264,-0.0010000000002037268,0.001099999998587009,-0.004140000000006694,-1.4210854715202004e-14,-2.842170943040401e-14,236,1,0,1,0,1,0,0.6000000000000001,4486.4527907173,94.5154103248945,1275.947224717889,0,237
1120.75,1.4,9.5,-2.0,4455.6187,94.021645,-0.39500000000043656,-0.0017000000007101335,-0.0007000000005064066,-0.004134999999990896,5.000000015797923e-06,5.000000030008778e-06,237,1,0,1,0,1,0,0.6000000000000001,4486.323235714286,94.51333568067227,1281.2939673717588,0,238
1120.75,1.4,9.5,-2.0,4455.2217,94.01751,-0.3969999999999345,-0.001999999999497959,-0.00029999999878782546,-0.004135000000005107,-1.4210854715202004e-14,-5.000000030008778e-06,238,1,0,1,0,1,0,0.6000000000000001,4486.1931037656905,94.5112610962343,1286.6402336256094,0,239
1120.25,1.4,9.5,-2.0,4454.823,94.013374,-0.39869999999973516,-0.0016999999998006388,0.00029999999969732016,-0.004136000000002582,-9.999999974752427e-07,-9.99999983264388e-07,239,1,0,1,0,1,0,0.6000000000000001,4486.062395,94.50918656666666,1291.986021439441,0,240
1118.75,1.4,9.5,-2.0,4454.423,94.00924,-0.4000000000005457,-0.0013000000008105417,0.0003999999989900971,-0.004133999999993421,2.00000000916134e-06,3.000000006636583e-06,240,1,0,1,0,1,0,0.6000000000000001,4485.931111203319,94.50711209958507,1297.3313292532532,0,241
1119.25,1.4,9.5,-2.0,4454.0215,94.00511,-0.4014999999999418,-0.0014999999993960955,-0.00019999999858555384,-0.00413000000000352,3.999999989900971e-06,1.9999999807396307e-06,241,1,0,1,0,1,0,0.6000000000000001,4485.799253305785,94.5050377107438,1302.6761552670462,0,242
1120.75,1.4,9.5,-2.0,4453.618,94.00098,-0.40349999999943975,-0.001999999999497959,-0.0005000000001018634,-0.00413000000000352,0.0,-3.999999989900971e-06,242,1,0,1,0,1,0,0.6000000000000001,4485.666820164609,94.50296339917696,1308.02049708082,0,243
1119.75,1.4,9.5,-2.0,4453.213,93.99684,-0.40500000000065484,-0.001500000001215085,0.000499999998282874,-0.004139999999992483,-9.999999988963282e-06,-9.999999988963282e-06,243,1,0,1,0,1,0,0.6000000000000001,4485.533812704918,94.50088912295082,1313.364352894574,0,244
1119.25,1.4,9.5,-2.0,4452.806,93.992714,-0.4070000000001528,-0.001999999999497959,-0.000499999998282874,-0.004125999999999408,1.3999999993075107e-05,2.399999998203839e-05,244,1,0,1,0,1,0,0.6000000000000001,4485.400229795919,94.49881493877551,1318.7077203083088,0,245
1119.75,1.4,9.5,-2.0,4452.398,93.98859,-0.407999999999447,-0.0009999999992942321,0.0010000000002037268,-0.004124000000004457,1.9999999949504854e-06,-1.1999999998124622e-05,245,1,0,1,0,1,0,0.6000000000000001,4485.266074390244,94.49674085365854,1324.050598122024,0,246
1121.75,1.4,9.5,-2.0,4451.9883,93.98446,-0.40970000000015716,-0.0017000000007101335,-0.0007000000014159014,-0.00413000000000352,-5.999999999062311e-06,-7.999999994012796e-06,246,1,0,1,0,1,0,0.6000000000000001,4485.1313465587045,94.49466684210526,1329.3929842957193,0,247
1122.0,1.4,9.5,-2.0,4451.5767,93.98033,-0.41160000000036234,-0.001900000000205182,-0.00019999999949504854,-0.00413000000000352,0.0,5.999999999062311e-06,247,1,0,1,0,1,0,0.6000000000000001,4484.996045564516,94.4925929032258,1334.734876549395,0,248
1120.75,1.4,9.5,-2.0,4451.1636,93.976204,-0.41309999999975844,-0.0014999999993960955,0.0004000000008090865,-0.004125999999999408,4.0000000041118255e-06,4.0000000041118255e-06,248,1,0,1,0,1,0,0.6000000000000001,4484.860172289156,94.49051905220884,1340.0762730830509,0,249
1120.75,1.4,9.5,-2.0,4450.749,93.97208,-0.41460000000006403,-0.0015000000003055902,-9.094947017729282e-13,-0.004123999999990247,2.00000000916134e-06,-1.9999999949504854e-06,249,1,0,1,0,1,0,0.6000000000000001,4484.7237276,94.48844529600001,1345.417172096687,0,250
1119.25,1.4,9.5,-2.0,4450.3325,93.96795,-0.4164999999993597,-0.0018999999992956873,-0.0003999999989900971,-0.00413000000000352,-6.000000013273166e-06,-8.000000022434506e-06,250,1,0,1,0,1,0,0.6000000000000001,4484.586710756972,94.48637160956176,1350.7575713103029,0,251
1119.25,1.4,9.5,-2.0,4449.915,93.96383,-0.41750000000047294,-0.0010000000011132215,0.0008999999981824658,-0.004120000000000346,1.0000000003174137e-05,1.6000000016447302e-05,251,1,0,1,0,1,0,0.6000000000000001,4484.449124603175,94.48429803174604,1356.0974695238988,0,252
1120.25,1.4,9.5,-2.0,4449.495,93.95971,-0.42000000000007276,-0.0024999999995998223,-0.0014999999984866008,-0.004120000000000346,0.0,-1.0000000003174137e-05,252,1,0,1,0,1,0,0.6000000000000001,4484.310966007904,94.48222456126481,1361.4368637374746,0,253
1120.0,1.4,9.5,-2.0,4449.074,93.95558,-0.4210000000002765,-0.0010000000002037268,0.0014999999993960955,-0.00413000000000352,-1.0000000003174137e-05,-1.0000000003174137e-05,253,1,0,1,0,1,0,0.6000000000000001,4484.172237795276,94.48015115748032,1366.77575275103,0,254
1118.75,1.4,9.5,-2.0,4448.6514,93.95146,-0.42259999999987485,-0.0015999999995983671,-0.0005999999993946403,-0.004120000000000346,1.0000000003174137e-05,2.0000000006348273e-05,254,1,0,1,0,1,0,0.6000000000000001,4484.032940392157,94.47807785882354,1372.1141346445654,0,255
1119.25,1.4,9.5,-2.0,4448.227,93.94735,-0.42439999999987776,-0.0018000000000029104,-0.00020000000040454324,-0.0041099999999971715,1.0000000003174137e-05,0.0,255,1,0,1,0,1,0,0.6000000000000001,4483.8930734375,94.476004703125,1377.4520072580804,0,256
1118.25,1.4,9.5,-2.0,4447.8013,93.94323,-0.4256999999997788,-0.001299999999901047,0.0005000000001018634,-0.004120000000000346,-1.0000000003174137e-05,-2.0000000006348273e-05,256,1,0,1,0,1,0,0.6000000000000001,4483.7526385214005,94.47393164980545,1382.7893690315748,0,257
1119.25,1.4,9.5,-2.0,4447.3735,93.93911,-0.42780000000038854,-0.0021000000006097252,-0.0008000000007086783,-0.004120000000000346,0.0,1.0000000003174137e-05,257,1,0,1,0,1,0,0.6000000000000001,4483.611634108527,94.47185869767442,1388.1262174450487,0,258
1119.25,1.4,9.5,-2.0,4446.9443,93.935,-0.42919999999958236,-0.001399999999193824,0.0007000000014159014,-0.0041099999999971715,1.0000000003174137e-05,1.0000000003174137e-05,258,1,0,1,0,1,0,0.6000000000000001,4483.470061389961,94.4697858841699,1393.462550818502,0,259
1119.25,1.4,9.5,-2.0,4446.5137,93.93088,-0.4305999999996857,-0.0014000000001033186,-9.094947017729282e-13,-0.004120000000000346,-1.0000000003174137e-05,-2.0000000006348273e-05,259,1,0,1,0,1,0,0.6000000000000001,4483.327921538462,94.46771316923078,1398.7983674719346,0,260
1117.75,1.4,9.5,-2.0,4446.0815,93.926765,-0.43220000000019354,-0.0016000000005078618,-0.00020000000040454324,-0.0041149999999987585,5.000000001587068e-06,1.5000000004761205e-05,260,1,0,1,0,1,0,0.6000000000000001,4483.1852149425295,94.46564057088123,1404.1336654853467,0,261
1116.25,1.4,9.5,-2.0,4445.6475,93.92265,-0.43400000000019645,-0.0018000000000029104,-0.00019999999949504854,-0.0041149999999987585,0.0,-5.000000001587068e-06,261,1,0,1,0,1,0,0.6000000000000001,4483.041941221374,94.46356808778627,1409.4684426987376,0,262
1116.75,1.4,9.5,-2.0,4445.212,93.91854,-0.43549999999959255,-0.0014999999993960955,0.00030000000060681487,-0.004110000000011382,4.9999999873762135e-06,4.9999999873762135e-06,262,1,0,1,0,1,0,0.6000000000000001,4482.898101140685,94.4614957376426,1414.802697312108,0,263
1119.25,1.4,9.5,-2.0,4444.775,93.91443,-0.43700000000080763,-0.001500000001215085,-1.8189894035458565e-12,-0.0041099999999971715,1.4210854715202004e-14,-4.999999973165359e-06,263,1,0,1,0,1,0,0.6000000000000001,4482.753695454546,94.4594235189394,1420.136427525457,0,264
1119.5,1.4,9.5,-2.0,4444.336,93.910324,-0.4389999999993961,-0.0019999999985884642,-0.0004999999973733793,-0.00410599999999306,4.0000000041118255e-06,3.999999989900971e-06,264,1,0,1,0,1,0,0.6000000000000001,4482.608723018868,94.45735144528302,1425.4696309387853,0,265
1119.5,1.4,9.5,-2.0,4443.896,93.90621,-0.4400000000005093,-0.0010000000011132215,0.0009999999974752427,-0.004114000000001283,-8.000000008223651e-06,-1.2000000012335477e-05,265,1,0,1,0,1,0,0.6000000000000001,4482.463186466166,94.4552794849624,1430.8023063520923,0,266
1119.25,1.4,9.5,-2.0,4443.454,93.90211,-0.4420000000000073,-0.001999999999497959,-0.0009999999983847374,-0.004100000000008208,1.3999999993075107e-05,2.200000000129876e-05,266,1,0,1,0,1,0,0.6000000000000001,4482.317084644194,94.45320768913858,1436.134451365378,0,267
1119.25,1.4,9.5,-2.0,4443.0103,93.898,-0.4436999999998079,-0.0016999999998006388,0.00029999999969732016,-0.0041099999999971715,-9.999999988963282e-06,-2.399999998203839e-05,267,1,0,1,0,1,0,0.6000000000000001,4482.170417537313,94.45113601865671,1441.4660639386425,0,268
1119.0,1.4,9.5,-2.0,4442.5654,93.8939,-0.4448999999995067,-0.0011999999996987754,0.0005000000001018634,-0.004099999999993997,1.0000000003174137e-05,1.9999999992137418e-05,268,1,0,1,0,1,0,0.6000000000000001,4482.023186988848,94.44906450929368,1446.7971426318857,0,269
1117.75,1.4,9.5,-2.0,4442.1187,93.88979,-0.4467000000004191,-0.001800000000912405,-0.0006000000012136297,-0.0041099999999971715,-1.0000000003174137e-05,-2.0000000006348273e-05,269,1,0,1,0,1,0,0.6000000000000001,4481.875392592592,94.44699312222222,1452.1276852851074,0,270
1118.75,1.3,9.5,-2.0,4441.6704,93.8857,-0.44830000000001746,-0.0015999999995983671,0.00020000000131403795,-0.004090000000005034,1.9999999992137418e-05,2.9999999995311555e-05,270,1,0,1,0,1,0,0.7,4481.727034686347,94.44492192988929,1457.4576899783076,0,271
1119.0,1.3,9.5,-2.0,4441.2207,93.88159,-0.4497000000001208,-0.0014000000001033186,0.00019999999949504854,-0.0041099999999971715,-1.9999999992137418e-05,-3.9999999984274837e-05,271,1,0,1,0,1,0,0.7,4481.5781143382355,94.44285085661764,1462.7871550314862,0,272
1118.25,1.3,9.5,-2.0,4440.7695,93.877495,-0.4511999999995169,-0.0014999999993960955,-9.999999929277692e-05,-0.004095000000006621,1.499999999055035e-05,3.499999998268777e-05,272,1,0,1,0,1,0,0.7,4481.428632234432,94.44077995604395,1468.116078644643,0,273
1117.25,1.3,9.5,-2.0,4440.3164,93.8734,-0.45310000000063155,-0.0019000000011146767,-0.0004000000017185812,-0.00409499999999241,1.4210854715202004e-14,-1.4999999976339495e-05,273,1,0,1,0,1,0,0.7,4481.278587591241,94.43870922627737,1473.4444585377782,0,274
1116.25,1.3,9.5,-2.0,4439.862,93.8693,-0.4543999999996231,-0.0012999999989915523,0.0006000000021231244,-0.004100000000008208,-5.000000015797923e-06,-5.000000030008778e-06,274,1,0,1,0,1,0,0.7,4481.127981818182,94.43663864727272,1478.7722931508918,0,275
1116.25,1.3,9.5,-2.0,4439.406,93.865204,-0.45600000000013097,-0.0016000000005078618,-0.00030000000151630957,-0.0040959999999898855,4.00000001832268e-06,9.000000034120603e-06,275,1,0,1,0,1,0,0.7,4480.976815217391,94.43456823188406,1484.0995805639832,0,276
1116.25,1.3,9.5,-2.0,4438.948,93.861115,-0.4579999999996289,-0.001999999999497959,-0.0003999999989900971,-0.004089000000007559,6.999999982326699e-06,2.9999999640040187e-06,276,1,0,1,0,1,0,0.7,4480.8250866426,94.4324980036101,1489.4263183770527,0,277
1116.5,1.3,9.5,-2.0,4438.4893,93.85702,-0.45870000000013533,-0.0007000000005064066,0.0012999999989915523,-0.00409499999999241,-5.999999984851456e-06,-1.2999999967178155e-05,277,1,0,1,0,1,0,0.7,4480.672799640288,94.43042793884892,1494.7525057501002,0,278
1116.5,1.3,9.5,-2.0,4438.0283,93.85293,-0.4610000000002401,-0.002300000000104774,-0.0015999999995983671,-0.004090000000005034,4.9999999873762135e-06,1.099999997222767e-05,278,1,0,1,0,1,0,0.7,4480.519951971326,94.42835805376345,1500.0781399231255,0,279
1115.25,1.3,9.5,-2.0,4437.566,93.84884,-0.46230000000014115,-0.001299999999901047,0.0010000000002037268,-0.004090000000005034,0.0,-4.9999999873762135e-06,279,1,0,1,0,1,0,0.7,4480.366545,94.42628834642856,1505.4032193361288,0,280
1114.75,1.3,9.5,-2.0,4437.102,93.84475,-0.4639999999999418,-0.0016999999998006388,-0.0003999999998995918,-0.004089999999990823,1.4210854715202004e-14,1.4210854715202004e-14,280,1,0,1,0,1,0,0.7,4480.212578647687,94.42421881494661,1510.7277419491097,0,281
1115.25,1.3,9.5,-2.0,4436.6367,93.84066,-0.46529999999984284,-0.001299999999901047,0.0003999999998995918,-0.004090000000005034,-1.4210854715202004e-14,-2.842170943040401e-14,281,1,0,1,0,1,0,0.7,4480.058054255319,94.4221494574468,1516.0517062020683,0,282
1116.25,1.3,9.5,-2.0,4436.1694,93.83658,-0.4673000000002503,-0.0020000000004074536,-0.0007000000005064066,-0.00408000000000186,1.0000000003174137e-05,1.0000000017384991e-05,282,1,0,1,0,1,0,0.7,4479.902970671378,94.42008030742049,1521.3751096950043,0,283
1116.25,1.3,9.5,-2.0,4435.7007,93.83249,-0.4686999999994441,-0.001399999999193824,0.0006000000012136297,-0.004089999999990823,-9.999999988963282e-06,-1.9999999992137418e-05,283,1,0,1,0,1,0,0.7,4479.747328873239,94.4180113274648,1526.697950747918,0,284
1115.25,1.3,9.5,-2.0,4435.231,93.82841,-0.46970000000055734,-0.0010000000011132215,0.0003999999980806024,-0.00408000000000186,9.999999988963282e-06,1.9999999977926564e-05,284,1,0,1,0,1,0,0.7,4479.5911312280705,94.41594255087719,1532.0202281608092,0,285
1115.25,1.3,9.5,-2.0,4434.7593,93.824326,-0.4717000000000553,-0.001999999999497959,-0.0009999999983847374,-0.004084000000005972,-4.0000000041118255e-06,-1.3999999993075107e-05,285,1,0,1,0,1,0,0.7,4479.434376573427,94.41387396153847,1537.3419395336775,0,286
1115.0,1.3,9.5,-2.0,4434.2856,93.82025,-0.47369999999955326,-0.001999999999497959,0.0,-0.004075999999997748,8.000000008223651e-06,1.2000000012335477e-05,286,1,0,1,0,1,0,0.7,4479.277063763066,94.41180558536585,1542.6630824665233,0,287
1114.25,1.3,9.5,-2.0,4433.811,93.81617,-0.4746000000004642,-0.0009000000009109499,0.001099999998587009,-0.00408000000000186,-4.0000000041118255e-06,-1.2000000012335477e-05,287,1,0,1,0,1,0,0.7,4479.119195486111,94.40973740625,1547.9836558793463,0,288
1116.25,1.3,9.5,-2.0,4433.3345,93.812096,-0.4764999999997599,-0.0018999999992956873,-0.0009999999983847374,-0.004074000000002798,5.999999999062311e-06,1.0000000003174137e-05,288,1,0,1,0,1,0,0.7,4478.960770934256,94.40766944290658,1553.3036574921464,0,289
1117.25,1.3,9.5,-2.0,4432.857,93.808014,-0.4774999999999636,-0.0010000000002037268,0.0008999999990919605,-0.00408199999999681,-7.999999994012796e-06,-1.3999999993075107e-05,289,1,0,1,0,1,0,0.7,4478.801792413793,94.40560166551724,1558.6230861049235,0,290
1118.75,1.3,9.5,-2.0,4432.3774,93.80394,-0.47959999999966385,-0.0020999999997002305,-0.0010999999994965037,-0.004074000000002798,7.999999994012796e-06,1.5999999988025593e-05,290,1,0,1,0,1,0,0.7,4478.642258419244,94.40353409965635,1563.9419391976776,0,291
1119.25,1.3,9.5,-2.0,4431.8965,93.79987,-0.4809000000004744,-0.0013000000008105417,0.0007999999988896889,-0.004069999999998686,4.0000000041118255e-06,-3.999999989900971e-06,291,1,0,1,0,1,0,0.7,4478.48217020548,94.40146675684932,1569.2602152104087,0,292
1119.25,1.3,9.5,-2.0,4431.4136,93.7958,-0.48289999999997235,-0.001999999999497959,-0.0006999999986874172,-0.004069999999998686,0.0,-4.0000000041118255e-06,292,1,0,1,0,1,0,0.7,4478.32152662116,94.39939963481228,1574.5779117431164,0,293
1119.0,1.3,9.5,-2.0,4430.9297,93.79173,-0.4839000000001761,-0.0010000000002037268,0.0009999999992942321,-0.004069999999998686,0.0,0.0,293,1,0,1,0,1,0,0.7,4478.160329931973,94.39733273129252,1579.8950275958011,0,294
1119.75,1.3,9.5,-2.0,4430.444,93.78766,-0.4856999999992695,-0.0017999999990934157,-0.0007999999988896889,-0.004069999999998686,0.0,0.0,294,1,0,1,0,1,0,0.7,4477.998579661017,94.3952660440678,1585.2115606084624,0,295
1120.25,1.3,9.5,-2.0,4429.957,93.78359,-0.48700000000008004,-0.0013000000008105417,0.000499999998282874,-0.004069999999998686,0.0,0.0,295,1,0,1,0,1,0,0.7,4477.836277027027,94.39319957094595,1590.5275092211004,0,296
1120.75,1.3,9.5,-2.0,4429.4683,93.779526,-0.4886999999998807,-0.0016999999998006388,-0.0003999999989900971,-0.0040639999999996235,5.999999999062311e-06,5.999999999062311e-06,296,1,0,1,0,1,0,0.7,4477.673421885522,94.39113332996634,1595.8428713937149,0,297
1119.75,1.3,9.5,-2.0,4428.978,93.77547,-0.49030000000038854,-0.0016000000005078618,9.999999929277692e-05,-0.004056000000005611,7.999999994012796e-06,1.9999999949504854e-06,297,1,0,1,0,1,0,0.7,4477.51001442953,94.38906734563759,1601.1576452063057,0,298
1119.75,1.3,9.5,-2.0,4428.4863,93.77141,-0.49170000000049185,-0.0014000000001033186,0.00020000000040454324,-0.004059999999995512,-3.999999989900971e-06,-1.1999999983913767e-05,298,1,0,1,0,1,0,0.7,4477.346055518395,94.38700160200669,1606.4718289788732,0,299
1118.25,1.3,9.5,-2.0,4427.993,93.76734,-0.4932999999991807,-0.0015999999986888724,-0.00019999999858555384,-0.004069999999998686,-1.0000000003174137e-05,-6.000000013273166e-06,299,1,0,1,0,1,0,0.7,4477.181545333333,94.38493606333333,1611.7854207914168,0,300
1117.75,1.3,9.5,-2.0,4427.498,93.76328,-0.49500000000080036,-0.0017000000016196282,-0.00010000000293075573,-0.0040600000000097225,9.999999988963282e-06,1.9999999992137418e-05,300,1,0,1,0,1,0,0.7,4477.01648372093,94.38287076079735,1617.0984186039368,0,301
1118.0,1.3,9.5,-2.0,4427.002,93.75923,-0.4959999999991851,-0.0009999999983847374,0.0007000000032348908,-0.0040499999999923375,1.0000000017384991e-05,2.842170943040401e-14,301,1,0,1,0,1,0,0.7,4476.850872847682,94.38080572516556,1622.4108212164329,0,302
1117.75,1.3,9.5,-2.0,4426.504,93.75517,-0.49800000000050204,-0.0020000000013169483,-0.001000000002932211,-0.004059999999995512,-1.0000000003174137e-05,-2.0000000020559128e-05,302,1,0,1,0,1,0,0.7,4476.6847115511555,94.37874092079208,1627.722626228905,0,303
1117.75,1.3,9.5,-2.0,4426.0044,93.75112,-0.4996000000001004,-0.0015999999995983671,0.0004000000017185812,-0.004050000000006548,9.999999988963282e-06,1.9999999992137418e-05,303,1,0,1,0,1,0,0.7,4476.518,94.37667637828947,1633.0338317213532,0,304
1117.5,1.3,9.5,-2.0,4425.5034,93.74707,-0.5010000000002037,-0.0014000000001033186,0.00019999999949504854,-0.004050000000006548,0.0,-9.999999988963282e-06,304,1,0,1,0,1,0,0.7,4476.350739016394,94.37461209508197,1638.3444360137773,0,305
1116.75,1.3,9.5,-2.0,4425.001,93.74302,-0.5023999999993976,-0.001399999999193824,9.094947017729282e-13,-0.0040499999999923375,1.4210854715202004e-14,1.4210854715202004e-14,305,1,0,1,0,1,0,0.7,4476.182929411765,94.37254806862745,1643.6544374261775,0,306
1116.25,1.3,9.5,-2.0,4424.497,93.73897,-0.5039999999999054,-0.0016000000005078618,-0.00020000000131403795,-0.004050000000006548,-1.4210854715202004e-14,-2.842170943040401e-14,306,1,0,1,0,1,0,0.7,4476.014571335505,94.37048429641693,1648.9638340385534,0,307
1117.25,1.3,9.5,-2.0,4423.9917,93.734924,-0.505300000000716,-0.0013000000008105417,0.00029999999969732016,-0.004045999999988226,4.00000001832268e-06,4.000000032533535e-06,307,1,0,1,0,1,0,0.7,4475.845665909091,94.36842078896103,1654.272624290905,0,308
1117.75,1.3,9.5,-2.0,4423.485,93.73087,-0.5066999999999098,-0.001399999999193824,-9.999999838328222e-05,-0.00405400000001066,-8.000000022434506e-06,-1.2000000040757186e-05,308,1,0,1,0,1,0,0.7,4475.676213915857,94.36635751779936,1659.5808065032322,0,309
1118.75,1.3,9.5,-2.0,4422.976,93.72683,-0.5090000000000146,-0.002300000000104774,-0.0009000000009109499,-0.004039999999989163,1.4000000021496817e-05,2.2000000043931323e-05,309,1,0,1,0,1,0,0.7,4475.506213225806,94.36429452580646,1664.888377915535,0,310
1118.25,1.3,9.5,-2.0,4422.4663,93.72279,-0.5096999999996115,-0.000699999999596912,0.0016000000005078618,-0.004040000000003374,-1.4210854715202004e-14,-1.4000000035707671e-05,310,1,0,1,0,1,0,0.7,4475.335666881029,94.36223181028939,1670.1953376878134,0,311
1118.25,1.3,9.5,-2.0,4421.9546,93.71875,-0.5117000000000189,-0.0020000000004074536,-0.0013000000008105417,-0.004040000000003374,0.0,1.4210854715202004e-14,311,1,0,1,0,1,0,0.7,4475.164573717949,94.36016936858975,1675.5016834200674,0,312
1118.25,1.3,9.5,-2.0,4421.4414,93.714714,-0.5132000000003245,-0.0015000000003055902,0.0005000000001018634,-0.004035999999999262,4.0000000041118255e-06,4.0000000041118255e-06,312,1,0,1,0,1,0,0.7,4474.992934185303,94.35810721086261,1680.8074133122966,0,313
1117.75,1.3,9.5,-2.0,4420.927,93.71068,-0.5144000000000233,-0.0011999999996987754,0.00030000000060681487,-0.004034000000004312,1.9999999949504854e-06,-2.00000000916134e-06,313,1,0,1,0,1,0,0.7,4474.820749681529,94.35604534076433,1686.112525924501,0,314
1118.25,1.3,9.5,-2.0,4420.4106,93.70664,-0.5163999999995212,-0.001999999999497959,-0.0007999999997991836,-0.004040000000003374,-5.999999999062311e-06,-7.999999994012796e-06,314,1,0,1,0,1,0,0.7,4474.648019047619,94.35398373650793,1691.4170188566807,0,315
1118.75,1.3,9.5,-2.0,4419.893,93.70261,-0.5176000000001295,-0.00120000000060827,0.0007999999988896889,-0.004029999999985989,1.0000000017384991e-05,1.6000000016447302e-05,315,1,0,1,0,1,0,0.7,4474.474743670887,94.35192242721519,1696.7208906688356,0,316
1118.75,1.3,9.5,-2.0,4419.374,93.69858,-0.5190000000002328,-0.0014000000001033186,-0.00019999999949504854,-0.0040300000000002,-1.4210854715202004e-14,-1.0000000031595846e-05,316,1,0,1,0,1,0,0.7,4474.300924290221,94.34986141009463,1702.0241396809656,0,317
1119.75,1.3,9.5,-2.0,4418.8535,93.69455,-0.5204999999996289,-0.0014999999993960955,-9.999999929277692e-05,-0.0040300000000002,0.0,1.4210854715202004e-14,317,1,0,1,0,1,0,0.7,4474.126561320754,94.34780068238993,1707.3267640930706,0,318
1119.75,1.3,9.5,-2.0,4418.3315,93.69052,-0.5219999999999345,-0.0015000000003055902,-9.094947017729282e-13,-0.0040300000000002,0.0,0.0,318,1,0,1,0,1,0,0.7,4473.951655172414,94.34574024137932,1712.6287621051504,0,319
1117.25,1.3,9.5,-2.0,4417.808,93.68649,-0.5235000000002401,-0.0015000000003055902,0.0,-0.0040300000000002,0.0,0.0,319,1,0,1,0,1,0,0.7,4473.77620625,94.343680084375,1717.9301319172052,0,320
1116.75,1.3,9.5,-2.0,4417.2827,93.68247,-0.525300000000243,-0.0018000000000029104,-0.00029999999969732016,-0.004020000000011237,9.999999988963282e-06,9.999999988963282e-06,320,1,0,1,0,1,0,0.7,4473.600214018692,94.34162023987538,1723.2308713692348,0,321
1115.75,1.3,9.5,-2.0,4416.7563,93.678444,-0.5263999999997395,-0.0010999999994965037,0.0007000000005064066,-0.004025999999996088,-5.999999984851456e-06,-1.5999999973814738e-05,321,1,0,1,0,1,0,0.7,4473.423680124224,94.3395606863354,1728.5309791412392,0,322
1115.75,1.3,9.5,-2.0,4416.228,93.67443,-0.5282999999999447,-0.001900000000205182,-0.0008000000007086783,-0.004013999999997964,1.1999999998124622e-05,1.7999999982976078e-05,322,1,0,1,0,1,0,0.7,4473.24660371517,94.33750145820433,1733.8304529532181,0,323
1114.75,1.3,9.5,-2.0,4415.6987,93.67041,-0.5293000000001484,-0.0010000000002037268,0.0009000000000014552,-0.004019999999997026,-5.999999999062311e-06,-1.7999999997186933e-05,323,1,0,1,0,1,0,0.7,4473.068986728395,94.33544253395061,1739.1292916051716,0,324
1114.75,1.3,9.5,-2.0,4415.1675,93.66639,-0.5312000000003536,-0.001900000000205182,-0.0009000000000014552,-0.004019999999997026,0.0,5.999999999062311e-06,324,1,0,1,0,1,0,0.7,4472.890828307693,94.33338391076923,1744.4274928170996,0,325
1115.0,1.3,9.5,-2.0,4414.635,93.66238,-0.5324999999993452,-0.0012999999989915523,0.0006000000012136297,-0.004010000000008063,9.999999988963282e-06,9.999999988963282e-06,325,1,0,1,0,1,0,0.7,4472.712129447853,94.33132561656441,1749.725055029002,0,326
1115.75,1.3,9.5,-2.0,4414.101,93.65836,-0.5340000000005602,-0.001500000001215085,-0.00020000000222353265,-0.004019999999997026,-9.999999988963282e-06,-1.9999999977926564e-05,326,1,0,1,0,1,0,0.7,4472.532890519878,94.329267617737,1755.0219764408791,0,327
1115.75,1.3,9.5,-2.0,4413.5654,93.65436,-0.5355999999992491,-0.0015999999986888724,-9.999999747378752e-05,-0.0040000000000048885,1.9999999992137418e-05,2.99999999811007e-05,327,1,0,1,0,1,0,0.7,4472.353111585366,94.32720997256098,1760.3182551327302,0,328
1114.75,1.3,9.5,-2.0,4413.0283,93.650345,-0.5371000000004642,-0.001500000001215085,9.999999747378752e-05,-0.004014999999995439,-1.499999999055035e-05,-3.499999998268777e-05,328,1,0,1,0,1,0,0.7,4472.172793009119,94.32515263221885,1765.6138893045556,0,329
1114.75,1.3,9.5,-2.0,4412.4897,93.64634,-0.5385999999998603,-0.0014999999993960955,1.8189894035458565e-12,-0.004005000000006476,9.999999988963282e-06,2.4999999979513632e-05,329,1,0,1,0,1,0,0.7,4471.991935151515,94.32309562424241,1770.9088771563552,0,330
1113.25,1.3,9.5,-2.0,4411.95,93.642334,-0.5397000000002663,-0.0011000000004059984,0.0003999999989900971,-0.00400599999998974,-9.99999983264388e-07,-1.099999997222767e-05,330,1,0,1,0,1,0,0.7,4471.81053957704,94.32103894259818,1776.2032173681287,0,331
1114.75,1.3,9.5,-2.0,4411.4087,93.63833,-0.5412999999998647,-0.0015999999995983671,-0.0004999999991923687,-0.004004000000009,1.9999999807396307e-06,2.9999999640040187e-06,331,1,0,1,0,1,0,0.7,4471.628606325301,94.31898259036144,1781.4969080198764,0,332
1114.5,1.3,9.5,-2.0,4410.8657,93.63433,-0.5429999999996653,-0.0016999999998006388,-0.00010000000020227162,-0.003999999999990678,4.00000001832268e-06,2.0000000375830496e-06,332,1,0,1,0,1,0,0.7,4471.446135135136,94.31692657657658,1786.789947071598,0,333
1115.75,1.3,9.5,-2.0,4410.3213,93.63033,-0.5444000000006781,-0.0014000000010128133,0.00029999999878782546,-0.0040000000000048885,-1.4210854715202004e-14,-4.000000032533535e-06,333,1,0,1,0,1,0,0.7,4471.263126646707,94.3148708982036,1792.0823328432932,0,334
1115.25,1.3,9.5,-2.0,4409.7754,93.626335,-0.5458999999991647,-0.0014999999984866008,-9.999999747378752e-05,-0.0039950000000033015,5.000000001587068e-06,5.000000015797923e-06,334,1,0,1,0,1,0,0.7,4471.07958119403,94.31281556716418,1797.3740635349625,0,335
1116.75,1.3,9.5,-2.0,4409.228,93.62234,-0.5474000000003798,-0.001500000001215085,-2.7284841053187847e-12,-0.0039950000000033015,0.0,-5.000000001587068e-06,335,1,0,1,0,1,0,0.7,4470.895499107143,94.31076058035714,1802.6651373466054,0,336
1115.25,1.3,9.5,-2.0,4408.679,93.61835,-0.5489999999999782,-0.0015999999995983671,-9.999999838328222e-05,-0.0039899999999875035,5.000000015797923e-06,5.000000015797923e-06,336,1,0,1,0,1,0,0.7,4470.71088041543,94.30870594955489,1807.9555523582221,0,337
1114.25,1.3,9.5,-2.0,4408.129,93.61436,-0.5500000000001819,-0.0010000000002037268,0.0005999999993946403,-0.003990000000001714,-1.4210854715202004e-14,-5.000000030008778e-06,337,1,0,1,0,1,0,0.7,4470.525726923077,94.30665167159763,1813.2453073698123,0,338
1113.25,1.3,9.5,-2.0,4407.577,93.61037,-0.5519999999996799,-0.001999999999497959,-0.0009999999992942321,-0.003990000000001714,0.0,1.4210854715202004e-14,338,1,0,1,0,1,0,0.7,4470.340037463127,94.30459774336283,1818.534399981376,0,339
1114.25,1.3,9.5,-2.0,4407.024,93.606384,-0.5529999999998836,-0.0010000000002037268,0.0009999999992942321,-0.003985999999997603,4.0000000041118255e-06,4.0000000041118255e-06,339,1,0,1,0,1,0,0.7,4470.153813823529,94.30254417352941,1823.8228289929132,0,340
1113.25,1.3,9.5,-2.0,4406.469,93.602394,-0.555000000000291,-0.0020000000004074536,-0.0010000000002037268,-0.003990000000001714,-4.0000000041118255e-06,-8.000000008223651e-06,340,1,0,1,0,1,0,0.7,4469.96705483871,94.30049094721407,1829.1105920044238,0,341
1113.25,1.3,9.5,-2.0,4405.913,93.59841,-0.5560000000004948,-0.0010000000002037268,0.0010000000002037268,-0.003984000000002652,5.999999999062311e-06,1.0000000003174137e-05,341,1,0,1,0,1,0,0.7,4469.779762280702,94.29843807894737,1834.3976878159076,0,342
1115.25,1.3,9.5,-2.0,4405.3555,93.59444,-0.5574999999998909,-0.0014999999993960955,-0.0004999999991923687,-0.003969999999995366,1.4000000007285962e-05,8.000000008223651e-06,342,1,0,1,0,1,0,0.7,4469.591936443149,94.29638560641399,1839.6841146273646,0,343
1114.25,1.3,9.5,-2.0,4404.7964,93.590454,-0.5590999999994892,-0.0015999999995983671,-0.00010000000020227162,-0.003986000000011813,-1.6000000016447302e-05,-3.0000000023733264e-05,343,1,0,1,0,1,0,0.7,4469.403577325581,94.29433347965116,1844.9698705187948,0,344
1116.25,1.3,9.5,-2.0,4404.236,93.58648,-0.5604000000002998,-0.0013000000008105417,0.00029999999878782546,-0.003973999999999478,1.2000000012335477e-05,2.800000002878278e-05,344,1,0,1,0,1,0,0.7,4469.214685797101,94.29228173043478,1850.254953930198,0,345
1115.75,1.3,9.5,-2.0,4403.674,93.582504,-0.5619999999998981,-0.0015999999995983671,-0.00029999999878782546,-0.0039759999999944284,-1.9999999949504854e-06,-1.4000000007285962e-05,345,1,0,1,0,1,0,0.7,4469.025261849711,94.29023034971098,1855.5393629415746,0,346
1116.75,1.3,9.5,-2.0,4403.1104,93.57854,-0.563600000000406,-0.0016000000005078618,-9.094947017729282e-13,-0.003963999999996304,1.1999999998124622e-05,1.3999999993075107e-05,346,1,0,1,0,1,0,0.7,4468.835305475504,94.28817936887609,1860.823095632924,0,347
1115.25,1.3,9.5,-2.0,4402.5454,93.57456,-0.5649999999995998,-0.001399999999193824,0.00020000000131403795,-0.00397999999999854,-1.6000000002236447e-05,-2.800000000036107e-05,347,1,0,1,0,1,0,0.7,4468.644817241379,94.28612873850575,1866.106150324246,0,348
1115.25,1.3,9.5,-2.0,4401.9795,93.570595,-0.5658999999996013,-0.0009000000000014552,0.0004999999991923687,-0.00396500000000799,1.499999999055035e-05,3.09999999927868e-05,348,1,0,1,0,1,0,0.7,4468.453799140401,94.28407849856734,1871.388525935541,0,349
1113.75,1.3,9.5,-2.0,4401.4116,93.566635,-0.5679000000000087,-0.0020000000004074536,-0.0011000000004059984,-0.003959999999992192,5.000000015797923e-06,-9.999999974752427e-06,349,1,0,1,0,1,0,0.7,4468.262250000001,94.28202866000001,1876.6702200668087,0,350
1113.5,1.3,9.5,-2.0,4400.8423,93.56267,-0.569300000000112,-0.0014000000001033186,0.000600000000304135,-0.00396500000000799,-5.000000015797923e-06,-1.0000000031595846e-05,350,1,0,1,0,1,0,0.7,4468.070170370371,94.27997920512821,1881.9512310380492,0,351
1113.5,1.3,9.5,-2.0,4400.2715,93.55871,-0.5708000000004176,-0.0015000000003055902,-0.00010000000020227162,-0.003959999999992192,5.000000015797923e-06,1.0000000031595846e-05,351,1,0,1,0,1,0,0.7,4467.877560511363,94.27793014488635,1887.2315570492622,0,352
1112.75,1.3,9.5,-2.0,4399.699,93.55475,-0.5725000000002183,-0.0016999999998006388,-0.00019999999949504854,-0.003960000000006403,-1.4210854715202004e-14,-5.000000030008778e-06,352,1,0,1,0,1,0,0.7,4467.684420113314,94.27588147592068,1892.511196060448,0,353
1113.25,1.3,9.5,-2.0,4399.126,93.5508,-0.5729999999994106,-0.0004999999991923687,0.00120000000060827,-0.003950000000003229,1.0000000003174137e-05,1.0000000017384991e-05,353,1,0,1,0,1,0,0.7,4467.490752259887,94.27383322316383,1897.790147471606,0,354
1113.0,1.3,9.5,-2.0,4398.551,93.54684,-0.5749999999998181,-0.0020000000004074536,-0.001500000001215085,-0.003959999999992192,-9.999999988963282e-06,-1.9999999992137418e-05,354,1,0,1,0,1,0,0.7,4467.2965557746475,94.27178535492958,1903.0684088827363,0,355
1113.0,1.3,9.5,-2.0,4397.9746,93.542885,-0.5764000000008309,-0.0014000000010128133,0.0005999999993946403,-0.003955000000004816,4.9999999873762135e-06,1.4999999976339495e-05,355,1,0,1,0,1,0,0.7,4467.101831179775,94.26973788202247,1908.3459786138392,0,356
1113.0,1.3,9.5,-2.0,4397.3965,93.53894,-0.5780999999997221,-0.001699999998891144,-0.00029999999787833076,-0.003945000000001642,1.0000000003174137e-05,5.000000015797923e-06,356,1,0,1,0,1,0,0.7,4466.906578151261,94.26769082913167,1913.6228546249142,0,357
1114.75,1.3,9.5,-2.0,4396.8174,93.53499,-0.5790999999999258,-0.0010000000002037268,0.0006999999986874172,-0.003950000000003229,-5.000000001587068e-06,-1.5000000004761205e-05,357,1,0,1,0,1,0,0.7,4466.710798324022,94.26564417877096,1918.8990357159614,0,358
1115.25,1.3,9.5,-2.0,4396.2363,93.531044,-0.5811000000003332,-0.0020000000004074536,-0.0010000000002037268,-0.003945999999999117,4.0000000041118255e-06,9.000000005698894e-06,358,1,0,1,0,1,0,0.7,4466.514490529248,94.26359793871866,1924.1745194869807,0,359
1117.25,1.3,9.5,-2.0,4395.6543,93.52711,-0.5819999999994252,-0.0008999999990919605,0.0011000000013154931,-0.003934000000000992,1.1999999998124622e-05,7.999999994012796e-06,359,1,0,1,0,1,0,0.7,4466.317656666666,94.26155213888889,1929.4493048579723,0,360
1116.75,1.3,9.5,-2.0,4395.0703,93.52316,-0.5839999999998327,-0.0020000000004074536,-0.0011000000013154931,-0.003949999999989018,-1.5999999988025593e-05,-2.7999999986150215e-05,360,1,0,1,0,1,0,0.7,4466.120295567867,94.25950673130194,1934.7233894289357,0,361
1114.75,1.3,9.5,-2.0,4394.4854,93.519226,-0.5849000000007436,-0.0009000000009109499,0.0010999999994965037,-0.003934000000000992,1.5999999988025593e-05,3.1999999976051186e-05,361,1,0,1,0,1,0,0.7,4465.922409116022,94.25746175690608,1939.996772119871,0,362
1114.5,1.3,9.5,-2.0,4393.899,93.51529,-0.5863999999992302,-0.0014999999984866008,-0.0005999999975756509,-0.003936000000010154,-2.00000000916134e-06,-1.7999999997186933e-05,362,1,0,1,0,1,0,0.7,4465.723997520661,94.25541720661157,1945.269451130778,0,363
1114.75,1.3,9.5,-2.0,4393.311,93.51136,-0.5880000000006476,-0.0016000000014173565,-0.00010000000293075573,-0.00392999999999688,6.000000013273166e-06,8.000000022434506e-06,363,1,0,1,0,1,0,0.7,4465.525060714286,94.2533730934066,1950.5414245416569,0,364
1115.25,1.3,9.5,-2.0,4392.7217,93.50742,-0.5892999999996391,-0.0012999999989915523,0.00030000000242580427,-0.003940000000000055,-1.0000000003174137e-05,-1.6000000016447302e-05,364,1,0,1,0,1,0,0.7,4465.325599452054,94.25132938630136,1955.8126907925075,0,365
1116.25,1.3,9.5,-2.0,4392.131,93.503494,-0.5906999999997424,-0.0014000000001033186,-0.00010000000111176632,-0.003925999999992769,1.4000000007285962e-05,2.40000000104601e-05,365,1,0,1,0,1,0,0.7,4465.12561420765,94.24928612021858,1961.08324820333,0,366
1117.75,1.3,9.5,-2.0,4391.5386,93.49957,-0.5924000000004526,-0.0017000000007101335,-0.00030000000060681487,-0.003923999999997818,1.9999999949504854e-06,-1.2000000012335477e-05,366,1,0,1,0,1,0,0.7,4464.925104632152,94.24724329700273,1966.3530947341237,0,367
1117.5,1.3,9.5,-2.0,4390.9453,93.49564,-0.5932999999995445,-0.0008999999990919605,0.000800000001618173,-0.003930000000011091,-6.000000013273166e-06,-8.000000008223651e-06,367,1,0,1,0,1,0,0.7,4464.724072554348,94.24520089673914,1971.622229304889,0,368
1117.75,1.3,9.5,-2.0,4390.35,93.49172,-0.595299999999952,-0.0020000000004074536,-0.0011000000013154931,-0.003919999999993706,1.0000000017384991e-05,1.6000000030658157e-05,368,1,0,1,0,1,0,0.7,4464.522516802168,94.24315894308943,1976.890649515626,0,369
1116.75,1.3,9.5,-2.0,4389.754,93.48781,-0.5960000000004584,-0.0007000000005064066,0.001299999999901047,-0.003910000000004743,9.999999988963282e-06,-2.842170943040401e-14,369,1,0,1,0,1,0,0.7,4464.3204397297295,94.24111745945946,1982.1583545263343,0,370
1117.75,1.3,9.5,-2.0,4389.156,93.48389,-0.5979999999999563,-0.001999999999497959,-0.0012999999989915523,-0.003919999999993706,-9.999999988963282e-06,-1.9999999977926564e-05,370,1,0,1,0,1,0,0.7,4464.117840161725,94.23907641509435,1987.4253419370136,0,371
1116.25,1.3,9.5,-2.0,4388.5566,93.47997,-0.5994000000000597,-0.0014000000001033186,0.0005999999993946403,-0.003920000000007917,-1.4210854715202004e-14,9.999999974752427e-06,371,1,0,1,0,1,0,0.7,4463.914718548387,94.23703580645162,1992.6916100676644,0,372
1116.75,1.3,9.5,-2.0,4387.956,93.47607,-0.6005999999997584,-0.0011999999996987754,0.00020000000040454324,-0.003899999999987358,2.0000000020559128e-05,2.0000000034769982e-05,372,1,0,1,0,1,0,0.7,4463.711075871314,94.2349956836461,1997.9571574782863,0,373
1117.0,1.3,9.5,-2.0,4387.354,93.47215,-0.6019999999998618,-0.0014000000001033186,-0.00020000000040454324,-0.003920000000007917,-2.0000000020559128e-05,-4.0000000041118255e-05,373,1,0,1,0,1,0,0.7,4463.506912566845,94.23295598930481,2003.2219824888793,0,374
1117.25,1.3,9.5,-2.0,4386.7505,93.46825,-0.6035000000001673,-0.0015000000003055902,-0.00010000000020227162,-0.003900000000001569,2.0000000006348273e-05,4.00000000269074e-05,374,1,0,1,0,1,0,0.7,4463.3022288,94.23091677333333,2008.4860832994434,0,375
1116.75,1.3,9.5,-2.0,4386.1455,93.46435,-0.6050000000004729,-0.0015000000003055902,0.0,-0.003900000000001569,0.0,-2.0000000006348273e-05,375,1,0,1,0,1,0,0.7,4463.097024734043,94.2288780319149,2013.7494581099784,0,376
1117.75,1.3,9.5,-2.0,4385.539,93.46044,-0.606499999999869,-0.0014999999993960955,9.094947017729282e-13,-0.003909999999990532,-9.999999988963282e-06,-9.999999988963282e-06,376,1,0,1,0,1,0,0.7,4462.891300530504,94.22683973474803,2019.0121051204842,0,377
1118.25,1.3,9.5,-2.0,4384.9316,93.45654,-0.6073999999998705,-0.0009000000000014552,0.0005999999993946403,-0.003900000000001569,9.999999988963282e-06,1.9999999977926564e-05,377,1,0,1,0,1,0,0.7,4462.685057936508,94.22480190476192,2024.274023250961,0,378
1118.25,1.3,9.5,-2.0,4384.3223,93.45265,-0.6093000000000757,-0.001900000000205182,-0.0010000000002037268,-0.0038899999999983947,1.0000000003174137e-05,1.4210854715202004e-14,378,1,0,1,0,1,0,0.7,4462.478296042216,94.22276456464381,2029.5352102214083,0,379
1118.5,1.3,9.5,-2.0,4383.712,93.44875,-0.6102999999993699,-0.0009999999992942321,0.0009000000009109499,-0.003900000000001569,-1.0000000003174137e-05,-2.0000000006348273e-05,379,1,0,1,0,1,0,0.7,4462.271016315789,94.22072768421052,2034.7956648318266,0,380
1118.25,1.3,9.5,-2.0,4383.1,93.44486,-0.61200000000008,-0.0017000000007101335,-0.0007000000014159014,-0.0038899999999983947,1.0000000003174137e-05,2.0000000006348273e-05,380,1,0,1,0,1,0,0.7,4462.063218372704,94.21869128608924,2040.0553850422154,0,381
1117.25,1.3,9.5,-2.0,4382.4863,93.44097,-0.6137000000007902,-0.0017000000007101335,0.0,-0.0038900000000126056,-1.4210854715202004e-14,-1.0000000017384991e-05,381,1,0,1,0,1,0,0.7,4461.854901832461,94.21665536649213,2045.3143688125747,0,382
1117.75,1.3,9.5,-2.0,4381.872,93.43709,-0.6142999999992753,-0.0005999999984851456,0.0011000000022249878,-0.0038799999999952206,1.0000000017384991e-05,1.0000000031595846e-05,382,1,0,1,0,1,0,0.7,4461.6460691906,94.21461994778068,2050.5726154229046,0,383
1118.25,1.3,9.5,-2.0,4381.256,93.433205,-0.6159999999999854,-0.0017000000007101335,-0.0011000000022249878,-0.0038849999999968077,-5.000000001587068e-06,-1.500000001897206e-05,383,1,0,1,0,1,0,0.7,4461.436720052084,94.21258501302083,2055.8301228332048,0,384
1116.75,1.3,9.5,-2.0,4380.638,93.42932,-0.6180000000003929,-0.0020000000004074536,-0.00029999999969732016,-0.0038849999999968077,0.0,5.000000001587068e-06,384,1,0,1,0,1,0,0.7,4461.226853246753,94.21055055844155,2061.0868886434755,0,385
1116.75,1.3,9.5,-2.0,4380.0195,93.425446,-0.6184999999995853,-0.0004999999991923687,0.001500000001215085,-0.003874000000010369,1.0999999986438525e-05,1.0999999986438525e-05,385,1,0,1,0,1,0,0.7,4461.01647150259,94.2085166088083,2066.3429122537163,0,386
1115.75,1.3,9.5,-2.0,4379.399,93.42157,-0.6204999999999927,-0.0020000000004074536,-0.001500000001215085,-0.0038759999999911088,-1.9999999807396307e-06,-1.2999999967178155e-05,386,1,0,1,0,1,0,0.7,4460.805573643411,94.20648315503877,2071.5981912639277,0,387
1114.75,1.3,9.5,-2.0,4378.7773,93.417694,-0.621700000000601,-0.00120000000060827,0.0007999999997991836,-0.0038760000000053196,-1.4210854715202004e-14,1.999999966528776e-06,387,1,0,1,0,1,0,0.7,4460.5941605670105,94.20445019329895,2076.852724234109,0,388
1114.5,1.3,9.5,-2.0,4378.1543,93.413826,-0.6229999999995925,-0.0012999999989915523,-9.999999838328222e-05,-0.003867999999997096,8.000000008223651e-06,8.000000022434506e-06,388,1,0,1,0,1,0,0.7,4460.382232904884,94.20241774035989,2082.1065096042603,0,389
1113.75,1.3,9.5,-2.0,4377.53,93.40996,-0.6243000000004031,-0.0013000000008105417,-1.8189894035458565e-12,-0.0038660000000021455,1.9999999949504854e-06,-6.000000013273166e-06,389,1,0,1,0,1,0,0.7,4460.169791282051,94.20038579743589,2087.359545814382,0,390
1113.75,1.3,9.5,-2.0,4376.9043,93.40609,-0.6256999999995969,-0.001399999999193824,-9.999999838328222e-05,-0.0038699999999920465,-3.999999989900971e-06,-5.999999984851456e-06,390,1,0,1,0,1,0,0.7,4459.956836061381,94.19835435038364,2092.6118311844734,0,391
1112.75,1.3,9.5,-2.0,4376.277,93.40223,-0.6273000000001048,-0.0016000000005078618,-0.00020000000131403795,-0.003860000000003083,9.999999988963282e-06,1.3999999978864253e-05,391,1,0,1,0,1,0,0.7,4459.743367091837,94.19632342091838,2097.8633637945345,0,392
1110.75,1.3,9.5,-2.0,4375.6484,93.39837,-0.6286000000000058,-0.001299999999901047,0.00030000000060681487,-0.003860000000003083,0.0,-9.999999988963282e-06,392,1,0,1,0,1,0,0.7,4459.529384987277,94.19429300508905,2103.1141420845656,0,393
1110.75,1.3,9.5,-2.0,4375.0186,93.394516,-0.6297999999997046,-0.0011999999996987754,0.00010000000020227162,-0.003854000000004021,5.999999999062311e-06,5.999999999062311e-06,393,1,0,1,0,1,0,0.7,4459.314890609137,94.19226311421319,2108.3641646145666,0,394
1111.75,1.3,9.5,-2.0,4374.387,93.39066,-0.631600000000617,-0.001800000000912405,-0.0006000000012136297,-0.0038559999999989714,-1.9999999949504854e-06,-7.999999994012796e-06,394,1,0,1,0,1,0,0.7,4459.099883291139,94.19023373924051,2113.613429224537,0,395
1111.75,1.3,9.5,-2.0,4373.7544,93.38681,-0.6325999999999112,-0.0009999999992942321,0.000800000001618173,-0.003849999999999909,5.999999999062311e-06,7.999999994012796e-06,395,1,0,1,0,1,0,0.7,4458.88436439394,94.18820489141413,2118.8619347144772,0,396
1110.25,1.3,9.5,-2.0,4373.12,93.38296,-0.6343999999999141,-0.0018000000000029104,-0.0008000000007086783,-0.003849999999999909,0.0,-5.999999999062311e-06,396,1,0,1,0,1,0,0.7,4458.66833324937,94.18617656675063,2124.109678924387,0,397
1110.25,1.3,9.5,-2.0,4372.485,93.37911,-0.6350000000002183,-0.000600000000304135,0.0011999999996987754,-0.003849999999999909,0.0,0.0,397,1,0,1,0,1,0,0.7,4458.451792211055,94.18414876130653,2129.3566611342662,0,398
1109.75,1.3,9.5,-2.0,4371.848,93.37527,-0.6369999999997162,-0.001999999999497959,-0.001399999999193824,-0.003839999999996735,1.0000000003174137e-05,1.0000000003174137e-05,398,1,0,1,0,1,0,0.7,4458.234740100251,94.1821214962406,2134.602878944115,0,399
1110.75,1.3,9.5,-2.0,4371.21,93.37143,-0.63799999999992,-0.0010000000002037268,0.0009999999992942321,-0.003839999999996735,0.0,-1.0000000003174137e-05,399,1,0,1,0,1,0,0.7,4458.01717825,94.1800947675,2139.848331153933,0,400
1109.25,1.3,9.5,-2.0,4370.5703,93.36759,-0.6396999999997206,-0.0016999999998006388,-0.000699999999596912,-0.003839999999996735,0.0,0.0,400,1,0,1,0,1,0,0.7,4457.7991062344145,94.17806857107232,2145.093015723721,0,401
1111.25,1.3,9.5,-2.0,4369.9297,93.363754,-0.6406000000006316,-0.0009000000009109499,0.0007999999988896889,-0.003836000000006834,3.999999989900971e-06,3.999999989900971e-06,401,1,0,1,0,1,0,0.7,4457.580525621891,94.17604291293532,2150.336931573477,0,402
1111.0,1.3,9.5,-2.0,4369.287,93.359924,-0.6426999999994223,-0.002099999998790736,-0.001199999997879786,-0.0038299999999935608,6.000000013273166e-06,2.000000023372195e-06,402,1,0,1,0,1,0,0.7,4457.361434987593,94.17401780397023,2155.580076183203,0,403
1111.25,1.3,9.5,-2.0,4368.6436,93.356094,-0.6433999999999287,-0.0007000000005064066,0.0013999999982843292,-0.0038300000000077716,-1.4210854715202004e-14,-6.00000002748402e-06,403,1,0,1,0,1,0,0.7,4457.1418363861385,94.171993240099,2160.8224487128978,0,404
1111.5,1.3,9.5,-2.0,4367.9985,93.35227,-0.6451000000006388,-0.0017000000007101335,-0.0010000000002037268,-0.0038239999999944985,6.000000013273166e-06,6.00000002748402e-06,404,1,0,1,0,1,0,0.7,4456.921729382716,94.16996923209877,2166.064047122562,0,405
1110.25,1.3,9.5,-2.0,4367.352,93.34844,-0.6464999999998327,-0.001399999999193824,0.00030000000151630957,-0.0038300000000077716,-6.000000013273166e-06,-1.2000000026546331e-05,405,1,0,1,0,1,0,0.7,4456.7011142857145,94.16794576108374,2171.3048697321947,0,406
1109.25,1.3,9.5,-2.0,4366.7046,93.34463,-0.6473999999998341,-0.0009000000000014552,0.0004999999991923687,-0.0038100000000014234,2.0000000006348273e-05,2.600000001962144e-05,406,1,0,1,0,1,0,0.7,4456.4799926289925,94.16592287223588,2176.544915461797,0,407
1109.0,1.3,9.5,-2.0,4366.0557,93.340805,-0.6489000000001397,-0.0015000000003055902,-0.000600000000304135,-0.0038249999999919737,-1.499999999055035e-05,-3.499999999689862e-05,407,1,0,1,0,1,0,0.7,4456.258364460784,94.16390052450981,2181.7841825113674,0,408
1109.0,1.3,9.5,-2.0,4365.405,93.33699,-0.6507000000001426,-0.0018000000000029104,-0.00029999999969732016,-0.0038150000000030104,9.999999988963282e-06,2.4999999979513632e-05,408,1,0,1,0,1,0,0.7,4456.036229095354,94.1618787383863,2187.022668720907,0,409
1109.0,1.3,9.5,-2.0,4364.7534,93.33318,-0.6516000000001441,-0.0009000000000014552,0.0009000000000014552,-0.0038100000000014234,5.000000001587068e-06,-4.9999999873762135e-06,409,1,0,1,0,1,0,0.7,4455.813588048781,94.15985752195121,2192.2603730104147,0,410
1108.25,1.3,9.5,-2.0,4364.1,93.32937,-0.6533999999992375,-0.0017999999990934157,-0.0008999999990919605,-0.0038100000000014234,0.0,-5.000000001587068e-06,410,1,0,1,0,1,0,0.7,4455.5904406326035,94.15783687104623,2197.4972932198916,0,411
1107.75,1.3,9.5,-2.0,4363.446,93.32557,-0.6540000000004511,-0.0006000000012136297,0.001199999997879786,-0.0037999999999982492,1.0000000003174137e-05,1.0000000003174137e-05,411,1,0,1,0,1,0,0.7,4455.36678907767,94.15581680582524,2202.733428629337,0,412
1108.75,1.3,9.5,-2.0,4362.79,93.32176,-0.6559999999999491,-0.001999999999497959,-0.0013999999982843292,-0.0038100000000014234,-1.0000000003174137e-05,-2.0000000006348273e-05,412,1,0,1,0,1,0,0.7,4455.142632203389,94.15379729782082,2207.968776838751,0,413
1109.75,1.3,9.5,-2.0,4362.133,93.31796,-0.6570000000001528,-0.0010000000002037268,0.0009999999992942321,-0.0037999999999982492,1.0000000003174137e-05,2.0000000006348273e-05,413,1,0,1,0,1,0,0.7,4454.917971256039,94.15177836714976,2213.2033366481332,0,414
1110.0,1.3,9.5,-2.0,4361.474,93.31416,-0.6589999999996508,-0.001999999999497959,-0.0009999999992942321,-0.0037999999999982492,0.0,-1.0000000003174137e-05,414,1,0,1,0,1,0,0.7,4454.692805060241,94.14976000963856,2218.437105657484,0,415
1109.25,1.3,9.5,-2.0,4360.8145,93.31037,-0.6594999999997526,-0.0005000000001018634,0.0014999999993960955,-0.003789999999995075,1.0000000003174137e-05,1.0000000003174137e-05,415,1,0,1,0,1,0,0.7,4454.467136057692,94.1477422451923,2223.6700832668034,0,416
1109.5,1.3,9.5,-2.0,4360.1533,93.30658,-0.6612000000004628,-0.0017000000007101335,-0.00120000000060827,-0.003790000000009286,-1.4210854715202004e-14,-1.0000000017384991e-05,416,1,0,1,0,1,0,0.7,4454.240963788969,94.14572506954437,2228.902267436091,0,417
1111.75,1.3,9.5,-2.0,4359.4907,93.30279,-0.6625999999996566,-0.001399999999193824,0.00030000000151630957,-0.003789999999995075,1.4210854715202004e-14,2.842170943040401e-14,417,1,0,1,0,1,0,0.7,4454.014288516746,94.1437084784689,2234.1336564853464,0,418
1112.75,1.3,9.5,-2.0,4358.8267,93.299,-0.6640000000006694,-0.0014000000010128133,-1.8189894035458565e-12,-0.003789999999995075,0.0,-1.4210854715202004e-14,418,1,0,1,0,1,0,0.7,4453.787110501194,94.14169246778042,2239.36424873457,0,419
1111.25,1.3,9.5,-2.0,4358.1616,93.29523,-0.6650999999992564,-0.001099999998587009,0.00030000000242580427,-0.0037700000000029377,1.9999999992137418e-05,1.9999999992137418e-05,419,1,0,1,0,1,0,0.7,4453.559430714286,94.13967708095238,2244.594042863762,0,420
1112.25,1.3,9.5,-2.0,4357.495,93.29144,-0.6666000000004715,-0.001500000001215085,-0.0004000000026280759,-0.003790000000009286,-2.0000000006348273e-05,-3.999999999848569e-05,420,1,0,1,0,1,0,0.7,4453.331249168646,94.13766226603326,2249.8230370729216,0,421
1114.25,1.3,9.5,-2.0,4356.827,93.28767,-0.6679999999996653,-0.001399999999193824,0.00010000000202126103,-0.003769999999988727,2.0000000020559128e-05,4.00000000269074e-05,421,1,0,1,0,1,0,0.7,4453.102566113744,94.13564806635071,2255.0512296820493,0,422
1113.75,1.3,9.5,-2.0,4356.158,93.2839,-0.668999999999869,-0.0010000000002037268,0.0003999999989900971,-0.0037700000000029377,-1.4210854715202004e-14,-2.0000000034769982e-05,422,1,0,1,0,1,0,0.7,4452.873382742317,94.13363447754138,2260.2786194911446,0,423
1115.25,1.3,9.5,-2.0,4355.488,93.28013,-0.6700000000000728,-0.0010000000002037268,0.0,-0.0037700000000029377,0.0,1.4210854715202004e-14,423,1,0,1,0,1,0,0.7,4452.643700235849,94.13162149528301,2265.505205300208,0,424
1116.25,1.3,9.5,-2.0,4354.816,93.27636,-0.6720000000004802,-0.0020000000004074536,-0.0010000000002037268,-0.0037700000000029377,0.0,0.0,424,1,0,1,0,1,0,0.7,4452.413517411765,94.12960911529413,2270.7309847092392,0,425
1116.25,1.3,9.5,-2.0,4354.1426,93.27259,-0.673399999999674,-0.001399999999193824,0.0006000000012136297,-0.0037700000000029377,0.0,0.0,425,1,0,1,0,1,0,0.7,4452.182834507043,94.12759733333333,2275.955956038238,0,426
1117.25,1.3,9.5,-2.0,4353.4683,93.26884,-0.6742999999996755,-0.0009000000000014552,0.0004999999991923687,-0.0037499999999965894,2.0000000006348273e-05,2.0000000006348273e-05,426,1,0,1,0,1,0,0.7,4451.951652927401,94.12558619203747,2281.1801182072045,0,427
1116.75,1.3,9.5,-2.0,4352.7925,93.265076,-0.6758000000008906,-0.001500000001215085,-0.0006000000012136297,-0.0037640000000038754,-1.4000000007285962e-05,-3.4000000013634235e-05,427,1,0,1,0,1,0,0.7,4451.719972663552,94.1235756542056,2286.4034694161387,0,428
1118.75,1.3,9.5,-2.0,4352.115,93.26132,-0.6774999999997817,-0.001699999998891144,-0.00019999999767605914,-0.0037559999999956517,8.000000008223651e-06,2.2000000015509613e-05,428,1,0,1,0,1,0,0.7,4451.487793240093,94.12156573426574,2291.62600762504,0,429
1117.25,1.3,9.5,-2.0,4351.4365,93.25757,-0.6784999999999854,-0.0010000000002037268,0.0006999999986874172,-0.0037499999999965894,5.999999999062311e-06,-2.00000000916134e-06,429,1,0,1,0,1,0,0.7,4451.255115813954,94.11955644186045,2296.8477316339095,0,430
1117.0,1.3,9.5,-2.0,4350.757,93.25382,-0.6795000000001892,-0.0010000000002037268,0.0,-0.0037499999999965894,0.0,-5.999999999062311e-06,430,1,0,1,0,1,0,0.7,4451.021941531322,94.11754777262182,2302.0686402427455,0,431
1117.75,1.3,9.5,-2.0,4350.0757,93.25008,-0.6812999999992826,-0.0017999999990934157,-0.0007999999988896889,-0.003740000000007626,9.999999988963282e-06,9.999999988963282e-06,431,1,0,1,0,1,0,0.7,4450.788269675926,94.11553974537037,2307.288731291549,0,432
1117.5,1.3,9.5,-2.0,4349.3936,93.24634,-0.6820999999999913,-0.0008000000007086783,0.0009999999983847374,-0.0037399999999934153,1.4210854715202004e-14,-9.999999974752427e-06,432,1,0,1,0,1,0,0.7,4450.554101847575,94.1135323556582,2312.50800382032,0,433
1114.75,1.3,9.5,-2.0,4348.71,93.2426,-0.6836000000002969,-0.0015000000003055902,-0.000699999999596912,-0.003740000000007626,-1.4210854715202004e-14,-2.842170943040401e-14,433,1,0,1,0,1,0,0.7,4450.319438018433,94.11152559907835,2317.726456029058,0,434
1114.75,1.3,9.5,-2.0,4348.025,93.23886,-0.6850000000004002,-0.0014000000001033186,0.00010000000020227162,-0.0037399999999934153,1.4210854715202004e-14,2.842170943040401e-14,434,1,0,1,0,1,0,0.7,4450.084278390805,94.10951947126436,2322.9440862377633,0,435
1115.0,1.3,9.5,-2.0,4347.3384,93.23513,-0.6865999999999985,-0.0015999999995983671,-0.00019999999949504854,-0.003730000000004452,9.999999988963282e-06,9.999999974752427e-06,435,1,0,1,0,1,0,0.7,4449.848622706422,94.1075139908257,2328.160892526436,0,436
1115.25,1.3,9.5,-2.0,4346.651,93.2314,-0.6873999999997977,-0.0007999999997991836,0.0007999999997991836,-0.003730000000004452,0.0,-9.999999988963282e-06,436,1,0,1,0,1,0,0.7,4449.612472540046,94.10550915331807,2333.376873935075,0,437
1115.5,1.3,9.5,-2.0,4345.962,93.22768,-0.6889999999993961,-0.0015999999995983671,-0.0007999999997991836,-0.003719999999987067,1.0000000017384991e-05,1.0000000017384991e-05,437,1,0,1,0,1,0,0.7,4449.375827625571,94.10350497716895,2338.592028543681,0,438
1114.75,1.3,9.5,-2.0,4345.2715,93.22395,-0.6905000000006112,-0.001500000001215085,9.999999838328222e-05,-0.003730000000004452,-1.0000000017384991e-05,-2.0000000034769982e-05,438,1,0,1,0,1,0,0.7,4449.138687927108,94.10150143507973,2343.806354552254,0,439
1114.25,1.3,9.5,-2.0,4344.58,93.22023,-0.6914999999999054,-0.0009999999992942321,0.0005000000019208528,-0.003720000000001278,1.0000000003174137e-05,2.0000000020559128e-05,439,1,0,1,0,1,0,0.7,4448.901054545454,94.09949854545455,2349.019850760794,0,440
1114.25,1.3,9.5,-2.0,4343.887,93.216515,-0.693000000000211,-0.0015000000003055902,-0.0005000000010113581,-0.0037149999999996908,5.000000001587068e-06,-5.000000001587068e-06,440,1,0,1,0,1,0,0.7,4448.662927437642,94.09749631519274,2354.2325153693005,0,441
1114.75,1.3,9.5,-2.0,4343.1934,93.21281,-0.6935999999996056,-0.0005999999993946403,0.0009000000009109499,-0.0037049999999965166,1.0000000003174137e-05,5.000000001587068e-06,441,1,0,1,0,1,0,0.7,4448.424308597285,94.09549476244344,2359.444347657774,0,442
1115.0,1.3,9.5,-2.0,4342.4976,93.20909,-0.6958000000004176,-0.002200000000811997,-0.0016000000014173565,-0.003720000000001278,-1.5000000004761205e-05,-2.500000000793534e-05,442,1,0,1,0,1,0,0.7,4448.185196388262,94.09349384875847,2364.655344986214,0,443
1116.25,1.3,9.5,-2.0,4341.8013,93.20539,-0.69629999999961,-0.0004999999991923687,0.0017000000016196282,-0.0037000000000091404,1.9999999992137418e-05,3.499999999689862e-05,443,1,0,1,0,1,0,0.7,4447.945593018018,94.09149361486486,2369.86550675462,0,444
1116.25,1.3,9.5,-2.0,4341.103,93.20168,-0.6983000000000175,-0.0020000000004074536,-0.001500000001215085,-0.0037099999999981037,-9.999999988963282e-06,-2.99999999811007e-05,444,1,0,1,0,1,0,0.7,4447.705497303371,94.08949403370787,2375.074830562993,0,445
1116.25,1.3,9.5,-2.0,4340.404,93.19798,-0.6989999999996144,-0.000699999999596912,0.0013000000008105417,-0.0036999999999949296,1.0000000003174137e-05,1.9999999992137418e-05,445,1,0,1,0,1,0,0.7,4447.464910986547,94.08749512331839,2380.2833155713324,0,446
1116.5,1.3,9.5,-2.0,4339.703,93.19429,-0.7010000000000218,-0.0020000000004074536,-0.0013000000008105417,-0.0036900000000059663,9.999999988963282e-06,-1.4210854715202004e-14,446,1,0,1,0,1,0,0.7,4447.223832885906,94.08549690156599,2385.4909593796383,0,447
1116.25,1.3,9.5,-2.0,4339.0015,93.1906,-0.7015000000001237,-0.0005000000001018634,0.0015000000003055902,-0.0036899999999917554,1.4210854715202004e-14,-9.999999974752427e-06,447,1,0,1,0,1,0,0.7,4446.982265178572,94.0834993638393,2390.6977613879103,0,448
1115.75,1.3,9.5,-2.0,4338.298,93.186905,-0.7035000000005311,-0.0020000000004074536,-0.0015000000003055902,-0.0036950000000075534,-5.000000015797923e-06,-5.000000030008778e-06,448,1,0,1,0,1,0,0.7,4446.740206681515,94.08150249443207,2395.903719196149,0,449
1114.25,1.3,9.5,-2.0,4337.5938,93.18322,-0.7042000000001281,-0.000699999999596912,0.0013000000008105417,-0.0036849999999901684,1.0000000017384991e-05,1.5000000033182914e-05,449,1,0,1,0,1,0,0.7,4446.497659111111,94.07950631111112,2401.108831964353,0,450
1116.25,1.3,9.5,-2.0,4336.8877,93.17954,-0.7060999999994237,-0.0018999999992956873,-0.0011999999996987754,-0.003680000000002792,4.9999999873762135e-06,-5.000000030008778e-06,450,1,0,1,0,1,0,0.7,4446.254621507761,94.07751082039911,2406.313097412524,0,451
1114.25,1.3,9.5,-2.0,4336.1807,93.17586,-0.7070000000003347,-0.0009000000009109499,0.0009999999983847374,-0.003680000000002792,0.0,-4.9999999873762135e-06,451,1,0,1,0,1,0,0.7,4446.011095132743,94.07551601769912,2411.5165144606603,0,452
1115.25,1.3,9.5,-2.0,4335.4727,93.17219,-0.7079999999996289,-0.0009999999992942321,-9.999999838328222e-05,-0.003669999999999618,1.0000000003174137e-05,1.0000000003174137e-05,452,1,0,1,0,1,0,0.7,4445.767081015452,94.0735219205298,2416.719081908763,0,453
1116.75,1.3,9.5,-2.0,4334.7627,93.16851,-0.7100000000000364,-0.0020000000004074536,-0.0010000000011132215,-0.003680000000002792,-1.0000000003174137e-05,-2.0000000006348273e-05,453,1,0,1,0,1,0,0.7,4445.522577973568,94.07152850220265,2421.920797356832,0,454
1117.75,1.3,9.5,-2.0,4334.0522,93.16484,-0.7105000000001382,-0.0005000000001018634,0.0015000000003055902,-0.003669999999999618,1.0000000003174137e-05,2.0000000006348273e-05,454,1,0,1,0,1,0,0.7,4445.2775881318685,94.06953578021978,2427.121660204866,0,455
1117.5,1.3,9.5,-2.0,4333.34,93.16118,-0.7121999999999389,-0.0016999999998006388,-0.0011999999996987754,-0.003659999999996444,1.0000000003174137e-05,0.0,455,1,0,1,0,1,0,0.7,4445.032110964912,94.06754377192982,2432.3216684128665,0,456
1119.25,1.3,9.5,-2.0,4332.6265,93.15752,-0.7134999999998399,-0.001299999999901047,0.0003999999998995918,-0.003659999999996444,0.0,-1.0000000003174137e-05,456,1,0,1,0,1,0,0.7,4444.786146827133,94.0655524726477,2437.520820420833,0,457
1119.5,1.3,9.5,-2.0,4331.9116,93.153854,-0.7148999999999432,-0.0014000000001033186,-0.00010000000020227162,-0.003666000000009717,-6.000000013273166e-06,-6.000000013273166e-06,457,1,0,1,0,1,0,0.7,4444.539695851528,94.06356186462882,2442.7191145487645,0,458
1118.75,1.3,9.5,-2.0,4331.196,93.1502,-0.7156000000004497,-0.0007000000005064066,0.000699999999596912,-0.0036539999999973816,1.2000000012335477e-05,1.8000000025608642e-05,458,1,0,1,0,1,0,0.7,4444.2927596949885,94.0615719694989,2447.916549956662,0,459
1119.25,1.3,9.5,-2.0,4330.4785,93.14655,-0.7174999999997453,-0.0018999999992956873,-0.0011999999987892807,-0.0036499999999932697,4.0000000041118255e-06,-8.000000008223651e-06,459,1,0,1,0,1,0,0.7,4444.045337391304,94.05958279130435,2453.113124364525,0,460
1117.75,1.3,9.5,-2.0,4329.7603,93.14291,-0.7182000000002517,-0.0007000000005064066,0.0011999999987892807,-0.0036400000000043065,9.999999988963282e-06,5.999999984851456e-06,460,1,0,1,0,1,0,0.7,4443.797430585683,94.05759434707157,2458.3088369323536,0,461
1118.0,1.3,9.5,-2.0,4329.0405,93.13926,-0.7197999999998501,-0.0015999999995983671,-0.0008999999990919605,-0.0036500000000074806,-1.0000000003174137e-05,-1.9999999992137418e-05,461,1,0,1,0,1,0,0.7,4443.549038961039,94.05560661038962,2463.5036857401474,0,462
1117.25,1.3,9.5,-2.0,4328.3193,93.13562,-0.7211999999999534,-0.0014000000001033186,0.00019999999949504854,-0.0036399999999900956,1.0000000017384991e-05,2.0000000020559128e-05,462,1,0,1,0,1,0,0.7,4443.30016263499,94.05361959827215,2468.6976691079067,0,463
1117.0,1.3,9.5,-2.0,4327.597,93.13198,-0.7223000000003594,-0.0011000000004059984,0.00029999999969732016,-0.0036400000000043065,-1.4210854715202004e-14,-1.0000000031595846e-05,463,1,0,1,0,1,0,0.7,4443.05080237069,94.05163330603449,2473.8907857156314,0,464
1117.0,1.3,9.5,-2.0,4326.8735,93.12835,-0.7235000000000582,-0.0011999999996987754,-9.999999929277692e-05,-0.0036300000000011323,1.0000000003174137e-05,1.0000000017384991e-05,464,1,0,1,0,1,0,0.7,4442.800958709678,94.04964775053763,2479.0830341233213,0,465
1114.25,1.3,9.5,-2.0,4326.149,93.12472,-0.7244999999993524,-0.0009999999992942321,0.00020000000040454324,-0.0036300000000011323,0.0,-1.0000000003174137e-05,465,1,0,1,0,1,0,0.7,4442.550632618026,94.04766292703863,2484.2744131309764,0,466
1113.25,1.3,9.5,-2.0,4325.423,93.121086,-0.7260000000005675,-0.001500000001215085,-0.0005000000019208528,-0.0036339999999910333,-3.999999989900971e-06,-3.999999989900971e-06,466,1,0,1,0,1,0,0.7,4442.299823982869,94.0456788222698,2489.4649209385966,0,467
1112.75,1.3,9.5,-2.0,4324.6953,93.11747,-0.7276999999994587,-0.001699999998891144,-0.00019999999767605914,-0.003616000000008057,1.7999999982976078e-05,2.199999997287705e-05,467,1,0,1,0,1,0,0.7,4442.048532264957,94.04369547008548,2494.654555506182,0,468
1114.25,1.3,9.5,-2.0,4323.967,93.113846,-0.7283000000006723,-0.0006000000012136297,0.0010999999976775143,-0.00362400000000207,-7.999999994012796e-06,-2.5999999976988875e-05,468,1,0,1,0,1,0,0.7,4441.796759275053,94.04171284861408,2499.8433161137327,0,469
1114.5,1.3,9.5,-2.0,4323.237,93.11023,-0.7299999999995634,-0.001699999998891144,-0.0010999999976775143,-0.0036159999999938464,8.000000008223651e-06,1.6000000002236447e-05,469,1,0,1,0,1,0,0.7,4441.544504468085,94.03973097021277,2505.031200721248,0,470
1114.75,1.3,9.5,-2.0,4322.506,93.10662,-0.7309999999997672,-0.0010000000002037268,0.0006999999986874172,-0.003609999999994784,5.999999999062311e-06,-2.00000000916134e-06,470,1,0,1,0,1,0,0.7,4441.291768789809,94.03774984288748,2510.2182081287283,0,471
1116.25,1.3,9.5,-2.0,4321.7734,93.10301,-0.732600000000275,-0.0016000000005078618,-0.000600000000304135,-0.003610000000008995,-1.4210854715202004e-14,-6.000000013273166e-06,471,1,0,1,0,1,0,0.7,4441.0385519067795,94.0357694618644,2515.4043364161735,0,472
1115.25,1.3,9.5,-2.0,4321.04,93.0994,-0.7334000000000742,-0.0007999999997991836,0.0008000000007086783,-0.003609999999994784,1.4210854715202004e-14,2.842170943040401e-14,472,1,0,1,0,1,0,0.7,4440.784855179704,94.03378982241014,2520.5895846235835,0,473
1115.25,1.3,9.5,-2.0,4320.305,93.0958,-0.7349999999996726,-0.0015999999995983671,-0.0007999999997991836,-0.0036000000000058208,9.999999988963282e-06,9.999999974752427e-06,473,1,0,1,0,1,0,0.7,4440.530678270042,94.03181094092827,2525.773950830958,0,474
1115.25,1.3,9.5,-2.0,4319.569,93.09221,-0.7359999999998763,-0.0010000000002037268,0.0005999999993946403,-0.0035900000000026466,1.0000000003174137e-05,1.4210854715202004e-14,474,1,0,1,0,1,0,0.7,4440.276022105263,94.02983283368422,2530.957433838297,0,475
1114.25,1.3,9.5,-2.0,4318.8315,93.088615,-0.7375000000001819,-0.0015000000003055902,-0.0005000000001018634,-0.003594999999990023,-4.9999999873762135e-06,-1.499999999055035e-05,475,1,0,1,0,1,0,0.7,4440.020886554621,94.02785548529411,2536.1400318456012,0,476
1115.25,1.3,9.5,-2.0,4318.0933,93.08502,-0.7381999999997788,-0.000699999999596912,0.0008000000007086783,-0.0035950000000042337,-1.4210854715202004e-14,4.999999973165359e-06,476,1,0,1,0,1,0,0.7,4439.765273165619,94.02587889098533,2541.3217440128697,0,477
1116.75,1.3,9.5,-2.0,4317.3535,93.081436,-0.7398000000002867,-0.0016000000005078618,-0.0009000000009109499,-0.0035840000000035843,1.100000000064938e-05,1.1000000014860234e-05,477,1,0,1,0,1,0,0.7,4439.509181589958,94.02390306903766,2546.5025684201028,0,478
1116.75,1.3,9.5,-2.0,4316.6123,93.07785,-0.74120000000039,-0.0014000000001033186,0.00020000000040454324,-0.003585999999998535,-1.9999999949504854e-06,-1.2999999995599865e-05,478,1,0,1,0,1,0,0.7,4439.252611899791,94.0219280104384,2551.6825033873,0,479
1117.75,1.3,9.5,-2.0,4315.87,93.07427,-0.7422999999998865,-0.0010999999994965037,0.00030000000060681487,-0.0035799999999994725,5.999999999062311e-06,7.999999994012796e-06,479,1,0,1,0,1,0,0.7,4438.995564791667,94.01995372291667,2556.861547594462,0,480
1118.75,1.3,9.5,-2.0,4315.1265,93.0707,-0.7434999999995853,-0.0011999999996987754,-0.00010000000020227162,-0.0035699999999962984,1.0000000003174137e-05,4.0000000041118255e-06,480,1,0,1,0,1,0,0.7,4438.738040748441,94.01798022245322,2562.039699601588,0,481
1119.0,1.3,9.5,-2.0,4314.382,93.06713,-0.7445000000006985,-0.0010000000011132215,0.00019999999858555384,-0.0035699999999962984,0.0,-1.0000000003174137e-05,481,1,0,1,0,1,0,0.7,4438.480040663901,94.01600750414939,2567.2169582086785,0,482
1118.75,1.3,9.5,-2.0,4313.6357,93.06356,-0.7462999999997919,-0.0017999999990934157,-0.0007999999979801942,-0.003570000000010509,-1.4210854715202004e-14,-1.4210854715202004e-14,482,1,0,1,0,1,0,0.7,4438.2215637681165,94.01403556314699,2572.3933212557326,0,483
1118.25,1.3,9.5,-2.0,4312.8887,93.06,-0.7469999999993888,-0.000699999999596912,0.0010999999994965037,-0.0035599999999931242,1.0000000017384991e-05,1.0000000031595846e-05,483,1,0,1,0,1,0,0.7,4437.962611570249,94.01206441528926,2577.5687879027514,0,484
1119.75,1.3,9.5,-2.0,4312.14,93.056435,-0.748700000000099,-0.0017000000007101335,-0.0010000000011132215,-0.003565000000008922,-5.000000015797923e-06,-1.5000000033182914e-05,484,1,0,1,0,1,0,0.7,4437.703183505155,94.01009404536083,2582.743356109734,0,485
1120.75,1.3,9.5,-2.0,4311.3906,93.05288,-0.7494000000006054,-0.0007000000005064066,0.0010000000002037268,-0.003554999999991537,1.0000000017384991e-05,1.5000000033182914e-05,485,1,0,1,0,1,0,0.7,4437.443281069958,94.00812446913581,2587.917025036681,0,486
1120.25,1.3,9.5,-2.0,4310.6396,93.049324,-0.7509999999992942,-0.0015999999986888724,-0.0008999999981824658,-0.0035560000000032232,-1.0000000116860974e-06,-1.1000000029071089e-05,486,1,0,1,0,1,0,0.7,4437.182903901437,94.00615567967147,2593.0897927635915,0,487
1120.0,1.3,9.5,-2.0,4309.8877,93.04578,-0.7519000000002052,-0.0009000000009109499,0.0006999999977779225,-0.0035440000000050986,1.1999999998124622e-05,1.300000000981072e-05,487,1,0,1,0,1,0,0.7,4436.92205307377,94.00418769672132,2598.2616582104665,0,488
1120.25,1.3,9.5,-2.0,4309.1343,93.04224,-0.7534000000005108,-0.0015000000003055902,-0.0005999999993946403,-0.003539999999986776,4.00000001832268e-06,-7.999999979801942e-06,488,1,0,1,0,1,0,0.7,4436.660728425358,94.00222052351738,2603.4326195773046,0,489
1120.25,1.3,9.5,-2.0,4308.38,93.0387,-0.7542999999996027,-0.0008999999990919605,0.0006000000012136297,-0.003540000000000987,-1.4210854715202004e-14,-4.000000032533535e-06,489,1,0,1,0,1,0,0.7,4436.398931020408,94.00025415510204,2608.602675784107,0,490
1120.0,1.3,9.5,-2.0,4307.624,93.03516,-0.7560000000003129,-0.0017000000007101335,-0.000800000001618173,-0.003540000000000987,0.0,1.4210854715202004e-14,490,1,0,1,0,1,0,0.7,4436.136660285133,93.99828858655805,2613.771824790873,0,491
1117.25,1.3,9.5,-2.0,4306.867,93.031624,-0.7569999999996071,-0.0009999999992942321,0.0007000000014159014,-0.003536000000011086,3.999999989900971e-06,3.999999989900971e-06,491,1,0,1,0,1,0,0.7,4435.873917073171,93.9963238211382,2618.9400653976027,0,492
1118.25,1.3,9.5,-2.0,4306.109,93.02809,-0.7579999999998108,-0.0010000000002037268,-9.094947017729282e-13,-0.0035339999999877136,2.000000023372195e-06,-1.999999966528776e-06,492,1,0,1,0,1,0,0.7,4435.610702231237,93.99435985801216,2624.1073964042957,0,493
1119.25,1.3,9.5,-2.0,4305.3496,93.02457,-0.7594000000008236,-0.0014000000010128133,-0.0004000000008090865,-0.0035200000000088494,1.3999999978864253e-05,1.1999999955492058e-05,493,1,0,1,0,1,0,0.7,4435.3470157894735,93.99239672064778,2629.2738161309526,0,494
1120.75,1.3,9.5,-2.0,4304.589,93.02105,-0.7605999999996129,-0.0011999999987892807,0.00020000000222353265,-0.0035199999999946385,1.4210854715202004e-14,-1.3999999964653398e-05,494,1,0,1,0,1,0,0.7,4435.082858181818,93.99043440404041,2634.439323137573,0,495
1120.5,1.3,9.5,-2.0,4303.827,93.017525,-0.7619999999997162,-0.0014000000001033186,-0.00020000000131403795,-0.0035249999999962256,-5.000000001587068e-06,-5.000000015797923e-06,495,1,0,1,0,1,0,0.7,4434.818229435484,93.98847289314516,2639.6039157441564,0,496
1119.75,1.3,9.5,-2.2,4303.064,93.014015,-0.76299999999992,-0.0010000000002037268,0.0003999999998995918,-0.0035100000000056752,1.499999999055035e-05,1.9999999992137418e-05,496,1,0,1,0,1,0,0.9000000000000001,4434.553130382294,93.98651221327968,2644.767592750704,0,497
1118.75,1.3,9.5,-2.2,4302.3,93.010506,-0.7640000000001237,-0.0010000000002037268,0.0,-0.003508999999993989,1.0000000116860974e-06,-1.3999999978864253e-05,497,1,0,1,0,1,0,0.9000000000000001,4434.28756184739,93.98455236144578,2649.930352957214,0,498
1118.75,1.3,9.5,-2.2,4301.5347,93.006996,-0.7653000000000247,-0.001299999999901047,-0.00029999999969732016,-0.0035100000000056752,-1.0000000116860974e-06,-2.000000023372195e-06,498,1,0,1,0,1,0,0.9000000000000001,4434.021524048096,93.98259333066133,2655.0921948036876,0,499
1117.75,1.3,9.5,-2.2,4300.768,93.003494,-0.7667000000001281,-0.0014000000001033186,-0.00010000000020227162,-0.0035019999999974516,8.000000008223651e-06,9.000000019909749e-06,499,1,0,1,0,1,0,0.9000000000000001,4433.755017,93.98063513199999,2660.253116610125,0,500
1118.0,1.3,9.5,-2.2,4300.0,93.0,-0.7680000000000291,-0.001299999999901047,0.00010000000020227162,-0.003494000000003439,7.999999994012796e-06,-1.4210854715202004e-14,500,1,0,1,0,1,0,0.9000000000000001,4433.488040918163,93.9786777764471,2665.4131168165245,0,501
1117.75,1.3,9.5,-2.2,4299.231,92.996506,-0.7690000000002328,-0.0010000000002037268,0.00029999999969732016,-0.003494000000003439,0.0,-7.999999994012796e-06,501,1,0,1,0,1,0,0.9000000000000001,4433.220596613546,93.97672125896415,2670.572194222888,0,502
1117.75,1.3,9.5,-2.2,4298.461,92.99302,-0.7699999999995271,-0.0009999999992942321,9.094947017729282e-13,-0.003485999999995215,8.000000008223651e-06,8.000000008223651e-06,502,1,0,1,0,1,0,0.9000000000000001,4432.952684890655,93.97476559045727,2675.730347629214,0,503
1119.25,1.3,9.5,-2.2,4297.6895,92.98953,-0.7714999999998327,-0.0015000000003055902,-0.0005000000010113581,-0.003489999999999327,-4.0000000041118255e-06,-1.2000000012335477e-05,503,1,0,1,0,1,0,0.9000000000000001,4432.6843055555555,93.97281075793651,2680.887575235503,0,504
1118.75,1.3,9.5,-2.2,4296.9165,92.986046,-0.7730000000001382,-0.0015000000003055902,0.0,-0.0034840000000002647,5.999999999062311e-06,1.0000000003174137e-05,504,1,0,1,0,1,0,0.9000000000000001,4432.415458415841,93.97085676831684,2686.043875241755,0,505
1120.25,1.3,9.5,-2.2,4296.143,92.982574,-0.7735000000002401,-0.0005000000001018634,0.0010000000002037268,-0.00347200000000214,1.1999999998124622e-05,5.999999999062311e-06,505,1,0,1,0,1,0,0.9000000000000001,4432.146145256917,93.96890364031621,2691.19924704797,0,506
1118.75,1.3,9.5,-2.2,4295.3677,92.979095,-0.775300000000243,-0.0018000000000029104,-0.001299999999901047,-0.0034789999999986776,-6.999999996537554e-06,-1.8999999994662176e-05,506,1,0,1,0,1,0,0.9000000000000001,4431.876365285996,93.96695135502958,2696.3536884941477,0,507
1116.25,1.3,9.5,-2.2,4294.592,92.97563,-0.7757000000001426,-0.0003999999998995918,0.0014000000001033186,-0.0034650000000056025,1.3999999993075107e-05,2.099999998961266e-05,507,1,0,1,0,1,0,0.9000000000000001,4431.606120472441,93.96499993503936,2701.507199100288,0,508
1116.25,1.3,9.5,-2.2,4293.8145,92.97216,-0.777499999999236,-0.0017999999990934157,-0.001399999999193824,-0.0034699999999929787,-4.9999999873762135e-06,-1.899999998045132e-05,508,1,0,1,0,1,0,0.9000000000000001,4431.335410019647,93.9630493654224,2706.659776706391,0,509
1115.75,1.3,9.5,-2.2,4293.0356,92.968704,-0.7789000000002488,-0.0014000000010128133,0.0003999999980806024,-0.0034559999999999036,1.3999999993075107e-05,1.899999998045132e-05,509,1,0,1,0,1,0,0.9000000000000001,4431.064233921568,93.96109966862745,2711.811419632457,0,510
1114.25,1.3,9.5,-2.2,4292.256,92.96525,-0.7795999999998457,-0.000699999999596912,0.0007000000014159014,-0.003454000000004953,1.9999999949504854e-06,-1.1999999998124622e-05,510,1,0,1,0,1,0,0.9000000000000001,4430.792593542074,93.95915084344423,2716.962127038485,0,511
1116.75,1.3,9.5,-2.2,4291.475,92.96179,-0.7809999999999491,-0.0014000000001033186,-0.0007000000005064066,-0.0034600000000040154,-5.999999999062311e-06,-7.999999994012796e-06,511,1,0,1,0,1,0,0.9000000000000001,4430.520488867188,93.95720287304688,2722.111897244476,0,512
1116.25,1.3,9.5,-2.2,4290.693,92.95834,-0.7820000000001528,-0.0010000000002037268,0.0003999999998995918,-0.0034499999999866304,1.0000000017384991e-05,1.6000000016447302e-05,512,1,0,1,0,1,0,0.9000000000000001,4430.247920662769,93.95525577192983,2727.2607290504293,0,513
1115.25,1.3,9.5,-2.2,4289.9097,92.954895,-0.7833000000000538,-0.001299999999901047,-0.00029999999969732016,-0.003445000000013465,4.999999973165359e-06,-5.000000044219632e-06,513,1,0,1,0,1,0,0.9000000000000001,4429.9748891050585,93.95330954474709,2732.408620896345,0,514
1113.25,1.3,9.5,-2.2,4289.125,92.951454,-0.7847000000001572,-0.0014000000001033186,-0.00010000000020227162,-0.0034409999999951424,4.00000001832268e-06,-9.999999548426786e-07,514,1,0,1,0,1,0,0.9000000000000001,4429.701394174757,93.95136419417476,2737.555571102223,0,515
1112.25,1.3,9.5,-2.2,4288.3394,92.94802,-0.7856000000001586,-0.0009000000000014552,0.0005000000001018634,-0.003433999999998605,6.999999996537554e-06,2.9999999782148734e-06,515,1,0,1,0,1,0,0.9000000000000001,4429.427436821705,93.94941972868217,2742.701578588063,0,516
1111.25,1.3,9.5,-2.2,4287.5522,92.94459,-0.787199999999757,-0.0015999999995983671,-0.000699999999596912,-0.003429999999994493,4.0000000041118255e-06,-2.999999992425728e-06,516,1,0,1,0,1,0,0.9000000000000001,4429.153016634429,93.9474761508704,2747.8466414338654,0,517
1112.75,1.3,9.5,-2.2,4286.7646,92.94116,-0.7875999999996566,-0.0003999999998995918,0.0011999999996987754,-0.003430000000008704,-1.4210854715202004e-14,-4.00000001832268e-06,517,1,0,1,0,1,0,0.9000000000000001,4428.878135521236,93.94553345559846,2752.99075915963,0,518
1113.75,1.3,9.5,-2.2,4285.975,92.93774,-0.789600000000064,-0.0020000000004074536,-0.0016000000005078618,-0.003419999999991319,1.0000000017384991e-05,1.0000000031595846e-05,518,1,0,1,0,1,0,0.9000000000000001,4428.602792292871,93.94359165703275,2758.1339293653573,0,519
1111.25,1.3,9.5,-2.2,4285.185,92.93432,-0.7899999999999636,-0.0003999999998995918,0.0016000000005078618,-0.0034200000000055297,-1.4210854715202004e-14,-1.0000000031595846e-05,519,1,0,1,0,1,0,0.9000000000000001,4428.326988846154,93.94165075,2763.276151571046,0,520
1111.25,1.3,9.5,-2.2,4284.3936,92.9309,-0.7914000000000669,-0.0014000000001033186,-0.0010000000002037268,-0.0034200000000055297,0.0,1.4210854715202004e-14,520,1,0,1,0,1,0,0.9000000000000001,4428.050725143954,93.93971072936661,2768.417424096697,0,521
1111.0,1.3,9.5,-2.2,4283.6006,92.92749,-0.7930000000005748,-0.0016000000005078618,-0.00020000000040454324,-0.0034099999999881447,1.0000000017384991e-05,1.0000000017384991e-05,521,1,0,1,0,1,0,0.9000000000000001,4427.774000766284,93.9377716091954,2773.55774502231,0,522
1112.25,1.3,9.5,-2.2,4282.8066,92.92408,-0.793999999999869,-0.0009999999992942321,0.0006000000012136297,-0.0034100000000023556,-1.4210854715202004e-14,-1.0000000031595846e-05,522,1,0,1,0,1,0,0.9000000000000001,4427.496816443595,93.93583338432123,2778.6971131478845,0,523
1114.25,1.3,9.5,-2.2,4282.0117,92.92068,-0.7948999999998705,-0.0009000000000014552,9.999999929277692e-05,-0.0033999999999991815,1.0000000003174137e-05,1.0000000017384991e-05,523,1,0,1,0,1,0,0.9000000000000001,4427.219173091603,93.93389606870228,2783.835527393421,0,524
1114.0,1.3,9.5,-2.2,4281.216,92.91728,-0.7956999999996697,-0.0007999999997991836,0.00010000000020227162,-0.0033999999999991815,0.0,-1.0000000003174137e-05,524,1,0,1,0,1,0,0.9000000000000001,4426.941071809524,93.93195965714285,2788.9729867989195,0,525
1114.0,1.3,9.5,-2.2,4280.4185,92.91389,-0.7975000000005821,-0.001800000000912405,-0.0010000000011132215,-0.003390000000010218,9.999999988963282e-06,9.999999988963282e-06,525,1,0,1,0,1,0,0.9000000000000001,4426.662511787072,93.9300241634981,2794.1094892043798,0,526
1114.0,1.3,9.5,-2.2,4279.6196,92.9105,-0.7988999999997759,-0.001399999999193824,0.0004000000017185812,-0.0033899999999960073,1.4210854715202004e-14,-9.999999974752427e-06,526,1,0,1,0,1,0,0.9000000000000001,4426.383492979127,93.9280895825427,2799.2450329298013,0,527
1114.25,1.3,9.5,-2.2,4278.8203,92.90711,-0.7992999999996755,-0.0003999999998995918,0.0009999999992942321,-0.0033899999999960073,0.0,-1.4210854715202004e-14,527,1,0,1,0,1,0,0.9000000000000001,4426.1040172348485,93.92615590909091,2804.379617495185,0,528
1114.75,1.3,9.5,-2.2,4278.019,92.90373,-0.801300000000083,-0.0020000000004074536,-0.0016000000005078618,-0.003380000000007044,9.999999988963282e-06,9.999999988963282e-06,528,1,0,1,0,1,0,0.9000000000000001,4425.82408336484,93.92422315689981,2809.5132405005297,0,529
1114.5,1.3,9.5,-2.2,4277.2173,92.90035,-0.8016999999999825,-0.0003999999998995918,0.0016000000005078618,-0.003379999999992833,1.4210854715202004e-14,-9.999999974752427e-06,529,1,0,1,0,1,0,0.9000000000000001,4425.543693207547,93.92229132075472,2814.6459014658362,0,530
1113.25,1.3,9.5,-2.2,4276.414,92.89698,-0.8033000000004904,-0.0016000000005078618,-0.00120000000060827,-0.00337000000000387,9.999999988963282e-06,9.999999974752427e-06,530,1,0,1,0,1,0,0.9000000000000001,4425.262846327683,93.92036041431263,2819.777598471104,0,531
1114.25,1.3,9.5,-2.2,4275.61,92.893616,-0.8040000000000873,-0.000699999999596912,0.0009000000009109499,-0.0033640000000048076,5.999999999062311e-06,-3.999999989900971e-06,531,1,0,1,0,1,0,0.9000000000000001,4424.981543984963,93.91843044360903,2824.908330676333,0,532
1115.25,1.3,9.5,-2.2,4274.8047,92.89025,-0.8052999999999884,-0.001299999999901047,-0.000600000000304135,-0.003365999999999758,-1.9999999949504854e-06,-7.999999994012796e-06,532,1,0,1,0,1,0,0.9000000000000001,4424.69978630394,93.91650139962476,2830.038096521524,0,533
1114.25,1.3,9.5,-2.2,4273.998,92.88689,-0.8067000000000917,-0.0014000000001033186,-0.00010000000020227162,-0.0033600000000006958,5.999999999062311e-06,7.999999994012796e-06,533,1,0,1,0,1,0,0.9000000000000001,4424.417573220974,93.91457328838952,2835.166894326676,0,534
1111.25,1.3,9.5,-2.2,4273.19,92.88354,-0.8079999999999927,-0.001299999999901047,0.00010000000020227162,-0.0033499999999975216,1.0000000003174137e-05,4.0000000041118255e-06,534,1,0,1,0,1,0,0.9000000000000001,4424.134904859813,93.9126461233645,2840.294722531789,0,535
1112.25,1.3,9.5,-2.2,4272.3813,92.88018,-0.8086999999995896,-0.000699999999596912,0.000600000000304135,-0.0033600000000006958,-1.0000000003174137e-05,-2.0000000006348273e-05,535,1,0,1,0,1,0,0.9000000000000001,4423.851782462686,93.91071988059701,2845.4215802968633,0,536
1110.75,1.3,9.5,-2.2,4271.5713,92.87684,-0.8100000000004002,-0.0013000000008105417,-0.0006000000012136297,-0.0033399999999943475,2.0000000006348273e-05,3.000000000952241e-05,536,1,0,1,0,1,0,0.9000000000000001,4423.568206145251,93.90879459217877,2850.547466061899,0,537
1110.25,1.3,9.5,-2.2,4270.7603,92.8735,-0.8109999999996944,-0.0009999999992942321,0.00030000000151630957,-0.0033399999999943475,0.0,-2.0000000006348273e-05,537,1,0,1,0,1,0,0.9000000000000001,4423.284176579926,93.90687025278811,2855.6723786268954,0,538
1110.25,1.3,9.5,-2.2,4269.9478,92.870155,-0.8125,-0.0015000000003055902,-0.0005000000010113581,-0.0033450000000101454,-5.000000015797923e-06,-5.000000015797923e-06,538,1,0,1,0,1,0,0.9000000000000001,4422.999693506493,93.90494684786641,2860.796316191853,0,539
1112.75,1.3,9.5,-2.2,4269.1343,92.86683,-0.8135000000002037,-0.0010000000002037268,0.0005000000001018634,-0.003325000000003797,2.0000000006348273e-05,2.5000000022146196e-05,539,1,0,1,0,1,0,0.9000000000000001,4422.714757592592,93.90302440925926,2865.9192775567712,0,540
1113.75,1.3,9.5,-2.2,4268.32,92.863495,-0.8143000000000029,-0.0007999999997991836,0.00020000000040454324,-0.0033349999999927604,-9.999999988963282e-06,-2.9999999995311555e-05,540,1,0,1,0,1,0,0.9000000000000001,4422.429369870611,93.90110291312385,2871.0412617616503,0,541
1113.75,1.3,9.5,-2.2,4267.5044,92.860176,-0.815599999999904,-0.001299999999901047,-0.0005000000001018634,-0.003319000000004735,1.5999999988025593e-05,2.5999999976988875e-05,541,1,0,1,0,1,0,0.9000000000000001,4422.143530442805,93.89918238376383,2876.1622672464905,0,542
1112.75,1.3,9.5,-2.2,4266.6875,92.85686,-0.816899999999805,-0.001299999999901047,0.0,-0.0033159999999980982,3.000000006636583e-06,-1.299999998138901e-05,542,1,0,1,0,1,0,0.9000000000000001,4421.857239410681,93.89726282136279,2881.2822924512916,0,543
1113.0,1.3,9.5,-2.2,4265.8696,92.85354,-0.8179000000000087,-0.0010000000002037268,0.00029999999969732016,-0.00332000000000221,-4.0000000041118255e-06,-7.000000010748408e-06,543,1,0,1,0,1,0,0.9000000000000001,4421.570497426471,93.89534421323529,2886.4013361760535,0,544
1115.25,1.3,9.5,-2.2,4265.0503,92.85023,-0.819300000000112,-0.0014000000001033186,-0.0003999999998995918,-0.003309999999999036,1.0000000003174137e-05,1.4000000007285962e-05,544,1,0,1,0,1,0,0.9000000000000001,4421.28330440367,93.89342657247705,2891.519396740776,0,545
1113.25,1.3,9.5,-2.2,4264.23,92.846924,-0.8203000000003158,-0.0010000000002037268,0.0003999999998995918,-0.003305999999994924,4.0000000041118255e-06,-5.999999999062311e-06,545,1,0,1,0,1,0,0.9000000000000001,4420.995660989011,93.8915099010989,2896.636472945459,0,546
1114.75,1.3,9.5,-2.2,4263.4087,92.84362,-0.82129999999961,-0.0009999999992942321,9.094947017729282e-13,-0.0033039999999999736,1.9999999949504854e-06,-2.00000000916134e-06,546,1,0,1,0,1,0,0.9000000000000001,4420.707567824496,93.88959419744059,2901.7525635901025,0,547
1114.25,1.3,9.5,-2.2,4262.5864,92.840324,-0.8222999999998137,-0.0010000000002037268,-9.094947017729282e-13,-0.003296000000005961,7.999999994012796e-06,5.999999999062311e-06,547,1,0,1,0,1,0,0.9000000000000001,4420.419025547446,93.88767947080292,2906.8676674747066,0,548
1115.75,1.3,9.5,-2.2,4261.7627,92.83703,-0.823699999999917,-0.0014000000001033186,-0.0003999999998995918,-0.0032939999999967995,2.00000000916134e-06,-5.999999984851456e-06,548,1,0,1,0,1,0,0.9000000000000001,4420.130034061931,93.88576571948998,2911.981782919271,0,549
1113.25,1.3,9.5,-2.2,4260.938,92.83374,-0.8247000000001208,-0.0010000000002037268,0.0003999999998995918,-0.0032899999999926877,4.0000000041118255e-06,1.9999999949504854e-06,549,1,0,1,0,1,0,0.9000000000000001,4419.840594,93.88385294545455,2917.0949087237964,0,550
1110.25,1.3,9.5,-2.2,4260.1123,92.83046,-0.8257000000003245,-0.0010000000002037268,0.0,-0.0032800000000037244,9.999999988963282e-06,5.999999984851456e-06,550,1,0,1,0,1,0,0.9000000000000001,4419.550705989111,93.88194116152451,2922.207043688282,0,551
1109.25,1.3,9.5,-2.2,4259.285,92.82718,-0.8272999999999229,-0.0015999999995983671,-0.0005999999993946403,-0.0032800000000037244,0.0,-9.999999988963282e-06,551,1,0,1,0,1,0,0.9000000000000001,4419.260369565217,93.88003036231885,2927.3181858927273,0,552
1110.25,1.3,9.5,-2.2,4258.457,92.823906,-0.8279999999995198,-0.000699999999596912,0.0009000000000014552,-0.003274000000004662,5.999999999062311e-06,5.999999999062311e-06,552,1,0,1,0,1,0,0.9000000000000001,4418.969585895117,93.87812055334538,2932.428334497133,0,553
1111.25,1.3,9.5,-2.2,4257.628,92.82064,-0.829000000000633,-0.0010000000011132215,-0.00030000000151630957,-0.0032659999999964384,8.000000008223651e-06,2.00000000916134e-06,553,1,0,1,0,1,0,0.9000000000000001,4418.678355595668,93.8762117436823,2937.5374883014997,0,554
1111.5,1.3,9.5,-2.2,4256.798,92.817375,-0.8299999999999272,-0.0009999999992942321,1.8189894035458565e-12,-0.003264999999998963,9.999999974752427e-07,-7.000000010748408e-06,554,1,0,1,0,1,0,0.9000000000000001,4418.386679279279,93.87430392972973,2942.645646105826,0,555
1112.25,1.3,9.5,-2.2,4255.9663,92.81412,-0.8316999999997279,-0.0016999999998006388,-0.0007000000005064066,-0.003254999999995789,1.0000000003174137e-05,9.000000005698894e-06,555,1,0,1,0,1,0,0.9000000000000001,4418.094556294964,93.87239712410071,2947.7528058701123,0,556
1112.25,1.3,9.5,-2.2,4255.134,92.81086,-0.832300000000032,-0.000600000000304135,0.0010999999994965037,-0.003259999999997376,-5.000000001587068e-06,-1.5000000004761205e-05,556,1,0,1,0,1,0,0.9000000000000001,4417.801987971275,93.8704913123878,2952.858966874359,0,557
1112.75,1.3,9.5,-2.2,4254.3003,92.80761,-0.8337000000001353,-0.0014000000001033186,-0.0007999999997991836,-0.003250000000008413,9.999999988963282e-06,1.499999999055035e-05,557,1,0,1,0,1,0,0.9000000000000001,4417.508974193549,93.86858650716846,2957.964127438565,0,558
1113.0,1.3,9.5,-2.2,4253.4653,92.80436,-0.8350000000000364,-0.001299999999901047,0.00010000000020227162,-0.003249999999994202,1.4210854715202004e-14,-9.999999974752427e-06,558,1,0,1,0,1,0,0.9000000000000001,4417.215515026834,93.86668270304115,2963.0682860027314,0,559
1113.25,1.3,9.5,-2.2,4252.6294,92.80112,-0.8359000000000378,-0.0009000000000014552,0.0003999999998995918,-0.0032400000000052387,9.999999988963282e-06,9.999999974752427e-06,559,1,0,1,0,1,0,0.9000000000000001,4416.92161125,93.8647799125,2968.1714414868575,0,560
1112.25,1.3,9.5,-2.2,4251.7925,92.79788,-0.8369000000002416,-0.0010000000002037268,-0.00010000000020227162,-0.003239999999991028,1.4210854715202004e-14,-9.999999974752427e-06,560,1,0,1,0,1,0,0.9000000000000001,4416.62726345811,93.86287813012478,2973.2735926909436,0,561
1113.25,1.3,9.5,-2.2,4250.9546,92.794655,-0.8378999999995358,-0.0009999999992942321,9.094947017729282e-13,-0.0032250000000004775,1.499999999055035e-05,1.4999999976339495e-05,561,1,0,1,0,1,0,0.9000000000000001,4416.332472241993,93.8609773772242,2978.3747384149897,0,562
1112.75,1.3,9.5,-2.2,4250.1157,92.79143,-0.8388999999997395,-0.0010000000002037268,-9.094947017729282e-13,-0.0032250000000004775,0.0,-1.499999999055035e-05,562,1,0,1,0,1,0,0.9000000000000001,4416.037238188277,93.8590776483126,2983.4748774589953,0,563
1111.25,1.3,9.5,-2.2,4249.2754,92.7882,-0.8402999999998428,-0.0014000000001033186,-0.0003999999998995918,-0.0032300000000020646,-5.000000001587068e-06,-5.000000001587068e-06,563,1,0,1,0,1,0,0.9000000000000001,4415.741561170213,93.85717892907802,2988.5740081429603,0,564
1111.25,1.3,9.5,-2.2,4248.434,92.78498,-0.8414000000002488,-0.0011000000004059984,0.00029999999969732016,-0.0032199999999988904,1.0000000003174137e-05,1.5000000004761205e-05,564,1,0,1,0,1,0,0.9000000000000001,4415.44544159292,93.8552812318584,2993.6721291468853,0,565
1109.75,1.3,9.5,-2.2,4247.5913,92.78177,-0.8427000000001499,-0.001299999999901047,-0.00019999999949504854,-0.003210000000009927,9.999999988963282e-06,-1.4210854715202004e-14,565,1,0,1,0,1,0,0.9000000000000001,4415.148879505301,93.85338456890459,2998.7692389107697,0,566
1109.75,1.3,9.5,-2.2,4246.748,92.778564,-0.843300000000454,-0.000600000000304135,0.000699999999596912,-0.0032059999999916045,4.00000001832268e-06,-5.9999999706406015e-06,566,1,0,1,0,1,0,0.9000000000000001,4414.851876190476,93.85148894179895,3003.8653367146135,0,567
1109.25,1.3,9.5,-2.2,4245.9033,92.77536,-0.8446999999996478,-0.001399999999193824,-0.0007999999988896889,-0.003203999999996654,1.9999999949504854e-06,-2.000000023372195e-06,567,1,0,1,0,1,0,0.9000000000000001,4414.554431514085,93.84959434859155,3008.9604208784167,0,568
1109.5,1.3,9.5,-2.2,4245.0576,92.77216,-0.8456999999998516,-0.0010000000002037268,0.0003999999989900971,-0.003200000000006753,3.999999989900971e-06,1.9999999949504854e-06,568,1,0,1,0,1,0,0.9000000000000001,4414.256546045694,93.84770079086115,3014.0544902021797,0,569
1109.5,1.3,9.5,-2.2,4244.211,92.76897,-0.846599999999853,-0.0009000000000014552,0.00010000000020227162,-0.003190000000003579,1.0000000003174137e-05,6.000000013273166e-06,569,1,0,1,0,1,0,0.9000000000000001,4413.958220526315,93.84580828070175,3019.147543605902,0,570
1108.75,1.3,9.5,-2.2,4243.363,92.76578,-0.8479999999999563,-0.0014000000001033186,-0.0005000000001018634,-0.003189999999989368,1.4210854715202004e-14,-9.999999988963282e-06,570,1,0,1,0,1,0,0.9000000000000001,4413.659454816112,93.84391681260945,3024.2395794095833,0,571
1107.75,1.3,9.5,-2.2,4242.514,92.762596,-0.8490000000001601,-0.0010000000002037268,0.0003999999998995918,-0.0031840000000045166,5.999999984851456e-06,5.9999999706406015e-06,571,1,0,1,0,1,0,0.9000000000000001,4413.360249475525,93.84202639160839,3029.3305964132237,0,572
1107.5,1.3,9.5,-2.2,4241.664,92.759415,-0.8500000000003638,-0.0010000000002037268,0.0,-0.00318099999999788,3.000000006636583e-06,-2.9999999782148734e-06,572,1,0,1,0,1,0,0.9000000000000001,4413.060605061082,93.84013701745201,3034.4205934168235,0,573
1108.25,1.3,9.5,-2.2,4240.813,92.75624,-0.850999999999658,-0.0009999999992942321,9.094947017729282e-13,-0.0031749999999988177,5.999999999062311e-06,2.999999992425728e-06,573,1,0,1,0,1,0,0.9000000000000001,4412.760522125435,93.83824869512195,3039.5095692203827,0,574
1107.75,1.3,9.5,-2.2,4239.9604,92.75307,-0.8526000000001659,-0.0016000000005078618,-0.0006000000012136297,-0.0031700000000114414,4.9999999873762135e-06,-1.0000000116860974e-06,574,1,0,1,0,1,0,0.9000000000000001,4412.460000173913,93.83636142782609,3044.597521903901,0,575
1107.75,1.3,9.5,-2.2,4239.1074,92.74991,-0.8530000000000655,-0.0003999999998995918,0.00120000000060827,-0.0031599999999940565,1.0000000017384991e-05,5.000000030008778e-06,575,1,0,1,0,1,0,0.9000000000000001,4412.159040798611,93.83447522743056,3049.684450987378,0,576
1107.25,1.3,9.5,-2.2,4238.253,92.74674,-0.8544000000001688,-0.0014000000001033186,-0.0010000000002037268,-0.0031699999999972306,-1.0000000003174137e-05,-2.0000000020559128e-05,576,1,0,1,0,1,0,0.9000000000000001,4411.8576438474865,93.8325900710572,3054.770354790814,0,577
1107.5,1.3,9.5,-2.2,4237.3975,92.74359,-0.8554999999996653,-0.0010999999994965037,0.00030000000060681487,-0.003150000000005093,1.9999999992137418e-05,2.9999999995311555e-05,577,1,0,1,0,1,0,0.9000000000000001,4411.555809688582,93.83070598788927,3059.855231994209,0,578
1106.25,1.4,9.5,-2.2,4236.541,92.74044,-0.856499999999869,-0.0010000000002037268,9.999999929277692e-05,-0.0031499999999908823,1.4210854715202004e-14,-1.9999999977926564e-05,578,1,0,1,0,1,0,0.8000000000000003,4411.253538860104,93.82882297236615,3064.9390813975633,0,579
1105.75,1.4,9.5,-2.2,4235.6836,92.7373,-0.8573999999998705,-0.0009000000000014552,0.00010000000020227162,-0.003140000000001919,9.999999988963282e-06,9.999999974752427e-06,579,1,0,1,0,1,0,0.8000000000000003,4410.950832068966,93.8269410362069,3070.021901920876,0,580
1104.25,1.4,9.5,-2.2,4234.8247,92.73415,-0.8589000000001761,-0.0015000000003055902,-0.000600000000304135,-0.003150000000005093,-1.0000000003174137e-05,-1.9999999992137418e-05,580,1,0,1,0,1,0,0.8000000000000003,4410.64768898451,93.8250601566265,3075.1036917641477,0,581
1104.25,1.4,9.5,-2.2,4233.9653,92.73102,-0.8594000000002779,-0.0005000000001018634,0.0010000000002037268,-0.003129999999998745,2.0000000006348273e-05,3.000000000952241e-05,581,1,0,1,0,1,0,0.8000000000000003,4410.344110996563,93.82318036254296,3080.184450327378,0,582
1105.75,1.4,9.5,-2.2,4233.1045,92.72789,-0.8607999999994718,-0.001399999999193824,-0.0008999999990919605,-0.003129999999998745,0.0,-2.0000000006348273e-05,582,1,0,1,0,1,0,0.8000000000000003,4410.040097941681,93.8213016483705,3085.264175930567,0,583
1105.25,1.4,9.5,-2.2,4232.2427,92.72476,-0.861800000000585,-0.0010000000011132215,0.0003999999980806024,-0.003129999999998745,0.0,0.0,583,1,0,1,0,1,0,0.8000000000000003,4409.735650342465,93.81942400856164,3090.342867373715,0,584
1105.75,1.4,9.5,-2.2,4231.3794,92.72164,-0.8632999999999811,-0.0014999999993960955,-0.000499999998282874,-0.0031200000000097816,9.999999988963282e-06,9.999999988963282e-06,584,1,0,1,0,1,0,0.8000000000000003,4409.430767863248,93.81754745470086,3095.4205228568208,0,585
1106.75,1.4,9.5,-2.2,4230.5156,92.71853,-0.863800000000083,-0.0005000000001018634,0.0009999999992942321,-0.0031099999999923966,1.0000000017384991e-05,2.842170943040401e-14,585,1,0,1,0,1,0,0.8000000000000003,4409.125451877133,93.81567199829351,3100.4971417798856,0,586
1106.5,1.4,9.5,-2.2,4229.6504,92.715416,-0.8651999999992768,-0.001399999999193824,-0.0008999999990919605,-0.0031139999999965084,-4.0000000041118255e-06,-1.4000000021496817e-05,586,1,0,1,0,1,0,0.8000000000000003,4408.819702214651,93.81379762691653,3105.572722462909,0,587
1107.25,1.4,9.5,-2.2,4228.7847,92.71231,-0.8657000000002881,-0.0005000000010113581,0.0008999999981824658,-0.0031060000000024957,7.999999994012796e-06,1.1999999998124622e-05,587,1,0,1,0,1,0,0.8000000000000003,4408.513520238095,93.81192434863945,3110.6472643058905,0,588
1106.75,1.4,9.5,-2.2,4227.9175,92.70921,-0.8672000000005937,-0.0015000000003055902,-0.0009999999992942321,-0.0031000000000034333,5.999999999062311e-06,-1.9999999949504854e-06,588,1,0,1,0,1,0,0.8000000000000003,4408.206905602717,93.8100521680815,3115.7207655088305,0,589
1106.75,1.4,9.5,-2.2,4227.0493,92.706116,-0.868199999999888,-0.0009999999992942321,0.0005000000010113581,-0.003094000000004371,5.999999999062311e-06,0.0,589,1,0,1,0,1,0,0.8000000000000003,4407.899858813559,93.80818108983051,3120.793224871729,0,590
1107.75,1.4,9.5,-2.2,4226.1797,92.703026,-0.8695999999999913,-0.0014000000001033186,-0.0004000000008090865,-0.003090000000000259,4.0000000041118255e-06,-1.9999999949504854e-06,590,1,0,1,0,1,0,0.8000000000000003,4407.592379695432,93.80631111505922,3125.8646407145857,0,591
1107.5,1.4,9.5,-2.2,4225.3096,92.69994,-0.8701000000000931,-0.0005000000001018634,0.0009000000000014552,-0.0030859999999961474,4.0000000041118255e-06,0.0,591,1,0,1,0,1,0,0.8000000000000003,4407.284469594594,93.80444224493243,3130.9350124374005,0,592
1106.25,1.4,9.5,-2.2,4224.438,92.69686,-0.8715999999994892,-0.0014999999993960955,-0.0009999999992942321,-0.003079999999997085,5.999999999062311e-06,1.9999999949504854e-06,592,1,0,1,0,1,0,0.8000000000000003,4406.9761281618885,93.80257448397977,3136.0043382401736,0,593
1107.25,1.4,9.5,-2.2,4223.566,92.69379,-0.8720000000002983,-0.0004000000008090865,0.001099999998587009,-0.003069999999993911,1.0000000003174137e-05,4.0000000041118255e-06,593,1,0,1,0,1,0,0.8000000000000003,4406.667356902357,93.80070784343434,3141.072617642905,0,594
1105.75,1.4,9.5,-2.2,4222.6924,92.69072,-0.8735999999998967,-0.0015999999995983671,-0.0011999999987892807,-0.003070000000008122,-1.4210854715202004e-14,-1.0000000017384991e-05,594,1,0,1,0,1,0,0.8000000000000003,4406.358155294118,93.79884231764706,3146.1398487255938,0,595
1105.5,1.4,9.5,-2.2,4221.818,92.68765,-0.8743999999996959,-0.0007999999997991836,0.0007999999997991836,-0.003069999999993911,1.4210854715202004e-14,2.842170943040401e-14,595,1,0,1,0,1,0,0.8000000000000003,4406.048524161074,93.7969779010067,3151.206030528241,0,596
1105.5,1.4,9.5,-2.2,4220.9424,92.68459,-0.8756000000003041,-0.00120000000060827,-0.0004000000008090865,-0.0030600000000049477,9.999999988963282e-06,9.999999974752427e-06,596,1,0,1,0,1,0,0.8000000000000003,4405.738463651592,93.79511460469011,3156.2711616108463,0,597
1105.25,1.4,9.5,-2.2,4220.0654,92.68154,-0.876999999999498,-0.001399999999193824,-0.00019999999858555384,-0.0030500000000017735,1.0000000003174137e-05,1.4210854715202004e-14,597,1,0,1,0,1,0,0.8000000000000003,4405.427973578595,93.79325243979933,3161.3352402934097,0,598
1104.25,1.4,9.5,-2.2,4219.188,92.67849,-0.877400000000307,-0.0004000000008090865,0.0009999999983847374,-0.0030500000000017735,0.0,-1.0000000003174137e-05,598,1,0,1,0,1,0,0.8000000000000003,4405.11705542571,93.79139140066778,3166.3982660959305,0,599
1103.75,1.4,9.5,-2.2,4218.3096,92.675446,-0.8784000000005108,-0.0010000000002037268,-0.0005999999993946403,-0.003044000000002711,5.999999999062311e-06,5.999999999062311e-06,599,1,0,1,0,1,0,0.8000000000000003,4404.805709666666,93.78953149166666,3171.4602378184095,0,600
1103.5,1.4,9.5,-2.2,4217.4297,92.67241,-0.8798999999999069,-0.0014999999993960955,-0.0004999999991923687,-0.0030359999999944876,8.000000008223651e-06,2.00000000916134e-06,600,1,0,1,0,1,0,0.8000000000000003,4404.4939359401,93.78767272046589,3176.5211536608463,0,601
1103.75,1.4,9.5,-2.2,4216.549,92.66937,-0.880699999999706,-0.0007999999997991836,0.000699999999596912,-0.0030399999999985994,-4.0000000041118255e-06,-1.2000000012335477e-05,601,1,0,1,0,1,0,0.8000000000000003,4404.181735049834,93.78581507475083,3181.5810126632405,0,602
1102.75,1.4,9.5,-2.2,4215.667,92.66634,-0.8819999999996071,-0.001299999999901047,-0.0005000000001018634,-0.0030299999999954252,1.0000000003174137e-05,1.4000000007285962e-05,602,1,0,1,0,1,0,0.8000000000000003,4403.869106965174,93.7839585655058,3186.6398132655927,0,603
1102.75,1.4,9.5,-2.2,4214.784,92.66332,-0.8830000000007203,-0.0010000000011132215,0.00029999999878782546,-0.003020000000006462,9.999999988963282e-06,-1.4210854715202004e-14,603,1,0,1,0,1,0,0.8000000000000003,4403.5560521523175,93.7821032036424,3191.697554267902,0,604
1101.75,1.4,9.5,-2.2,4213.9004,92.6603,-0.8835999999992055,-0.0005999999984851456,0.0004000000026280759,-0.003019999999992251,1.4210854715202004e-14,-9.999999974752427e-06,604,1,0,1,0,1,0,0.8000000000000003,4403.242571735537,93.78024898347107,3196.7542349501696,0,605
1101.75,1.4,9.5,-2.2,4213.0156,92.657295,-0.8848000000007232,-0.0012000000015177648,-0.0006000000030326191,-0.0030050000000017008,1.499999999055035e-05,1.4999999976339495e-05,605,1,0,1,0,1,0,0.8000000000000003,4402.928665841584,93.77839592409241,3201.8098538723943,0,606
1101.25,1.4,9.5,-2.2,4212.13,92.65428,-0.8855999999996129,-0.0007999999988896889,0.0004000000026280759,-0.003015000000004875,-1.0000000003174137e-05,-2.4999999993724487e-05,606,1,0,1,0,1,0,0.8000000000000003,4402.6143352553545,93.77654400329489,3206.8644100745764,0,607
1101.5,1.4,9.5,-2.2,4211.2427,92.65128,-0.887300000000323,-0.0017000000007101335,-0.0009000000018204446,-0.0030000000000001137,1.5000000004761205e-05,2.500000000793534e-05,607,1,0,1,0,1,0,0.8000000000000003,4402.299579276316,93.77469324013157,3211.917901516716,0,608
1101.25,1.4,9.5,-2.2,4210.355,92.648285,-0.8877000000002226,-0.0003999999998995918,0.0013000000008105417,-0.0029949999999985266,5.000000001587068e-06,-1.0000000003174137e-05,608,1,0,1,0,1,0,0.8000000000000003,4401.984399343186,93.77284363711001,3216.970327718813,0,609
1102.25,1.4,9.5,-2.2,4209.466,92.645294,-0.8889999999992142,-0.0012999999989915523,-0.0008999999990919605,-0.002990999999994415,4.0000000041118255e-06,-9.999999974752427e-07,609,1,0,1,0,1,0,0.8000000000000003,4401.668795409836,93.77099519508197,3222.0216871208677,0,610
1102.25,1.4,9.5,-2.2,4208.5757,92.6423,-0.8903000000000247,-0.0013000000008105417,-1.8189894035458565e-12,-0.0029940000000010514,-3.000000006636583e-06,-7.000000010748408e-06,610,1,0,1,0,1,0,0.8000000000000003,4401.352767430441,93.76914790343699,3227.071978162879,0,611
1102.25,1.4,9.5,-2.2,4207.685,92.63933,-0.8906999999999243,-0.0003999999998995918,0.0009000000009109499,-0.002970000000004802,2.3999999996249244e-05,2.7000000002885827e-05,611,1,0,1,0,1,0,0.8000000000000003,4401.0363168300655,93.76730179575164,3232.121200364848,0,612
1102.5,1.4,9.5,-2.2,4206.793,92.63635,-0.8920000000007349,-0.0013000000008105417,-0.0009000000009109499,-0.0029800000000079763,-1.0000000003174137e-05,-3.399999999942338e-05,612,1,0,1,0,1,0,0.8000000000000003,4400.719443556281,93.76545684991844,3237.169352166774,0,613
1101.75,1.4,9.5,-2.2,4205.9,92.63338,-0.8930000000000291,-0.0009999999992942321,0.00030000000151630957,-0.0029699999999905913,1.0000000017384991e-05,2.0000000020559128e-05,613,1,0,1,0,1,0,0.8000000000000003,4400.402148045602,93.76361307654723,3242.2164323686575,0,614
1101.25,1.4,9.5,-2.2,4205.006,92.63042,-0.8939999999993233,-0.0009999999992942321,0.0,-0.002960000000001628,9.999999988963282e-06,-2.842170943040401e-14,614,1,0,1,0,1,0,0.8000000000000003,4400.0844307317075,93.76177048617886,3247.2624397704976,0,615
1100.75,1.4,9.5,-2.2,4204.111,92.62746,-0.8950000000004366,-0.0010000000011132215,-1.8189894035458565e-12,-0.002960000000001628,0.0,-9.999999988963282e-06,615,1,0,1,0,1,0,0.8000000000000003,4399.766292045455,93.75992907305195,3252.307373172295,0,616
1101.0,1.4,9.5,-2.2,4203.2144,92.624504,-0.8966000000000349,-0.0015999999995983671,-0.0005999999984851456,-0.002955999999997516,4.0000000041118255e-06,4.0000000041118255e-06,616,1,0,1,0,1,0,0.8000000000000003,4399.447731442463,93.75808883792544,3257.3512306540492,0,617
1100.25,1.4,9.5,-2.2,4202.3174,92.62155,-0.8969999999999345,-0.0003999999998995918,0.0011999999996987754,-0.0029540000000025657,1.9999999949504854e-06,-2.00000000916134e-06,617,1,0,1,0,1,0,0.8000000000000003,4399.128750323624,93.75624977831716,3262.3940117357606,0,618
1101.25,1.4,9.5,-2.2,4201.4194,92.61861,-0.8980000000001382,-0.0010000000002037268,-0.000600000000304135,-0.0029399999999952797,1.4000000007285962e-05,1.2000000012335477e-05,618,1,0,1,0,1,0,0.8000000000000003,4398.8093491114705,93.754411911147,3267.4357152174284,0,619
1098.75,1.4,9.5,-2.2,4200.52,92.61567,-0.8993999999993321,-0.001399999999193824,-0.0003999999989900971,-0.0029400000000094906,-1.4210854715202004e-14,-1.4000000021496817e-05,619,1,0,1,0,1,0,0.8000000000000003,4398.489527580645,93.75257523064516,3272.4763394190536,0,620
1100.25,1.4,9.5,-2.2,4199.62,92.61274,-0.9000000000005457,-0.0006000000012136297,0.0007999999979801942,-0.0029299999999921056,1.0000000017384991e-05,1.0000000031595846e-05,620,1,0,1,0,1,0,0.8000000000000003,4398.169286795492,93.75073974718197,3277.515883620635,0,621
1099.25,1.4,9.5,-2.2,4198.719,92.60981,-0.9009999999998399,-0.0009999999992942321,-0.0003999999980806024,-0.0029300000000063164,-1.4210854715202004e-14,-1.0000000031595846e-05,621,1,0,1,0,1,0,0.8000000000000003,4397.848627170419,93.74890545498393,3282.554346622174,0,622
1097.75,1.4,9.5,-2.2,4197.817,92.60689,-0.9020000000000437,-0.0010000000002037268,-9.094947017729282e-13,-0.0029199999999889314,1.0000000017384991e-05,1.0000000031595846e-05,622,1,0,1,0,1,0,0.8000000000000003,4397.527549117175,93.74707236436596,3287.5917272236693,0,623
1097.75,1.4,9.5,-2.2,4196.9136,92.60397,-0.903400000000147,-0.0014000000001033186,-0.0003999999998995918,-0.0029200000000031423,-1.4210854715202004e-14,-1.0000000031595846e-05,623,1,0,1,0,1,0,0.8000000000000003,4397.206052403846,93.74524046955129,3292.628023745121,0,624
1097.75,1.4,9.5,-2.2,4196.01,92.60106,-0.903599999999642,-0.00019999999949504854,0.00120000000060827,-0.002909999999999968,1.0000000003174137e-05,1.0000000017384991e-05,624,1,0,1,0,1,0,0.8000000000000003,4396.88413872,93.74340978080001,3297.6632359465293,0,625
1097.75,1.4,9.5,-2.2,4195.1045,92.59815,-0.9054999999998472,-0.001900000000205182,-0.0017000000007101335,-0.002909999999999968,0.0,-1.0000000003174137e-05,625,1,0,1,0,1,0,0.8000000000000003,4396.561807028755,93.74158029233227,3302.6973615478946,0,626
1098.25,1.4,9.5,-2.2,4194.198,92.59525,-0.9065000000000509,-0.0010000000002037268,0.0009000000000014552,-0.002900000000011005,9.999999988963282e-06,9.999999988963282e-06,626,1,0,1,0,1,0,0.8000000000000003,4396.239057735247,93.73975201435407,3307.730399349216,0,627
1098.25,1.4,9.5,-2.2,4193.2915,92.59236,-0.9065000000000509,0.0,0.0010000000002037268,-0.00288999999999362,1.0000000017384991e-05,2.842170943040401e-14,627,1,0,1,0,1,0,0.8000000000000003,4395.915892834395,93.73792495700637,3312.762349350494,0,628
1100.25,1.4,9.5,-2.2,4192.3833,92.58947,-0.9081999999998516,-0.0016999999998006388,-0.0016999999998006388,-0.00288999999999362,0.0,-1.0000000017384991e-05,628,1,0,1,0,1,0,0.8000000000000003,4395.592311605723,93.73609911446741,3317.7932095117285,0,629
1101.25,1.4,9.5,-2.2,4191.474,92.586586,-0.9093000000002576,-0.0011000000004059984,0.0005999999993946403,-0.0028840000000087684,5.999999984851456e-06,5.999999984851456e-06,629,1,0,1,0,1,0,0.8000000000000003,4395.268314285715,93.73427449047618,3322.8229785129192,0,630
1102.25,1.4,9.5,-2.2,4190.564,92.58371,-0.9099999999998545,-0.000699999999596912,0.0004000000008090865,-0.002876000000000545,8.000000008223651e-06,2.000000023372195e-06,630,1,0,1,0,1,0,0.8000000000000003,4394.943901743264,93.73245109191758,3327.8516555140664,0,631
1100.75,1.4,9.5,-2.2,4189.653,92.58083,-0.9110000000000582,-0.0010000000002037268,-0.00030000000060681487,-0.0028799999999904458,-3.999999989900971e-06,-1.1999999998124622e-05,631,1,0,1,0,1,0,0.8000000000000003,4394.619074367089,93.73062890664558,3332.8792393151693,0,632
1101.75,1.4,9.5,-2.2,4188.741,92.57797,-0.9120000000002619,-0.0010000000002037268,0.0,-0.002860000000012519,1.9999999977926564e-05,2.3999999967827534e-05,632,1,0,1,0,1,0,0.8000000000000003,4394.293832543443,93.72880796050553,3337.905728716229,0,633
1102.0,1.4,9.5,-2.2,4187.828,92.57511,-0.9129999999995562,-0.0009999999992942321,9.094947017729282e-13,-0.0028599999999983083,1.4210854715202004e-14,-1.999999996371571e-05,633,1,0,1,0,1,0,0.8000000000000003,4393.968176656152,93.72698824763407,3342.931122517245,0,634
1100.75,1.4,9.5,-2.2,4186.914,92.57225,-0.9140000000006694,-0.0010000000011132215,-1.8189894035458565e-12,-0.0028599999999983083,0.0,-1.4210854715202004e-14,634,1,0,1,0,1,0,0.8000000000000003,4393.642107086614,93.72516976220471,3347.955419518217,0,635
1100.5,1.4,9.5,-2.2,4185.999,92.569405,-0.9149999999999636,-0.0009999999992942321,1.8189894035458565e-12,-0.002844999999993547,1.5000000004761205e-05,1.5000000004761205e-05,635,1,0,1,0,1,0,0.8000000000000003,4393.315624213837,93.72335252201258,3352.9786185191447,0,636
1101.25,1.4,9.5,-2.2,4185.083,92.56656,-0.9160000000001673,-0.0010000000002037268,-9.094947017729282e-13,-0.002845000000007758,-1.4210854715202004e-14,-1.500000001897206e-05,636,1,0,1,0,1,0,0.8000000000000003,4392.988728414442,93.72153652119309,3358.0007183200287,0,637
1101.25,1.4,9.5,-2.2,4184.166,92.56372,-0.9169999999994616,-0.0009999999992942321,9.094947017729282e-13,-0.00283999999999196,5.000000015797923e-06,5.000000030008778e-06,637,1,0,1,0,1,0,0.8000000000000003,4392.661420062696,93.71972176175548,3363.0217177208688,0,638
1102.25,1.4,9.5,-2.2,4183.248,92.56088,-0.9180000000005748,-0.0010000000011132215,-1.8189894035458565e-12,-0.002840000000006171,-1.4210854715202004e-14,-5.000000030008778e-06,638,1,0,1,0,1,0,0.8000000000000003,4392.333699530517,93.71790823787168,3368.0416155216644,0,639
1102.75,1.4,9.5,-2.2,4182.329,92.55806,-0.918999999999869,-0.0009999999992942321,1.8189894035458565e-12,-0.0028199999999998226,2.0000000006348273e-05,2.0000000020559128e-05,639,1,0,1,0,1,0,0.8000000000000003,4392.0055671875,93.716095975,3373.0604105224165,0,640
1103.0,1.4,9.5,-2.2,4181.4097,92.55524,-0.9192999999995664,-0.00029999999969732016,0.000699999999596912,-0.0028199999999998226,0.0,-2.0000000006348273e-05,640,1,0,1,0,1,0,0.8000000000000003,4391.677024492979,93.71428496723868,3378.078102363124,0,641
1103.25,1.4,9.5,-2.2,4180.489,92.55242,-0.9207000000005792,-0.0014000000010128133,-0.0011000000013154931,-0.0028199999999998226,0.0,0.0,641,1,0,1,0,1,0,0.8000000000000003,4391.3480711838,93.71247520872274,3383.0946893637874,0,642
1104.25,1.4,9.5,-2.2,4179.567,92.54961,-0.9219999999995707,-0.0012999999989915523,0.00010000000202126103,-0.0028099999999966485,1.0000000003174137e-05,1.0000000003174137e-05,642,1,0,1,0,1,0,0.8000000000000003,4391.018707153966,93.71066670917574,3388.110169964407,0,643
1105.75,1.4,9.5,-2.2,4178.644,92.54681,-0.9229999999997744,-0.0010000000002037268,0.00029999999878782546,-0.0028000000000076852,9.999999988963282e-06,-1.4210854715202004e-14,643,1,0,1,0,1,0,0.8000000000000003,4390.688932763976,93.70885947826088,3393.1245429649816,0,644
1104.25,1.4,9.5,-2.2,4177.72,92.54401,-0.9239999999999782,-0.0010000000002037268,0.0,-0.0027999999999934744,1.4210854715202004e-14,-9.999999974752427e-06,644,1,0,1,0,1,0,0.8000000000000003,4390.358748372093,93.70705351007751,3398.137807165512,0,645
1103.75,1.4,9.5,-2.2,4176.7954,92.541214,-0.9246000000002823,-0.000600000000304135,0.0003999999998995918,-0.0027960000000035734,3.999999989900971e-06,3.999999975690116e-06,645,1,0,1,0,1,0,0.8000000000000003,4390.02815495356,93.70524880495357,3403.1499618459984,0,646
1103.75,1.4,9.5,-2.2,4175.87,92.53842,-0.9254000000000815,-0.0007999999997991836,-0.00019999999949504854,-0.002793999999994412,2.00000000916134e-06,-1.9999999807396307e-06,646,1,0,1,0,1,0,0.8000000000000003,4389.69715316847,93.70344536012365,3408.1610060464404,0,647
1103.25,1.4,9.5,-2.2,4174.9434,92.535645,-0.9265999999997803,-0.0011999999996987754,-0.0003999999998995918,-0.00277499999999975,1.8999999994662176e-05,1.6999999985500835e-05,647,1,0,1,0,1,0,0.8000000000000003,4389.365743055555,93.70164319907408,3413.1709383268376,0,648
1104.25,1.4,9.5,-2.2,4174.0156,92.53287,-0.9278000000003885,-0.00120000000060827,-9.094947017729282e-13,-0.00277499999999975,0.0,-1.8999999994662176e-05,648,1,0,1,0,1,0,0.8000000000000003,4389.033924653312,93.69984231587057,3418.17975724719,0,649
1103.75,1.4,9.5,-2.2,4173.0874,92.5301,-0.9281999999993786,-0.0003999999989900971,0.000800000001618173,-0.002769999999998163,5.000000001587068e-06,5.000000001587068e-06,649,1,0,1,0,1,0,0.8000000000000003,4388.701699230769,93.6980427123077,3423.1874623274985,0,650
1103.5,1.4,9.5,-2.2,4172.1577,92.52733,-0.9297000000005937,-0.001500000001215085,-0.0011000000022249878,-0.002769999999998163,0.0,-5.000000001587068e-06,650,1,0,1,0,1,0,0.8000000000000003,4388.369066359447,93.69624438248847,3428.194051767762,0,651
1102.25,1.4,9.5,-2.2,4171.2275,92.524574,-0.9301999999997861,-0.0004999999991923687,0.0010000000020227162,-0.0027560000000050877,1.3999999993075107e-05,1.3999999993075107e-05,651,1,0,1,0,1,0,0.8000000000000003,4388.036027147239,93.69444734202455,3433.199524967981,0,652
1101.25,1.4,9.5,-2.2,4170.296,92.52182,-0.9314999999996871,-0.001299999999901047,-0.0008000000007086783,-0.0027539999999959264,2.00000000916134e-06,-1.1999999983913767e-05,652,1,0,1,0,1,0,0.8000000000000003,4387.702581470137,93.69265158805513,3438.2038803681553,0,653
1101.0,1.4,9.5,-2.2,4169.364,92.51907,-0.9320000000006985,-0.0005000000010113581,0.0007999999988896889,-0.0027500000000060254,3.999999989900971e-06,1.9999999807396307e-06,653,1,0,1,0,1,0,0.8000000000000003,4387.368730428135,93.6908571207951,3443.207117368285,0,654
1102.75,1.4,9.5,-2.2,4168.43,92.51633,-0.933999999999287,-0.0019999999985884642,-0.0014999999975771061,-0.0027400000000028513,1.0000000003174137e-05,6.000000013273166e-06,654,1,0,1,0,1,0,0.8000000000000003,4387.034472824427,93.68906394961832,3448.209233568369,0,655
1103.25,1.4,9.5,-2.2,4167.496,92.513596,-0.9340000000001965,-9.094947017729282e-13,0.0019999999976789695,-0.002733999999989578,6.000000013273166e-06,-3.999999989900971e-06,655,1,0,1,0,1,0,0.8000000000000003,4386.699810518293,93.6872720777439,3453.210228968409,0,656
1104.75,1.4,9.5,-2.2,4166.561,92.510864,-0.9350000000004002,-0.0010000000002037268,-0.0009999999992942321,-0.0027320000000088385,1.9999999807396307e-06,-4.000000032533535e-06,656,1,0,1,0,1,0,0.8000000000000003,4386.3647438356165,93.6854815022831,3458.210102368404,0,657
1103.75,1.4,9.5,-2.2,4165.625,92.50814,-0.9359999999996944,-0.0009999999992942321,9.094947017729282e-13,-0.002724000000000615,8.000000008223651e-06,6.00000002748402e-06,657,1,0,1,0,1,0,0.8000000000000003,4386.029273100304,93.68369222948328,3463.208852568354,0,658
1102.75,1.4,9.5,-2.2,4164.6875,92.505424,-0.9375,-0.0015000000003055902,-0.0005000000010113581,-0.002715999999992391,8.000000008223651e-06,0.0,658,1,0,1,0,1,0,0.8000000000000003,4385.69339787557,93.68190426555387,3468.206477768259,0,659
1102.25,1.4,9.5,-2.2,4163.7495,92.50271,-0.9380000000001019,-0.0005000000001018634,0.0010000000002037268,-0.0027140000000116515,1.9999999807396307e-06,-6.00000002748402e-06,659,1,0,1,0,1,0,0.8000000000000003,4385.357119242424,93.68011760757575,3473.2029773681193,0,660
1101.25,1.4,9.5,-2.2,4162.8105,92.5,-0.9390000000003056,-0.0010000000002037268,-0.0005000000001018634,-0.002709999999993329,4.00000001832268e-06,2.0000000375830496e-06,660,1,0,1,0,1,0,0.8000000000000003,4385.020437518911,93.67833225567323,3478.1983501679338,0,661
1099.75,1.4,9.5,-2.2,4161.871,92.4973,-0.939499999999498,-0.0004999999991923687,0.0005000000010113581,-0.0027000000000043656,9.999999988963282e-06,5.9999999706406015e-06,661,1,0,1,0,1,0,0.8000000000000003,4384.683353776435,93.67654821903324,3483.192595567704,0,662
1098.25,1.4,9.5,-2.2,4160.93,92.494606,-0.9409999999998035,-0.0015000000003055902,-0.0010000000011132215,-0.0026939999999910924,6.000000013273166e-06,-3.999999975690116e-06,662,1,0,1,0,1,0,0.8000000000000003,4384.345867571645,93.67476550075415,3488.1857117674285,0,663
1099.25,1.4,9.5,-2.2,4159.9883,92.49192,-0.94170000000031,-0.0007000000005064066,0.0007999999997991836,-0.0026860000000112905,7.999999979801942e-06,1.999999966528776e-06,663,1,0,1,0,1,0,0.8000000000000003,4384.007979668675,93.67298410692771,3493.177697927108,0,664
1099.5,1.4,9.5,-2.2,4159.0454,92.489235,-0.9429000000000087,-0.0011999999996987754,-0.0004999999991923687,-0.0026849999999996044,1.0000000116860974e-06,-6.999999968115844e-06,664,1,0,1,0,1,0,0.8000000000000003,4383.669690075189,93.6712040330827,3498.168552606742,0,665
1097.75,1.4,9.5,-2.2,4158.102,92.48656,-0.9434000000001106,-0.0005000000001018634,0.000699999999596912,-0.0026749999999964302,1.0000000003174137e-05,8.999999991488039e-06,665,1,0,1,0,1,0,0.8000000000000003,4383.33099984985,93.6694252882883,3503.158275206331,0,666
1098.25,1.4,9.5,-2.2,4157.157,92.48389,-0.944999999999709,-0.0015999999995983671,-0.0010999999994965037,-0.002669999999994843,5.000000001587068e-06,-5.000000001587068e-06,666,1,0,1,0,1,0,0.8000000000000003,4382.991908395802,93.66764787406296,3508.1468638058745,0,667
1098.5,1.4,9.5,-2.2,4156.212,92.481224,-0.944999999999709,0.0,0.0015999999995983671,-0.002666000000004942,3.999999989900971e-06,-1.0000000116860974e-06,667,1,0,1,0,1,0,0.8000000000000003,4382.65241751497,93.66587179041916,3513.1343184053726,0,668
1099.25,1.4,9.5,-2.2,4155.2656,92.47856,-0.9464000000007218,-0.0014000000010128133,-0.0014000000010128133,-0.002663999999995781,2.00000000916134e-06,-1.9999999807396307e-06,668,1,0,1,0,1,0,0.8000000000000003,4382.31252690583,93.66409703437968,3518.1206373248256,0,669
1098.25,1.4,9.5,-2.2,4154.3184,92.475914,-0.9471999999996115,-0.0007999999988896889,0.0006000000021231244,-0.002645999999998594,1.7999999997186933e-05,1.5999999988025593e-05,669,1,0,1,0,1,0,0.8000000000000003,4381.972237164179,93.66232362686567,3523.1058196042327,0,670
1099.75,1.4,9.5,-2.2,4153.37,92.47327,-0.9484000000002197,-0.00120000000060827,-0.0004000000017185812,-0.0026440000000036434,1.9999999949504854e-06,-1.6000000002236447e-05,670,1,0,1,0,1,0,0.8000000000000003,4381.63154828614,93.66055156482861,3528.0898638035947,0,671
1099.25,1.4,9.5,-2.2,4152.421,92.47063,-0.9489999999996144,-0.0005999999993946403,0.0006000000012136297,-0.0026399999999995316,4.0000000041118255e-06,2.00000000916134e-06,671,1,0,1,0,1,0,0.8000000000000003,4381.290461160715,93.65878084821428,3533.072769202911,0,672
1101.75,1.5,9.5,-2.2,4151.4707,92.46799,-0.9503000000004249,-0.0013000000008105417,-0.0007000000014159014,-0.0026399999999995316,0.0,-4.0000000041118255e-06,672,1,0,1,0,1,0,0.7000000000000002,4380.948975631501,93.65701147102526,3538.0545342421815,0,673
1102.75,1.5,9.5,-2.2,4150.5195,92.46536,-0.9511999999995169,-0.0008999999990919605,0.0004000000017185812,-0.0026299999999963575,1.0000000003174137e-05,1.0000000003174137e-05,673,1,0,1,0,1,0,0.7000000000000002,4380.607092136498,93.65524344213651,3543.035157841406,0,674
1101.25,1.5,9.5,-2.2,4149.568,92.46274,-0.9515000000001237,-0.00030000000060681487,0.0005999999984851456,-0.002620000000007394,9.999999988963282e-06,-1.4210854715202004e-14,674,1,0,1,0,1,0,0.7000000000000002,4380.264812,93.65347677037037,3548.0146396405858,0,675
1101.25,1.5,9.5,-2.2,4148.615,92.46012,-0.9530000000004293,-0.0015000000003055902,-0.0011999999996987754,-0.0026199999999931833,1.4210854715202004e-14,-9.999999974752427e-06,675,1,0,1,0,1,0,0.7000000000000002,4379.922134763314,93.65171144970415,3552.992977839719,0,676
1100.25,1.5,9.5,-2.2,4147.661,92.45751,-0.9539999999997235,-0.0009999999992942321,0.0005000000010113581,-0.00261000000000422,9.999999988963282e-06,9.999999974752427e-06,676,1,0,1,0,1,0,0.7000000000000002,4379.57906070901,93.64994748892171,3557.970171238807,0,677
1099.25,1.5,9.5,-2.2,4146.7065,92.45491,-0.9544999999998254,-0.0005000000001018634,0.0004999999991923687,-0.002600000000001046,1.0000000003174137e-05,1.4210854715202004e-14,677,1,0,1,0,1,0,0.7000000000000002,4379.235590855457,93.64818489675517,3562.9462192378487,0,678
1098.75,1.5,9.5,-2.2,4145.751,92.45231,-0.9555000000000291,-0.0010000000002037268,-0.0005000000001018634,-0.002600000000001046,0.0,-1.0000000003174137e-05,678,1,0,1,0,1,0,0.7000000000000002,4378.891725478645,93.64642366715759,3567.921120636845,0,679
1100.25,1.5,9.5,-2.2,4144.7944,92.449715,-0.9566000000004351,-0.0011000000004059984,-0.00010000000020227162,-0.002594999999999459,5.000000001587068e-06,5.000000001587068e-06,679,1,0,1,0,1,0,0.7000000000000002,4378.547464705883,93.64466380147059,3572.894874115795,0,680
1100.25,1.5,9.5,-2.2,4143.8374,92.44713,-0.9569999999994252,-0.0003999999989900971,0.0007000000014159014,-0.0025849999999962847,1.0000000003174137e-05,5.000000001587068e-06,680,1,0,1,0,1,0,0.7000000000000002,4378.20280969163,93.64290530837005,3577.867479194699,0,681
1100.25,1.5,9.5,-2.2,4142.879,92.44455,-0.958400000000438,-0.0014000000010128133,-0.0010000000020227162,-0.0025799999999946976,5.000000001587068e-06,-5.000000001587068e-06,681,1,0,1,0,1,0,0.7000000000000002,4377.857760117302,93.64114818914956,3582.838934193557,0,682
1102.75,1.5,9.5,-2.2,4141.92,92.44198,-0.9589999999998327,-0.0005999999993946403,0.000800000001618173,-0.0025700000000057344,9.999999988963282e-06,4.9999999873762135e-06,682,1,0,1,0,1,0,0.7000000000000002,4377.512316837481,93.63939245241582,3587.8092383923695,0,683
1101.75,1.5,9.5,-2.2,4140.9595,92.43941,-0.9605000000001382,-0.0015000000003055902,-0.0009000000009109499,-0.0025700000000057344,0.0,-9.999999988963282e-06,683,1,0,1,0,1,0,0.7000000000000002,4377.166479385965,93.63763809210526,3592.7783899911356,0,684
1100.25,1.5,9.5,-2.2,4139.9985,92.436844,-0.9610000000002401,-0.0005000000001018634,0.0010000000002037268,-0.0025660000000016225,4.0000000041118255e-06,4.0000000041118255e-06,684,1,0,1,0,1,0,0.7000000000000002,4376.820248759124,93.6358851080292,3597.7463883898554,0,685
1100.0,1.5,9.5,-2.2,4139.0366,92.434296,-0.9618999999993321,-0.0008999999990919605,-0.0003999999989900971,-0.0025479999999902248,1.8000000011397788e-05,1.4000000007285962e-05,685,1,0,1,0,1,0,0.7000000000000002,4376.473625364431,93.63413352040816,3602.7132325085295,0,686
1101.25,1.5,9.5,-2.2,4138.074,92.43174,-0.962600000000748,-0.0007000000014159014,0.00019999999767605914,-0.0025559999999984484,-8.000000008223651e-06,-2.600000001962144e-05,686,1,0,1,0,1,0,0.7000000000000002,4376.126609898108,93.63238331149927,3607.6789215071567,0,687
1100.75,1.5,9.5,-2.2,4137.1104,92.4292,-0.9636000000000422,-0.0009999999992942321,-0.00029999999787833076,-0.002540000000010423,1.5999999988025593e-05,2.3999999996249244e-05,687,1,0,1,0,1,0,0.7000000000000002,4375.779202616279,93.63063449854651,3612.643454185738,0,688
1102.25,1.5,9.5,-2.2,4136.1455,92.42667,-0.9648999999999432,-0.001299999999901047,-0.00030000000060681487,-0.002529999999993038,1.0000000017384991e-05,-5.9999999706406015e-06,688,1,0,1,0,1,0,0.7000000000000002,4375.431403338172,93.62888708998548,3617.6068289842733,0,689
1102.0,1.5,9.5,-2.2,4135.18,92.42413,-0.9654999999993379,-0.0005999999993946403,0.0007000000005064066,-0.002539999999996212,-1.0000000003174137e-05,-2.0000000020559128e-05,689,1,0,1,0,1,0,0.7000000000000002,4375.083212898551,93.6271410652174,3622.569045182762,0,690
1102.25,1.5,9.5,-2.2,4134.214,92.42161,-0.9660000000003492,-0.0005000000010113581,9.999999838328222e-05,-0.0025200000000040745,1.9999999992137418e-05,2.9999999995311555e-05,690,1,0,1,0,1,0,0.7000000000000002,4374.73463227207,93.625396447178,3627.5301021812043,0,691
1101.75,1.5,9.5,-2.2,4133.2466,92.41909,-0.9673999999995431,-0.001399999999193824,-0.0008999999981824658,-0.0025200000000040745,0.0,-1.9999999992137418e-05,691,1,0,1,0,1,0,0.7000000000000002,4374.385661127168,93.62365322976878,3632.4899982996,0,692
1101.5,1.5,9.5,-2.2,4132.279,92.41658,-0.9675999999999476,-0.00020000000040454324,0.0011999999987892807,-0.0025100000000009004,1.0000000003174137e-05,1.0000000003174137e-05,692,1,0,1,0,1,0,0.7000000000000002,4374.0363008658005,93.62191142135643,3637.4487332979493,0,693
1102.75,1.5,9.5,-2.2,4131.3096,92.41408,-0.96940000000086,-0.001800000000912405,-0.0016000000005078618,-0.0024999999999977263,1.0000000003174137e-05,0.0,693,1,0,1,0,1,0,0.7000000000000002,4373.686550576369,93.62017103025937,3642.406305016252,0,694
1101.75,1.5,9.5,-2.2,4130.34,92.411575,-0.9695999999994456,-0.00019999999858555384,0.0016000000023268512,-0.0025049999999993133,-5.000000001587068e-06,-1.5000000004761205e-05,694,1,0,1,0,1,0,0.7000000000000002,4373.336411654676,93.61843204316547,3647.3627132145084,0,695
1098.75,1.5,9.5,-2.2,4129.369,92.40908,-0.9710000000004584,-0.0014000000010128133,-0.0012000000024272595,-0.002494999999996139,1.0000000003174137e-05,1.5000000004761205e-05,695,1,0,1,0,1,0,0.7000000000000002,4372.985883764368,93.6166944683908,3652.3179562127184,0,696
1096.75,1.5,9.5,-2.2,4128.3975,92.40659,-0.9714999999996508,-0.0004999999991923687,0.0009000000018204446,-0.002490000000008763,4.9999999873762135e-06,-5.000000015797923e-06,696,1,0,1,0,1,0,0.7000000000000002,4372.634967862267,93.61495830703012,3657.2720334108812,0,697
1096.75,1.5,9.5,-2.2,4127.425,92.40411,-0.9724999999998545,-0.0010000000002037268,-0.0005000000010113581,-0.002479999999991378,1.0000000017384991e-05,5.000000030008778e-06,697,1,0,1,0,1,0,0.7000000000000002,4372.283664183381,93.61322356733524,3662.224943608998,0,698
1096.75,1.5,9.5,-2.2,4126.451,92.40164,-0.9740000000001601,-0.0015000000003055902,-0.0005000000001018634,-0.0024700000000024147,9.999999988963282e-06,-2.842170943040401e-14,698,1,0,1,0,1,0,0.7000000000000002,4371.931972246066,93.61149025751072,3667.1766850070676,0,699
1094.75,1.5,9.5,-2.2,4125.477,92.39918,-0.9740000000001601,0.0,0.0015000000003055902,-0.0024599999999992406,1.0000000003174137e-05,1.4210854715202004e-14,699,1,0,1,0,1,0,0.7000000000000002,4371.579893714286,93.60975838571429,3672.12725760509,0,700
1094.75,1.5,9.5,-2.2,4124.502,92.39671,-0.9749999999994543,-0.0009999999992942321,-0.0009999999992942321,-0.0024700000000024147,-1.0000000003174137e-05,-2.0000000006348273e-05,700,1,0,1,0,1,0,0.7000000000000002,4371.227428815977,93.6080279315264,3677.0766602030662,0,701
1093.75,1.5,9.5,-2.2,4123.526,92.39426,-0.9760000000005675,-0.0010000000011132215,-1.8189894035458565e-12,-0.0024499999999960664,2.0000000006348273e-05,3.000000000952241e-05,701,1,0,1,0,1,0,0.7000000000000002,4370.874577777778,93.60629891737892,3682.0248916009955,0,702
1094.0,1.5,9.5,-2.2,4122.549,92.391815,-0.9769999999998618,-0.0009999999992942321,1.8189894035458565e-12,-0.0024450000000086902,4.9999999873762135e-06,-1.500000001897206e-05,702,1,0,1,0,1,0,0.7000000000000002,4370.521340825036,93.60457134423898,3686.971950598878,0,703
1092.75,1.5,9.5,-2.2,4121.5713,92.389366,-0.9777000000003682,-0.0007000000005064066,0.00029999999878782546,-0.002448999999998591,-3.999999989900971e-06,-8.999999977277184e-06,703,1,0,1,0,1,0,0.7000000000000002,4370.167718607955,93.6028452002841,3691.9178363567135,0,704
1092.5,1.5,9.5,-2.2,4120.593,92.38693,-0.9782999999997628,-0.0005999999993946403,0.00010000000111176632,-0.0024359999999887805,1.300000000981072e-05,1.699999999971169e-05,704,1,0,1,0,1,0,0.7000000000000002,4369.813711914894,93.60112049787234,3696.862548154502,0,705
1090.75,1.5,9.5,-2.2,4119.6133,92.38451,-0.9796999999998661,-0.0014000000001033186,-0.0008000000007086783,-0.002420000000000755,1.5999999988025593e-05,2.9999999782148734e-06,705,1,0,1,0,1,0,0.7000000000000002,4369.459320396601,93.59939725354108,3701.8060843122435,0,706
1091.0,1.5,9.5,-2.2,4118.633,92.38208,-0.9803000000001703,-0.000600000000304135,0.0007999999997991836,-0.002430000000003929,-1.0000000003174137e-05,-2.599999999119973e-05,706,1,0,1,0,1,0,0.7000000000000002,4369.104544837341,93.59767544695897,3706.7484441099377,0,707
1091.75,1.5,9.5,-2.2,4117.6514,92.37967,-0.9816000000000713,-0.001299999999901047,-0.000699999999596912,-0.0024099999999975807,2.0000000006348273e-05,3.000000000952241e-05,707,1,0,1,0,1,0,0.7000000000000002,4368.749385028249,93.59595510028248,3711.689625987585,0,708
1093.75,1.5,9.5,-2.2,4116.6694,92.37726,-0.9819999999999709,-0.0003999999998995918,0.0009000000000014552,-0.0024099999999975807,0.0,-2.0000000006348273e-05,708,1,0,1,0,1,0,0.7000000000000002,4368.39384203103,93.59423620733428,3716.629629465185,0,709
1095.25,1.5,9.5,-2.2,4115.6865,92.374855,-0.9828999999999724,-0.0009000000000014552,-0.0005000000001018634,-0.0024050000000102045,4.9999999873762135e-06,4.9999999873762135e-06,709,1,0,1,0,1,0,0.7000000000000002,4368.037916197183,93.59251876901409,3721.568453462738,0,710
1094.25,1.5,9.5,-2.2,4114.7026,92.37246,-0.9839000000001761,-0.0010000000002037268,-0.00010000000020227162,-0.0023949999999928195,1.0000000017384991e-05,5.000000030008778e-06,710,1,0,1,0,1,0,0.7000000000000002,4367.681607735583,93.59080279324895,3726.5060967802438,0,711
1095.25,1.5,9.5,-2.2,4113.7183,92.37006,-0.9842999999991662,-0.0003999999989900971,0.0006000000012136297,-0.0024000000000086175,-5.000000015797923e-06,-1.5000000033182914e-05,711,1,0,1,0,1,0,0.7000000000000002,4367.324917696629,93.58908826685393,3731.4425589377024,0,712
1096.25,1.5,9.5,-2.2,4112.7324,92.36768,-0.9859000000005835,-0.0016000000014173565,-0.0012000000024272595,-0.002380000000002269,2.0000000006348273e-05,2.5000000022146196e-05,712,1,0,1,0,1,0,0.7000000000000002,4366.967845441795,93.58737521178121,3736.3778380151134,0,713
1094.75,1.5,9.5,-2.2,4111.746,92.3653,-0.9863999999997759,-0.0004999999991923687,0.0011000000022249878,-0.0023799999999880583,1.4210854715202004e-14,-1.9999999992137418e-05,713,1,0,1,0,1,0,0.7000000000000002,4366.610391876751,93.58566362184874,3741.311933412477,0,714
1096.25,1.5,9.5,-2.2,4110.759,92.36294,-0.98700000000008,-0.000600000000304135,-0.00010000000111176632,-0.0023600000000101318,1.9999999977926564e-05,1.999999996371571e-05,714,1,0,1,0,1,0,0.7000000000000002,4366.252557762237,93.58395351888112,3746.2448444097936,0,715
1096.5,1.5,9.5,-2.2,4109.771,92.36057,-0.9880000000002838,-0.0010000000002037268,-0.0003999999998995918,-0.002369999999999095,-9.999999988963282e-06,-2.9999999966889845e-05,715,1,0,1,0,1,0,0.7000000000000002,4365.89434329609,93.58224488268156,3751.1765698070626,0,716
1095.75,1.5,9.5,-2.2,4108.782,92.358215,-0.988999999999578,-0.0009999999992942321,9.094947017729282e-13,-0.002354999999994334,1.5000000004761205e-05,2.4999999993724487e-05,716,1,0,1,0,1,0,0.7000000000000002,4365.535748675035,93.58053772803348,3756.107108404284,0,717
1093.75,1.5,9.5,-2.2,4107.7925,92.355865,-0.9895000000005894,-0.0005000000010113581,0.000499999998282874,-0.0023500000000069576,4.9999999873762135e-06,-1.0000000017384991e-05,717,1,0,1,0,1,0,0.7000000000000002,4365.176774791086,93.57883205571031,3761.0364596014583,0,718
1092.75,1.5,9.5,-2.2,4106.802,92.353516,-0.9904999999998836,-0.0009999999992942321,-0.000499999998282874,-0.0023489999999952715,1.0000000116860974e-06,-3.999999975690116e-06,718,1,0,1,0,1,0,0.7000000000000002,4364.817421835884,93.57712786091793,3765.964622198585,0,719
1091.75,1.5,9.5,-2.2,4105.81,92.35118,-0.9919999999992797,-0.0014999999993960955,-0.0005000000001018634,-0.0023359999999996717,1.2999999995599865e-05,1.1999999983913767e-05,719,1,0,1,0,1,0,0.7000000000000002,4364.4576893055555,93.57542515555556,3770.8915943956636,0,720
1093.75,1.5,9.5,-2.2,4104.818,92.348854,-0.9920000000001892,-9.094947017729282e-13,0.0014999999984866008,-0.0023259999999964975,1.0000000003174137e-05,-2.999999992425728e-06,720,1,0,1,0,1,0,0.7000000000000002,4364.097578779472,93.57372394729542,3775.817376192695,0,721
1093.75,1.5,9.5,-2.2,4103.8247,92.34653,-0.9933000000000902,-0.001299999999901047,-0.0012999999989915523,-0.002324000000001547,1.9999999949504854e-06,-8.000000008223651e-06,721,1,0,1,0,1,0,0.7000000000000002,4363.737090027701,93.57202423268697,3780.7419660296787,0,722
1092.75,1.5,9.5,-2.2,4102.831,92.34421,-0.9936999999999898,-0.0003999999998995918,0.0009000000000014552,-0.0023199999999974352,4.0000000041118255e-06,2.00000000916134e-06,722,1,0,1,0,1,0,0.7000000000000002,4363.37622406639,93.57032601106502,3785.6653634266145,0,723
1092.75,1.5,9.5,-2.2,4101.836,92.341896,-0.9949999999998909,-0.001299999999901047,-0.0009000000000014552,-0.002313999999998373,5.999999999062311e-06,1.9999999949504854e-06,723,1,0,1,0,1,0,0.7000000000000002,4363.014980662983,93.56862928453039,3790.5875668235026,0,724
1093.25,1.5,9.5,-2.2,4100.8403,92.33959,-0.9957000000003973,-0.0007000000005064066,0.0005999999993946403,-0.00230600000000436,7.999999994012796e-06,1.9999999949504854e-06,724,1,0,1,0,1,0,0.7000000000000002,4362.653360413793,93.56693405793102,3795.508575380343,0,725
1093.25,1.5,9.5,-2.2,4099.844,92.337296,-0.9962999999997919,-0.0005999999993946403,0.00010000000111176632,-0.0022940000000062355,1.1999999998124622e-05,4.0000000041118255e-06,725,1,0,1,0,1,0,0.7000000000000002,4362.291364049587,93.5652403415978,3800.4283883771354,0,726
1093.25,1.5,9.5,-2.2,4098.8467,92.33501,-0.9972999999999956,-0.0010000000002037268,-0.0004000000008090865,-0.002285999999998012,8.000000008223651e-06,-3.999999989900971e-06,726,1,0,1,0,1,0,0.7000000000000002,4361.928991746905,93.56354814030261,3805.34700461388,0,727
1092.25,1.5,9.5,-2.2,4097.8486,92.33272,-0.9980999999997948,-0.0007999999997991836,0.00020000000040454324,-0.0022900000000021237,-4.0000000041118255e-06,-1.2000000012335477e-05,727,1,0,1,0,1,0,0.7000000000000002,4361.566243956044,93.56185744230768,3810.2644231305767,0,728
1092.75,1.5,9.5,-2.2,4096.8496,92.330444,-0.9990000000007058,-0.0009000000009109499,-0.00010000000111176632,-0.0022759999999948377,1.4000000007285962e-05,1.8000000011397788e-05,728,1,0,1,0,1,0,0.7000000000000002,4361.203120987654,93.560168260631,3815.1806428472255,0,729
1093.0,1.5,9.5,-2.2,4095.85,92.32817,-0.9995999999996457,-0.000599999998939893,0.0003000000019710569,-0.0022739999999998872,1.9999999949504854e-06,-1.2000000012335477e-05,729,1,0,1,0,1,0,0.7000000000000002,4360.839623561644,93.5584805917808,3820.0956630438263,0,730
1094.25,1.5,9.5,-2.2,4094.8494,92.325905,-1.0005999999998494,-0.0010000000002037268,-0.00040000000126383384,-0.0022649999999941883,9.000000005698894e-06,7.000000010748408e-06,730,1,0,1,0,1,0,0.7000000000000002,4360.475751846785,93.55679444186046,3825.009482520379,0,731
1094.75,1.5,9.5,-2.2,4093.848,92.32365,-1.0014000000001033,-0.0008000000002539309,0.0001999999999497959,-0.002255000000005225,9.999999988963282e-06,9.99999983264388e-07,731,1,0,1,0,1,0,0.7000000000000002,4360.111506284153,93.55510981830602,3829.922100316884,0,732
1094.5,1.5,9.5,-2.2,4092.8457,92.321396,-1.0023000000001048,-0.0009000000000014552,-9.999999974752427e-05,-0.00225400000000775,9.999999974752427e-07,-8.999999991488039e-06,732,1,0,1,0,1,0,0.7000000000000002,4359.746887175989,93.55342671623465,3834.8335153533408,0,733
1095.25,1.5,9.5,-2.2,4091.8428,92.31915,-1.0028999999999542,-0.0005999999998493877,0.0003000000001520675,-0.002245999999999526,8.000000008223651e-06,7.000000010748408e-06,733,1,0,1,0,1,0,0.7000000000000002,4359.381895231608,93.55174514032697,3839.743726909749,0,734
1095.75,1.5,9.5,-2.2,4090.8389,92.31692,-1.0038999999997031,-0.0009999999997489795,-0.0003999999998995918,-0.0022299999999972897,1.6000000002236447e-05,7.999999994012796e-06,734,1,0,1,0,1,0,0.7000000000000002,4359.016530612244,93.55006510612245,3844.6527337861094,0,735
1095.25,1.5,9.5,-2.2,4089.8342,92.31468,-1.0047000000004118,-0.0008000000007086783,0.0001999999990403012,-0.002240000000000464,-1.0000000003174137e-05,-2.6000000005410584e-05,735,1,0,1,0,1,0,0.7000000000000002,4358.65079375,93.54838659375001,3849.5605350224214,0,736
1096.25,1.5,9.5,-2.2,4088.8286,92.31246,-1.0055999999999585,-0.0008999999995467078,-9.999999883802957e-05,-0.0022199999999941156,2.0000000006348273e-05,3.000000000952241e-05,736,1,0,1,0,1,0,0.7000000000000002,4358.284684938942,93.54670962415196,3854.467129538685,0,737
1097.75,1.5,9.5,-2.2,4087.8225,92.31024,-1.0060999999996056,-0.0004999999996471161,0.0003999999998995918,-0.0022200000000083264,-1.4210854715202004e-14,-2.0000000020559128e-05,737,1,0,1,0,1,0,0.7000000000000002,4357.9182050135505,93.54503419105691,3859.3725167349007,0,738
1098.25,1.5,9.5,-2.2,4086.8152,92.30804,-1.007300000000214,-0.00120000000060827,-0.000700000000961154,-0.0021999999999877673,2.0000000020559128e-05,2.0000000034769982e-05,738,1,0,1,0,1,0,0.7000000000000002,4357.551353856563,93.54336031529094,3864.276695171068,0,739
1100.25,1.5,9.5,-2.2,4085.8074,92.30583,-1.007799999999861,-0.0004999999996471161,0.000700000000961154,-0.0022100000000051523,-1.0000000017384991e-05,-3.000000003794412e-05,739,1,0,1,0,1,0,0.7000000000000002,4357.184132297298,93.54168797702702,3869.1796642471863,0,740
1099.25,1.5,9.5,-2.2,4084.7986,92.303635,-1.0088000000000648,-0.0010000000002037268,-0.0005000000005566108,-0.002195000000000391,1.5000000004761205e-05,2.5000000022146196e-05,740,1,0,1,0,1,0,0.7000000000000002,4356.81654048583,93.54001719028341,3874.081422763257,0,741
1100.25,1.6,9.5,-2.2,4083.789,92.301445,-1.009599999999864,-0.0007999999997991836,0.00020000000040454324,-0.002189999999998804,5.000000001587068e-06,-1.0000000003174137e-05,741,1,0,1,0,1,0,0.6000000000000001,4356.44857884097,93.5383479555256,3878.981969759279,0,742
1100.0,1.6,9.5,-2.2,4082.7788,92.29926,-1.010200000000168,-0.000600000000304135,0.00019999999949504854,-0.002184999999997217,5.000000001587068e-06,0.0,742,1,0,1,0,1,0,0.6000000000000001,4356.080248048452,93.53668027321667,3883.881304515252,0,743
1098.25,1.6,9.5,-2.2,4081.7676,92.29709,-1.011199999999917,-0.0009999999997489795,-0.00039999999944484443,-0.0021700000000066666,1.499999999055035e-05,9.999999988963282e-06,743,1,0,1,0,1,0,0.6000000000000001,4355.711548252689,93.53501415725806,3888.779425831177,0,744
1098.25,1.6,9.5,-2.2,4080.7556,92.294914,-1.012000000000171,-0.0008000000002539309,0.00019999999949504854,-0.002175999999991518,-5.999999984851456e-06,-2.0999999975401806e-05,744,1,0,1,0,1,0,0.6000000000000001,4355.342479865772,93.53334959328859,3893.6763327470535,0,745
1097.25,1.6,9.5,-2.2,4079.743,92.292755,-1.0126000000000204,-0.0005999999998493877,0.00020000000040454324,-0.0021590000000060172,1.6999999985500835e-05,2.2999999970352292e-05,745,1,0,1,0,1,0,0.6000000000000001,4354.973043565684,93.53168659785523,3898.572024542881,0,746
1097.5,1.6,9.5,-2.2,4078.7295,92.290596,-1.0135000000000218,-0.0009000000000014552,-0.0003000000001520675,-0.0021590000000060172,0.0,-1.6999999985500835e-05,746,1,0,1,0,1,0,0.6000000000000001,4354.603239625168,93.53002516465862,3903.46650013866,0,747
1098.25,1.6,9.5,-2.2,4077.715,92.28845,-1.0144999999997708,-0.0009999999997489795,-9.999999974752427e-05,-0.0021459999999962065,1.300000000981072e-05,1.300000000981072e-05,747,1,0,1,0,1,0,0.6000000000000001,4354.233068181818,93.52836530481284,3908.3597583343903,0,748
1098.25,1.6,9.5,-2.2,4076.7,92.28631,-1.0150000000003274,-0.0005000000005566108,0.0004999999991923687,-0.002139999999997144,5.999999999062311e-06,-7.000000010748408e-06,748,1,0,1,0,1,0,0.6000000000000001,4353.862530040054,93.52670702002669,3913.251798530072,0,749
1097.75,1.6,9.5,-2.2,4075.684,92.28417,-1.0159999999996217,-0.0009999999992942321,-0.0004999999987376214,-0.002139999999997144,0.0,-5.999999999062311e-06,749,1,0,1,0,1,0,0.6000000000000001,4353.491625333333,93.52505030399999,3918.142619525705,0,750
1096.25,1.6,9.5,-2.2,4074.6672,92.28205,-1.0168000000003303,-0.0008000000007086783,0.00019999999858555384,-0.0021200000000050068,1.9999999992137418e-05,1.9999999992137418e-05,750,1,0,1,0,1,0,0.6000000000000001,4353.120354460719,93.52339517709721,3923.0322203612886,0,751
1095.75,1.6,9.5,-2.2,4073.6497,92.27993,-1.0174999999999272,-0.000699999999596912,0.00010000000111176632,-0.0021200000000050068,0.0,-1.9999999992137418e-05,751,1,0,1,0,1,0,0.6000000000000001,4352.748717952128,93.52174163297872,3927.920600196824,0,752
1096.0,1.6,9.5,-2.2,4072.6316,92.27782,-1.0180999999997766,-0.0005999999998493877,9.999999974752427e-05,-0.0021099999999876218,1.0000000017384991e-05,1.0000000017384991e-05,752,1,0,1,0,1,0,0.6000000000000001,4352.376716467464,93.52008967861886,3932.8077583123104,0,753
1096.75,1.6,9.5,-2.2,4071.6123,92.2757,-1.019300000000385,-0.00120000000060827,-0.0006000000007588824,-0.0021200000000050068,-1.0000000017384991e-05,-2.0000000034769982e-05,753,1,0,1,0,1,0,0.6000000000000001,4352.004349867374,93.5184392944297,3937.6936932677477,0,754
1098.25,1.6,9.5,-2.2,4070.5925,92.273605,-1.0197999999995773,-0.0004999999991923687,0.0007000000014159014,-0.0020949999999970714,2.500000000793534e-05,3.500000002532033e-05,754,1,0,1,0,1,0,0.6000000000000001,4351.631618940397,93.51679050728478,3942.578404463136,0,755
1099.25,1.6,9.5,-2.2,4069.5718,92.271515,-1.0207000000000335,-0.0009000000004562025,-0.00040000000126383384,-0.002090000000009695,4.9999999873762135e-06,-2.0000000020559128e-05,755,1,0,1,0,1,0,0.6000000000000001,4351.258523941799,93.51514331746033,3947.4618908184757,0,756
1098.75,1.6,9.5,-2.2,4068.5505,92.26943,-1.0213000000003376,-0.000600000000304135,0.0003000000001520675,-0.0020849999999938973,5.000000015797923e-06,2.842170943040401e-14,756,1,0,1,0,1,0,0.6000000000000001,4350.885065521797,93.51349772523119,3952.344151613766,0,757
1096.75,1.6,9.5,-2.2,4067.5283,92.26735,-1.0221999999998843,-0.0008999999995467078,-0.0002999999992425728,-0.002080000000006521,4.9999999873762135e-06,-2.842170943040401e-14,757,1,0,1,0,1,0,0.6000000000000001,4350.511243931399,93.51185373087071,3957.2251857690076,0,758
1095.75,1.6,9.5,-2.2,4066.5054,92.26528,-1.022899999999936,-0.0007000000000516593,0.00019999999949504854,-0.002069999999989136,1.0000000017384991e-05,5.000000030008778e-06,758,1,0,1,0,1,0,0.6000000000000001,4350.137059683794,93.51021134123849,3962.1049924441995,0,759
1095.75,1.6,9.5,-2.2,4065.4814,92.263214,-1.0239999999998872,-0.001099999999951251,-0.0003999999998995918,-0.002065999999999235,3.999999989900971e-06,-6.00000002748402e-06,759,1,0,1,0,1,0,0.6000000000000001,4349.762512763157,93.50857055526316,3966.9835703193426,0,760
1096.0,1.6,9.5,-2.2,4064.457,92.26116,-1.0244000000002416,-0.00040000000035433914,0.000699999999596912,-0.0020540000000011105,1.1999999998124622e-05,8.000000008223651e-06,760,1,0,1,0,1,0,0.6000000000000001,4349.387604073588,93.50693138239158,3971.8609189144368,0,761
1094.75,1.6,9.5,-2.2,4063.4316,92.25911,-1.0253999999999905,-0.0009999999997489795,-0.0005999999993946403,-0.0020499999999969987,4.0000000041118255e-06,-7.999999994012796e-06,761,1,0,1,0,1,0,0.6000000000000001,4349.012333727034,93.50529382152232,3976.7370370294816,0,762
1094.5,1.6,9.5,-2.2,4062.4055,92.257065,-1.0261000000000422,-0.0007000000000516593,0.00029999999969732016,-0.0020450000000096225,4.9999999873762135e-06,9.99999983264388e-07,762,1,0,1,0,1,0,0.6000000000000001,4348.636702228047,93.50365787287025,3981.611923824477,0,763
1097.75,1.6,9.5,-2.2,4061.3787,92.25503,-1.0267999999996391,-0.000699999999596912,4.547473508864641e-13,-0.0020349999999922375,1.0000000017384991e-05,5.000000030008778e-06,763,1,0,1,0,1,0,0.6000000000000001,4348.260710078534,93.50202354319373,3986.4855784594233,0,764
1097.75,1.6,9.5,-2.2,4060.351,92.253,-1.0277000000000953,-0.0009000000004562025,-0.0002000000008592906,-0.0020300000000048612,4.9999999873762135e-06,-5.000000030008778e-06,764,1,0,1,0,1,0,0.6000000000000001,4347.88435751634,93.50039083267974,3991.35799985432,0,765
1098.75,1.6,9.5,-2.2,4059.3228,92.25098,-1.0282000000001972,-0.0005000000001018634,0.00040000000035433914,-0.002020000000001687,1.0000000003174137e-05,5.000000015797923e-06,765,1,0,1,0,1,0,0.6000000000000001,4347.507645300261,93.49875974804178,3996.2291874091675,0,766
1096.25,1.6,9.5,-2.2,4058.2937,92.24896,-1.0290999999997439,-0.0008999999995467078,-0.00039999999944484443,-0.002020000000001687,0.0,-1.0000000003174137e-05,766,1,0,1,0,1,0,0.6000000000000001,4347.130573663624,93.49713028292047,4001.0991400439657,0,767
1097.75,1.6,9.5,-2.2,4057.2637,92.246956,-1.0300000000002,-0.0009000000004562025,-9.094947017729282e-13,-0.0020039999999994507,1.6000000002236447e-05,1.6000000002236447e-05,767,1,0,1,0,1,0,0.6000000000000001,4346.753142838542,93.49550245182292,4005.9678566787143,0,768
1097.5,1.6,9.5,-2.2,4056.233,92.24496,-1.030699999999797,-0.000699999999596912,0.0002000000008592906,-0.001995999999991227,8.000000008223651e-06,-7.999999994012796e-06,768,1,0,1,0,1,0,0.6000000000000001,4346.375353315994,93.49387625877763,4010.8353364734135,0,769
1094.75,1.6,9.5,-2.2,4055.2017,92.242966,-1.0313000000001011,-0.000600000000304135,9.999999929277692e-05,-0.0019940000000104874,1.9999999807396307e-06,-6.00000002748402e-06,769,1,0,1,0,1,0,0.6000000000000001,4345.997205714286,93.4922517,4015.701578708063,0,770
1095.0,1.6,9.5,-2.2,4054.1694,92.24098,-1.0322999999998501,-0.0009999999997489795,-0.00039999999944484443,-0.0019860000000022637,8.000000008223651e-06,6.00000002748402e-06,770,1,0,1,0,1,0,0.6000000000000001,4345.618700129702,93.49062877950713,4020.5665821826633,0,771
1095.25,1.6,9.5,-2.2,4053.1365,92.239,-1.0329000000001543,-0.000600000000304135,0.00039999999944484443,-0.0019799999999889906,6.000000013273166e-06,-1.9999999949504854e-06,771,1,0,1,0,1,0,0.6000000000000001,4345.239837176166,93.48900749870467,4025.430346177214,0,772
1095.75,1.6,9.5,-2.2,4052.1028,92.23703,-1.0336999999999534,-0.0007999999997991836,-0.00019999999949504854,-0.0019700000000000273,9.999999988963282e-06,3.999999975690116e-06,772,1,0,1,0,1,0,0.6000000000000001,4344.8606172056925,93.48738786416558,4030.2928697317147,0,773
1096.75,1.6,9.5,-2.2,4051.0684,92.23507,-1.034400000000005,-0.0007000000000516593,9.999999974752427e-05,-0.001960000000011064,9.999999988963282e-06,0.0,773,1,0,1,0,1,0,0.6000000000000001,4344.481040697674,93.48576988242894,4035.154152006166,0,774
1098.25,1.6,9.5,-2.2,4050.033,92.23311,-1.0354000000002088,-0.0010000000002037268,-0.0003000000001520675,-0.001959999999996853,1.4210854715202004e-14,-9.999999974752427e-06,774,1,0,1,0,1,0,0.6000000000000001,4344.101107741935,93.48415354709678,4040.0141918005675,0,775
1097.75,1.6,9.5,-2.2,4048.997,92.23116,-1.0360000000000582,-0.0005999999998493877,0.00040000000035433914,-0.001949999999993679,1.0000000003174137e-05,9.999999988963282e-06,775,1,0,1,0,1,0,0.6000000000000001,4343.7208189432995,93.48253886469072,4044.8729883949195,0,776
1098.25,1.6,9.5,-2.2,4047.9604,92.22922,-1.0365999999999076,-0.0005999999998493877,0.0,-0.0019400000000047157,9.999999988963282e-06,-1.4210854715202004e-14,776,1,0,1,0,1,0,0.6000000000000001,4343.340174903475,93.48092584169883,4049.7305410692215,0,777
1099.25,1.6,9.5,-2.2,4046.9229,92.22728,-1.037499999999909,-0.0009000000000014552,-0.0003000000001520675,-0.0019400000000047157,0.0,-9.999999988963282e-06,777,1,0,1,0,1,0,0.6000000000000001,4342.959175835475,93.47931447172236,4054.586848743474,0,778
1098.25,1.6,9.5,-2.2,4045.8848,92.22536,-1.0381000000002132,-0.000600000000304135,0.00029999999969732016,-0.0019199999999983675,2.0000000006348273e-05,2.0000000006348273e-05,778,1,0,1,0,1,0,0.6000000000000001,4342.577822336329,93.47770477406931,4059.4419106976766,0,779
1098.5,1.6,9.5,-2.2,4044.846,92.223434,-1.03879999999981,-0.000699999999596912,-9.999999929277692e-05,-0.0019259999999974298,-5.999999999062311e-06,-2.6000000005410584e-05,779,1,0,1,0,1,0,0.6000000000000001,4342.196114871795,93.47609673461538,4064.2957260918292,0,780
1099.25,1.6,9.5,-2.2,4043.8062,92.22152,-1.0398000000000138,-0.0010000000002037268,-0.00030000000060681487,-0.0019139999999993051,1.1999999998124622e-05,1.7999999997186933e-05,780,1,0,1,0,1,0,0.6000000000000001,4341.814053521127,93.47449036235595,4069.1482937259316,0,781
1099.0,1.6,9.5,-2.2,4042.7656,92.21961,-1.040599999999813,-0.0007999999997991836,0.00020000000040454324,-0.0019099999999951933,4.0000000041118255e-06,-7.999999994012796e-06,781,1,0,1,0,1,0,0.6000000000000001,4341.431638618926,93.47288565601023,4073.9996126399847,0,782
1098.25,1.6,9.5,-2.2,4041.7246,92.21772,-1.0410000000001673,-0.00040000000035433914,0.00039999999944484443,-0.001890000000003056,1.9999999992137418e-05,1.5999999988025593e-05,782,1,0,1,0,1,0,0.6000000000000001,4341.048871008939,93.47128263473819,4078.849682353987,0,783
1096.25,1.6,9.5,-2.2,4040.6826,92.21583,-1.0419999999999163,-0.0009999999997489795,-0.0005999999993946403,-0.001890000000003056,0.0,-1.9999999992137418e-05,783,1,0,1,0,1,0,0.6000000000000001,4340.665750765306,93.46968129209185,4083.69850166794,0,784
1097.25,1.6,9.5,-2.2,4039.6401,92.21394,-1.0425000000000182,-0.0005000000001018634,0.0004999999996471161,-0.001890000000003056,0.0,0.0,784,1,0,1,0,1,0,0.6000000000000001,4340.282278598726,93.46808162165605,4088.5460699818427,0,785
1096.25,1.6,9.5,-2.2,4038.5967,92.21207,-1.0434000000000196,-0.0009000000000014552,-0.0003999999998995918,-0.0018699999999967076,2.0000000006348273e-05,2.0000000006348273e-05,785,1,0,1,0,1,0,0.6000000000000001,4339.898454707379,93.46648364249364,4093.3923862156953,0,786
1096.0,1.6,9.5,-2.2,4037.5525,92.2102,-1.0442000000002736,-0.0008000000002539309,9.999999974752427e-05,-0.0018699999999967076,0.0,-2.0000000006348273e-05,786,1,0,1,0,1,0,0.6000000000000001,4339.514279415502,93.46488734815756,4098.237449409498,0,787
1096.75,1.6,9.5,-2.2,4036.5078,92.208336,-1.0446999999999207,-0.0004999999996471161,0.00030000000060681487,-0.0018639999999976453,5.999999999062311e-06,5.999999999062311e-06,787,1,0,1,0,1,0,0.6000000000000001,4339.129753426396,93.46329273984772,4103.081258963251,0,788
1097.75,1.6,9.5,-2.2,4035.4622,92.20648,-1.0455999999999221,-0.0009000000000014552,-0.00040000000035433914,-0.0018560000000036325,7.999999994012796e-06,1.9999999949504854e-06,788,1,0,1,0,1,0,0.6000000000000001,4338.744876932826,93.46169982129278,4107.923813796952,0,789
1097.75,1.6,9.5,-2.2,4034.416,92.204636,-1.0461999999997715,-0.0005999999998493877,0.0003000000001520675,-0.001844000000005508,1.1999999998124622e-05,4.0000000041118255e-06,789,1,0,1,0,1,0,0.6000000000000001,4338.359650506329,93.46010860126583,4112.765113190604,0,790
1097.75,1.6,9.5,-2.2,4033.369,92.2028,-1.0470000000000255,-0.0008000000002539309,-0.00020000000040454324,-0.0018359999999972842,8.000000008223651e-06,-3.999999989900971e-06,790,1,0,1,0,1,0,0.6000000000000001,4337.974074462705,93.45851908343869,4117.605156184206,0,791
1098.25,1.6,9.5,-2.2,4032.3213,92.200966,-1.0477000000000771,-0.0007000000000516593,0.00010000000020227162,-0.0018340000000023338,1.9999999949504854e-06,-6.000000013273166e-06,791,1,0,1,0,1,0,0.6000000000000001,4337.588149242424,93.45693126388889,4122.443941937758,0,792
1098.25,1.6,9.5,-2.2,4031.2727,92.19914,-1.0486000000000786,-0.0009000000000014552,-0.0001999999999497959,-0.0018259999999941101,8.000000008223651e-06,6.000000013273166e-06,792,1,0,1,0,1,0,0.6000000000000001,4337.201875031526,93.45534514627995,4127.281469371259,0,793
1098.5,1.6,9.5,-2.2,4030.2236,92.19733,-1.0491000000001804,-0.0005000000001018634,0.0003999999998995918,-0.0018100000000060845,1.5999999988025593e-05,7.999999979801942e-06,793,1,0,1,0,1,0,0.6000000000000001,4336.815252518892,93.45376074433248,4132.11773788471,0,794
1098.5,1.6,9.5,-2.2,4029.1736,92.19551,-1.0499999999997272,-0.0008999999995467078,-0.00039999999944484443,-0.0018199999999950478,-9.999999988963282e-06,-2.5999999976988875e-05,794,1,0,1,0,1,0,0.6000000000000001,4336.428281886792,93.45217803899371,4136.952746398109,0,795
1098.25,1.6,9.5,-2.2,4028.123,92.19371,-1.0506000000000313,-0.000600000000304135,0.0002999999992425728,-0.0018000000000029104,1.9999999992137418e-05,2.99999999811007e-05,795,1,0,1,0,1,0,0.6000000000000001,4336.040963693467,93.45059704899496,4141.7864941914595,0,796
1097.75,1.6,9.5,-2.2,4027.0718,92.19192,-1.0511999999998807,-0.0005999999998493877,4.547473508864641e-13,-0.0017899999999997362,1.0000000003174137e-05,-9.999999988963282e-06,796,1,0,1,0,1,0,0.6000000000000001,4335.653298494354,93.4490177804266,4146.618980544759,0,797
1096.75,1.6,9.5,-2.2,4026.0198,92.19013,-1.0520000000001346,-0.0008000000002539309,-0.00020000000040454324,-0.0017899999999997362,0.0,-1.0000000003174137e-05,797,1,0,1,0,1,0,0.6000000000000001,4335.265286591479,93.44744022681704,4151.450204498008,0,798
1095.25,1.6,9.5,-2.2,4024.967,92.188354,-1.0527999999999338,-0.0007999999997991836,4.547473508864641e-13,-0.0017759999999924503,1.4000000007285962e-05,1.4000000007285962e-05,798,1,0,1,0,1,0,0.6000000000000001,4334.876928285356,93.44586439924907,4156.280165091207,0,799
1094.25,1.6,9.5,-2.2,4023.9136,92.186584,-1.053400000000238,-0.000600000000304135,0.00019999999949504854,-0.0017700000000075988,5.999999984851456e-06,-8.000000022434506e-06,799,1,0,1,0,1,0,0.6000000000000001,4334.488224125,93.44429029875,4161.108861604354,0,800
1093.75,1.6,9.5,-2.2,4022.8594,92.184814,-1.054200000000037,-0.0007999999997991836,-0.00019999999949504854,-0.001769999999993388,1.4210854715202004e-14,-5.9999999706406015e-06,800,1,0,1,0,1,0,0.6000000000000001,4334.099174406991,93.44271791885143,4165.936293077451,0,801
1093.5,1.6,9.5,-2.2,4021.8044,92.18306,-1.0549999999998363,-0.0007999999997991836,0.0,-0.0017540000000053624,1.5999999988025593e-05,1.5999999973814738e-05,801,1,0,1,0,1,0,0.6000000000000001,4333.709779426434,93.44114727306734,4170.762458550498,0,802
1093.25,1.6,9.5,-2.2,4020.7488,92.18131,-1.0556000000001404,-0.000600000000304135,0.00019999999949504854,-0.0017500000000012506,4.0000000041118255e-06,-1.1999999983913767e-05,802,1,0,1,0,1,0,0.6000000000000001,4333.320039726027,93.43957835990038,4175.587357303494,0,803
1092.25,1.6,9.5,-2.2,4019.6926,92.17957,-1.0561999999999898,-0.0005999999998493877,4.547473508864641e-13,-0.0017399999999980764,1.0000000003174137e-05,5.999999999062311e-06,803,1,0,1,0,1,0,0.6000000000000001,4332.9299558457715,93.43801118532338,4180.41098861644,0,804
1090.75,1.6,9.5,-2.2,4018.6355,92.17783,-1.0570999999999913,-0.0009000000000014552,-0.0003000000001520675,-0.0017399999999980764,0.0,-1.0000000003174137e-05,804,1,0,1,0,1,0,0.6000000000000001,4332.53952795031,93.43644574285715,4185.233351409334,0,805
1090.25,1.6,9.5,-2.2,4017.578,92.17611,-1.0574999999998909,-0.0003999999998995918,0.0005000000001018634,-0.001720000000005939,1.9999999992137418e-05,1.9999999992137418e-05,805,1,0,1,0,1,0,0.6000000000000001,4332.148756823822,93.43488205086848,4190.054445202178,0,806
1089.25,1.6,9.5,-2.2,4016.5195,92.17439,-1.0585000000000946,-0.0010000000002037268,-0.000600000000304135,-0.0017199999999917281,1.4210854715202004e-14,-1.9999999977926564e-05,806,1,0,1,0,1,0,0.6000000000000001,4331.7576425030975,93.43332010285006,4194.874268794971,0,807
1087.75,1.6,9.5,-2.2,4015.4604,92.17268,-1.059099999999944,-0.0005999999998493877,0.00040000000035433914,-0.0017100000000027649,9.999999988963282e-06,9.999999974752427e-06,807,1,0,1,0,1,0,0.6000000000000001,4331.3661855198025,93.43175990470297,4199.692821467713,0,808
1088.25,1.6,9.5,-2.2,4014.4006,92.170975,-1.0597999999999956,-0.0007000000000516593,-0.00010000000020227162,-0.0017050000000011778,5.000000001587068e-06,-4.9999999873762135e-06,808,1,0,1,0,1,0,0.6000000000000001,4330.9743862793575,93.43020145611867,4204.510102380404,0,809
1089.75,1.6,9.5,-2.2,4013.34,92.16928,-1.0605999999997948,-0.0007999999997991836,-9.999999974752427e-05,-0.0016949999999980037,1.0000000003174137e-05,5.000000001587068e-06,809,1,0,1,0,1,0,0.6000000000000001,4330.582245061728,93.42864476296297,4209.326110573044,0,810
1090.0,1.6,9.5,-2.2,4012.279,92.167595,-1.0610000000001492,-0.00040000000035433914,0.00039999999944484443,-0.0016849999999948295,1.0000000003174137e-05,0.0,810,1,0,1,0,1,0,0.6000000000000001,4330.189762638717,93.42708983107275,4214.140845565634,0,811
1089.25,1.6,9.5,-2.2,4011.217,92.16592,-1.0619999999998981,-0.0009999999997489795,-0.0005999999993946403,-0.0016750000000058662,9.999999988963282e-06,-1.4210854715202004e-14,811,1,0,1,0,1,0,0.6000000000000001,4329.796939039409,93.42553666625615,4218.954306158173,0,812
1089.25,1.6,9.5,-2.2,4010.1545,92.16424,-1.0625,-0.0005000000001018634,0.0004999999996471161,-0.0016799999999932425,-4.9999999873762135e-06,-1.4999999976339495e-05,812,1,0,1,0,1,0,0.6000000000000001,4329.403774907749,93.42398525584255,4223.76649175066,0,813
1089.0,1.6,9.5,-2.2,4009.0913,92.162575,-1.0632000000000517,-0.0007000000000516593,-0.0001999999999497959,-0.001665000000002692,1.499999999055035e-05,1.9999999977926564e-05,813,1,0,1,0,1,0,0.6000000000000001,4329.010270638821,93.42243561179362,4228.577401503096,0,814
1087.75,1.6,9.5,-2.2,4008.0273,92.16092,-1.0639999999998508,-0.0007999999997991836,-9.999999974752427e-05,-0.001654999999999518,1.0000000003174137e-05,-4.9999999873762135e-06,814,1,0,1,0,1,0,0.6000000000000001,4328.6164265030675,93.4208877398773,4233.387034455482,0,815
1088.0,1.6,9.5,-2.2,4006.963,92.15927,-1.064300000000003,-0.0003000000001520675,0.0004999999996471161,-0.001649999999997931,5.000000001587068e-06,-5.000000001587068e-06,815,1,0,1,0,1,0,0.6000000000000001,4328.222243382353,93.41934163970589,4238.195390247815,0,816
1086.25,1.6,9.5,-2.2,4005.8975,92.15763,-1.0655000000001564,-0.0012000000001535227,-0.0009000000000014552,-0.0016400000000089676,9.999999988963282e-06,4.9999999873762135e-06,816,1,0,1,0,1,0,0.6000000000000001,4327.827721052631,93.41779731701347,4243.002467440098,0,817
1086.25,1.6,9.5,-2.2,4004.8315,92.15599,-1.0660000000002583,-0.0005000000001018634,0.0007000000000516593,-0.0016399999999947568,1.4210854715202004e-14,-9.999999974752427e-06,817,1,0,1,0,1,0,0.6000000000000001,4327.432860146699,93.41625476528118,4247.808265432331,0,818
1085.25,1.6,9.5,-2.2,4003.765,92.154366,-1.0664999999999054,-0.0004999999996471161,4.547473508864641e-13,-0.0016240000000067312,1.5999999988025593e-05,1.5999999973814738e-05,818,1,0,1,0,1,0,0.6000000000000001,4327.037661294261,93.41471399755801,4252.612783624511,0,819
1084.75,1.6,9.5,-2.2,4002.6975,92.15275,-1.0674999999996544,-0.0009999999997489795,-0.0005000000001018634,-0.0016159999999985075,8.000000008223651e-06,-7.999999979801942e-06,819,1,0,1,0,1,0,0.6000000000000001,4326.642124512196,93.41317501707317,4257.41602081664,0,820
1084.75,1.6,9.5,-2.2,4001.6296,92.15114,-1.0679000000000087,-0.00040000000035433914,0.0005999999993946403,-0.0016099999999994452,5.999999999062311e-06,-2.00000000916134e-06,820,1,0,1,0,1,0,0.6000000000000001,4326.246250548112,93.41163782460414,4262.217976528719,0,821
1084.5,1.6,9.5,-2.2,4000.5608,92.149536,-1.0688000000000102,-0.0009000000000014552,-0.0004999999996471161,-0.001604000000000383,5.999999999062311e-06,0.0,821,1,0,1,0,1,0,0.6000000000000001,4325.850039537713,93.41010242092457,4267.0186496807455,0,822
1083.75,1.6,9.5,-2.2,3999.4915,92.14794,-1.069300000000112,-0.0005000000001018634,0.0003999999998995918,-0.0015959999999921592,8.000000008223651e-06,2.00000000916134e-06,822,1,0,1,0,1,0,0.6000000000000001,4325.453492102066,93.4085688092345,4271.818039672721,0,823
1083.75,1.6,9.5,-2.2,3998.4214,92.146355,-1.0700999999999112,-0.0007999999997991836,-0.00029999999969732016,-0.0015850000000057207,1.0999999986438525e-05,2.9999999782148734e-06,823,1,0,1,0,1,0,0.6000000000000001,4325.056608495145,93.40703699635922,4276.616145544645,0,824
1083.75,1.6,9.5,-2.2,3997.3508,92.144775,-1.070600000000013,-0.0005000000001018634,0.00029999999969732016,-0.0015800000000041337,5.000000001587068e-06,-5.999999984851456e-06,824,1,0,1,0,1,0,0.6000000000000001,4324.659389333333,93.40550698181819,4281.412966696518,0,825
1082.75,1.6,9.5,-2.2,3996.2795,92.1432,-1.0713000000000648,-0.0007000000000516593,-0.0001999999999497959,-0.0015750000000025466,5.000000001587068e-06,0.0,825,1,0,1,0,1,0,0.6000000000000001,4324.261834987894,93.40397876513317,4286.20850228834,0,826
1082.75,1.6,9.5,-2.2,3995.2075,92.14164,-1.0720000000001164,-0.0007000000000516593,0.0,-0.0015599999999977854,1.5000000004761205e-05,1.0000000003174137e-05,826,1,0,1,0,1,0,0.6000000000000001,4323.863945828295,93.4024523579202,4291.00275148011,0,827
1082.75,1.6,9.5,-2.2,3994.1348,92.14008,-1.072700000000168,-0.0007000000000516593,0.0,-0.0015599999999977854,0.0,-1.5000000004761205e-05,827,1,0,1,0,1,0,0.6000000000000001,4323.465722222222,93.40092775362318,4295.7957134318285,0,828
1081.75,1.6,9.5,-2.2,3993.0613,92.138535,-1.0734999999999673,-0.0007999999997991836,-9.999999974752427e-05,-0.0015449999999930242,1.5000000004761205e-05,1.5000000004761205e-05,828,1,0,1,0,1,0,0.6000000000000001,4323.067164414958,93.39940496381182,4300.587387183496,0,829
1081.25,1.6,9.5,-2.2,3991.9873,92.137,-1.0740000000000691,-0.0005000000001018634,0.00029999999969732016,-0.001535000000004061,9.999999988963282e-06,-5.000000015797923e-06,829,1,0,1,0,1,0,0.6000000000000001,4322.668273012048,93.39788399397591,4305.377772135111,0,830
1081.25,1.6,9.5,-2.2,3990.9126,92.13547,-1.074699999999666,-0.000699999999596912,-0.00019999999949504854,-0.0015300000000024738,5.000000001587068e-06,-4.9999999873762135e-06,830,1,0,1,0,1,0,0.6000000000000001,4322.269048375451,93.39636484356197,4310.166867446675,0,831
1082.25,1.6,9.5,-2.2,3989.8374,92.13394,-1.0752000000002226,-0.0005000000005566108,0.0001999999990403012,-0.0015300000000024738,0.0,-5.000000001587068e-06,831,1,0,1,0,1,0,0.6000000000000001,4321.869491105769,93.39484750600961,4314.954672518187,0,832
1082.25,1.6,9.5,-2.2,3988.7615,92.13242,-1.0758999999998196,-0.000699999999596912,-0.0001999999990403012,-0.0015199999999992997,1.0000000003174137e-05,1.0000000003174137e-05,832,1,0,1,0,1,0,0.6000000000000001,4321.469601560624,93.39333198679472,4319.741186509647,0,833
1080.75,1.6,9.5,-2.2,3987.6848,92.13092,-1.0767000000000735,-0.0008000000002539309,-0.00010000000065701897,-0.0014999999999929514,2.0000000006348273e-05,1.0000000003174137e-05,833,1,0,1,0,1,0,0.6000000000000001,4321.069379976019,93.39181830335731,4324.526408461056,0,834
1081.0,1.6,9.5,-2.2,3986.6074,92.12942,-1.0774000000001251,-0.0007000000000516593,0.00010000000020227162,-0.0015000000000071623,-1.4210854715202004e-14,-2.0000000020559128e-05,834,1,0,1,0,1,0,0.6000000000000001,4320.668826706587,93.3903064491018,4329.3103375324135,0,835
1081.75,1.6,9.5,-2.2,3985.5295,92.12793,-1.0778999999997723,-0.0004999999996471161,0.00020000000040454324,-0.0014899999999897773,1.0000000017384991e-05,1.0000000031595846e-05,835,1,0,1,0,1,0,0.6000000000000001,4320.267942344498,93.38879642942584,4334.092973123719,0,836
1081.75,1.6,9.5,-2.2,3984.451,92.12644,-1.0785000000000764,-0.000600000000304135,-0.00010000000065701897,-0.0014900000000039881,-1.4210854715202004e-14,-1.0000000031595846e-05,836,1,0,1,0,1,0,0.6000000000000001,4319.866727359618,93.38728823775388,4338.874314514973,0,837
1081.75,1.6,9.5,-2.2,3983.3716,92.12497,-1.0794000000000779,-0.0009000000000014552,-0.00029999999969732016,-0.0014699999999976399,2.0000000006348273e-05,2.0000000020559128e-05,837,1,0,1,0,1,0,0.6000000000000001,4319.465181861575,93.38578189140812,4343.654360626175,0,838
1082.25,1.6,9.5,-2.2,3982.2917,92.1235,-1.079899999999725,-0.0004999999996471161,0.00040000000035433914,-0.0014699999999976399,0.0,-2.0000000006348273e-05,838,1,0,1,0,1,0,0.6000000000000001,4319.063306436234,93.38427738379023,4348.433110857324,0,839
1081.25,1.6,9.5,-2.2,3981.2112,92.12204,-1.080500000000029,-0.000600000000304135,-0.00010000000065701897,-0.0014600000000086766,9.999999988963282e-06,9.999999988963282e-06,839,1,0,1,0,1,0,0.6000000000000001,4318.661101547619,93.3827747202381,4353.210564488422,0,840
1082.25,1.6,9.5,-2.2,3980.1301,92.12058,-1.0811000000003332,-0.000600000000304135,0.0,-0.0014599999999944657,1.4210854715202004e-14,-9.999999974752427e-06,840,1,0,1,0,1,0,0.6000000000000001,4318.25856765755,93.3812738941736,4357.9867207994685,0,841
1083.25,1.6,9.5,-2.2,3979.0483,92.11914,-1.0817999999999302,-0.000699999999596912,-9.999999929277692e-05,-0.0014400000000023283,1.9999999992137418e-05,1.9999999977926564e-05,841,1,0,1,0,1,0,0.6000000000000001,4317.855705106888,93.37977492280285,4362.761578950463,0,842
1084.25,1.6,9.5,-2.2,3977.9658,92.11771,-1.0824999999999818,-0.0007000000000516593,-4.547473508864641e-13,-0.0014299999999991542,1.0000000003174137e-05,-9.999999988963282e-06,842,1,0,1,0,1,0,0.6000000000000001,4317.452514234876,93.3782778113879,4367.535138101405,0,843
1082.75,1.6,9.5,-2.2,3976.8826,92.11628,-1.0832000000000335,-0.0007000000000516593,0.0,-0.0014299999999991542,0.0,-1.0000000003174137e-05,843,1,0,1,0,1,0,0.6000000000000001,4317.048995379147,93.37678255331753,4372.307397412296,0,844
1084.25,1.6,9.5,-2.2,3975.7988,92.11486,-1.0837999999998829,-0.0005999999998493877,0.00010000000020227162,-0.0014200000000101909,9.999999988963282e-06,9.999999988963282e-06,844,1,0,1,0,1,0,0.6000000000000001,4316.645148994083,93.37528915384615,4377.078356163134,0,845
1085.25,1.6,9.5,-2.2,3974.7146,92.11345,-1.0842000000002372,-0.00040000000035433914,0.00019999999949504854,-0.001409999999992806,1.0000000017384991e-05,2.842170943040401e-14,845,1,0,1,0,1,0,0.6000000000000001,4316.240975768322,93.37379761820331,4381.8480138739205,0,846
1085.25,1.6,9.5,-2.2,3973.6296,92.112045,-1.0849999999995816,-0.0007999999993444362,-0.0003999999989900971,-0.0014050000000054297,4.9999999873762135e-06,-5.000000030008778e-06,846,1,0,1,0,1,0,0.6000000000000001,4315.8364759149945,93.37230794569068,4386.616369584654,0,847
1085.75,1.6,9.5,-2.2,3972.544,92.11065,-1.0856000000003405,-0.0006000000007588824,0.00019999999858555384,-0.0013949999999880447,1.0000000017384991e-05,5.000000030008778e-06,847,1,0,1,0,1,0,0.6000000000000001,4315.431649882075,93.37082014150944,4391.383422575337,0,848
1086.75,1.6,9.5,-2.2,3971.4578,92.10926,-1.0861999999997352,-0.0005999999993946403,1.3642420526593924e-12,-0.0013900000000006685,4.9999999873762135e-06,-5.000000030008778e-06,848,1,0,1,0,1,0,0.6000000000000001,4315.0264981154305,93.369334204947,4396.149172125967,0,849
1086.75,1.6,9.5,-2.2,3970.3708,92.10788,-1.086999999999989,-0.0008000000002539309,-0.0002000000008592906,-0.0013800000000117052,9.999999988963282e-06,5.000000001587068e-06,849,1,0,1,0,1,0,0.6000000000000001,4314.621020823529,93.36785014117646,4400.913617276545,0,850
1086.75,1.6,9.5,-2.2,3969.2832,92.10651,-1.0876000000002932,-0.000600000000304135,0.0001999999999497959,-0.0013699999999943202,1.0000000017384991e-05,2.842170943040401e-14,850,1,0,1,0,1,0,0.6000000000000001,4314.215218448883,93.36636795534665,4405.67675730707,0,851
1086.75,1.6,9.5,-2.2,3968.195,92.10515,-1.0881999999996879,-0.0005999999993946403,9.094947017729282e-13,-0.001360000000005357,9.999999988963282e-06,-2.842170943040401e-14,851,1,0,1,0,1,0,0.6000000000000001,4313.809091431925,93.36488765258215,4410.438591497544,0,852
1085.75,1.5,9.5,-2.2,3967.1064,92.10379,-1.0886000000000422,-0.00040000000035433914,0.0001999999990403012,-0.001359999999991146,1.4210854715202004e-14,-9.999999974752427e-06,852,1,0,1,0,1,0,0.7000000000000002,4313.402640445486,93.36340922626026,4415.199119367965,0,853
1085.75,1.5,9.5,-2.2,3966.0168,92.10245,-1.089600000000246,-0.0010000000002037268,-0.0005999999998493877,-0.0013399999999990087,1.9999999992137418e-05,1.9999999977926564e-05,853,1,0,1,0,1,0,0.7000000000000002,4312.995865456674,93.36193269320843,4419.958339718333,0,854
1086.0,1.5,9.5,-2.2,3964.927,92.101105,-1.089799999999741,-0.00019999999949504854,0.0008000000007086783,-0.0013450000000005957,-5.000000001587068e-06,-2.4999999993724487e-05,854,1,0,1,0,1,0,0.7000000000000002,4312.588767368421,93.36045804093568,4424.71625230865,0,855
1086.75,1.5,9.5,-2.2,3963.8364,92.09978,-1.090599999999995,-0.0008000000002539309,-0.0006000000007588824,-0.0013250000000084583,1.9999999992137418e-05,2.4999999993724487e-05,855,1,0,1,0,1,0,0.7000000000000002,4312.181346378505,93.35898528621495,4429.472856178914,0,856
1085.75,1.5,9.5,-2.2,3962.745,92.09846,-1.0914000000002488,-0.0008000000002539309,0.0,-0.0013199999999926604,5.000000015797923e-06,-1.4999999976339495e-05,856,1,0,1,0,1,0,0.7000000000000002,4311.773602683781,93.35751442823805,4434.228150369126,0,857
1084.75,1.5,9.5,-2.2,3961.653,92.09714,-1.0920000000000982,-0.0005999999998493877,0.00020000000040454324,-0.0013200000000068712,-1.4210854715202004e-14,-5.000000030008778e-06,857,1,0,1,0,1,0,0.7000000000000002,4311.365536713287,93.35604546037297,4438.982134159285,0,858
1084.75,1.5,9.5,-2.2,3960.5608,92.09583,-1.0921999999995933,-0.00019999999949504854,0.00040000000035433914,-0.0013099999999894862,1.0000000017384991e-05,1.0000000031595846e-05,858,1,0,1,0,1,0,0.7000000000000002,4310.9571493597205,93.35457838766007,4443.734807309393,0,859
1084.75,1.5,9.5,-2.2,3959.4675,92.094536,-1.0932999999999993,-0.0011000000004059984,-0.0009000000009109499,-0.0012940000000014606,1.5999999988025593e-05,5.9999999706406015e-06,859,1,0,1,0,1,0,0.7000000000000002,4310.548440465116,93.35311322209301,4448.486168499447,0,860
1084.5,1.5,9.5,-2.2,3958.374,92.09325,-1.0935000000004038,-0.00020000000040454324,0.0009000000000014552,-0.0012860000000074479,7.999999994012796e-06,-7.999999994012796e-06,860,1,0,1,0,1,0,0.7000000000000002,4310.139410917538,93.35164996631823,4453.236217489449,0,861
1085.75,1.5,9.5,-2.2,3957.2795,92.09197,-1.094499999999698,-0.0009999999992942321,-0.0007999999988896889,-0.0012799999999941747,6.000000013273166e-06,-1.9999999807396307e-06,861,1,0,1,0,1,0,0.7000000000000002,4309.730060672854,93.35018862064965,4457.984953079398,0,862
1085.75,1.5,9.5,-2.2,3956.1848,92.0907,-1.0947000000001026,-0.00020000000040454324,0.0007999999988896889,-0.0012700000000052114,9.999999988963282e-06,3.999999975690116e-06,862,1,0,1,0,1,0,0.7000000000000002,4309.320390614136,93.34872919003476,4462.732375029295,0,863
1085.75,1.5,9.5,-2.2,3955.089,92.08943,-1.0958000000000538,-0.001099999999951251,-0.0008999999995467078,-0.0012700000000052114,0.0,-9.999999988963282e-06,863,1,0,1,0,1,0,0.7000000000000002,4308.910400578704,93.34727166782407,4467.478482019139,0,864
1083.75,1.5,9.5,-2.2,3953.9932,92.08818,-1.0958000000000538,0.0,0.001099999999951251,-0.0012499999999988631,2.0000000006348273e-05,2.0000000006348273e-05,864,1,0,1,0,1,0,0.7000000000000002,4308.5000916763,93.34581607052023,4472.223274048931,0,865
1084.0,1.5,9.5,-2.2,3952.8962,92.08693,-1.0969999999997526,-0.0011999999996987754,-0.0011999999996987754,-0.0012499999999988631,0.0,-2.0000000006348273e-05,865,1,0,1,0,1,0,0.7000000000000002,4308.089463625866,93.34436239145496,4476.96674967867,0,866
1085.75,1.5,9.5,-2.2,3951.799,92.08569,-1.0972000000001572,-0.00020000000040454324,0.0009999999992942321,-0.001239999999995689,1.0000000003174137e-05,1.0000000003174137e-05,866,1,0,1,0,1,0,0.7000000000000002,4307.678517301038,93.34291063552479,4481.708908668356,0,867
1085.25,1.5,9.5,-2.2,3950.7012,92.08446,-1.0978000000000065,-0.0005999999998493877,-0.00039999999944484443,-0.0012299999999925149,1.0000000003174137e-05,0.0,867,1,0,1,0,1,0,0.7000000000000002,4307.267253110599,93.3414608076037,4486.44975029799,0,868
1086.75,1.5,9.5,-2.2,3949.6025,92.08324,-1.098700000000008,-0.0009000000000014552,-0.0003000000001520675,-0.0012200000000035516,9.999999988963282e-06,-1.4210854715202004e-14,868,1,0,1,0,1,0,0.7000000000000002,4306.8556711162255,93.34001291254316,4491.189273487571,0,869
1087.75,1.5,9.5,-2.2,3948.5034,92.08202,-1.0990999999999076,-0.0003999999998995918,0.0005000000001018634,-0.0012200000000035516,0.0,-9.999999988963282e-06,869,1,0,1,0,1,0,0.7000000000000002,4306.443771954023,93.33856694367816,4495.927477757099,0,870
1089.75,1.5,9.5,-2.2,3947.4038,92.08082,-1.0996000000000095,-0.0005000000001018634,-0.00010000000020227162,-0.0011999999999972033,2.0000000006348273e-05,2.0000000006348273e-05,870,1,0,1,0,1,0,0.7000000000000002,4306.031556142365,93.3371229173364,4500.664362506574,0,871
1090.0,1.5,9.5,-2.2,3946.3035,92.07962,-1.1003000000000611,-0.0007000000000516593,-0.0001999999999497959,-0.0011999999999972033,0.0,-2.0000000006348273e-05,871,1,0,1,0,1,0,0.7000000000000002,4305.61902396789,93.33568082683486,4505.399926895997,0,872
1090.0,1.5,9.5,-2.2,3945.2026,92.07843,-1.1008999999999105,-0.0005999999998493877,0.00010000000020227162,-0.00119000000000824,9.999999988963282e-06,9.999999988963282e-06,872,1,0,1,0,1,0,0.7000000000000002,4305.20617583047,93.33424067697595,4510.134170205367,0,873
1089.25,1.5,9.5,-2.2,3944.101,92.077255,-1.1015999999999622,-0.0007000000000516593,-0.00010000000020227162,-0.0011750000000034788,1.5000000004761205e-05,5.000000015797923e-06,873,1,0,1,0,1,0,0.7000000000000002,4304.79301201373,93.33280247826087,4514.867091594683,0,874
1088.75,1.5,9.5,-2.2,3942.999,92.07608,-1.1020000000003165,-0.00040000000035433914,0.00029999999969732016,-0.001174999999989268,1.4210854715202004e-14,-1.499999999055035e-05,874,1,0,1,0,1,0,0.7000000000000002,4304.379533142857,93.33136622399999,4519.598690583947,0,875
1089.75,1.5,9.5,-2.2,3941.8965,92.07491,-1.1024999999999636,-0.0004999999996471161,-9.999999929277692e-05,-0.0011700000000018917,4.9999999873762135e-06,4.999999973165359e-06,875,1,0,1,0,1,0,0.7000000000000002,4303.965739726027,93.329931913242,4524.328966573159,0,876
1089.25,1.5,9.5,-2.2,3940.7932,92.07376,-1.1032999999997628,-0.0007999999997991836,-0.0003000000001520675,-0.0011500000000097543,1.9999999992137418e-05,1.5000000004761205e-05,876,1,0,1,0,1,0,0.7000000000000002,4303.551631927024,93.32849956214366,4529.057918602317,0,877
1088.25,1.5,9.5,-2.2,3939.6892,92.07262,-1.1040000000002692,-0.0007000000005064066,9.999999929277692e-05,-0.0011399999999923693,1.0000000017384991e-05,-9.999999974752427e-06,877,1,0,1,0,1,0,0.7000000000000002,4303.137210022779,93.32706917539863,4533.785545831422,0,878
1088.75,1.5,9.5,-2.2,3938.585,92.07148,-1.1041999999997643,-0.00019999999949504854,0.0005000000010113581,-0.0011400000000065802,-1.4210854715202004e-14,-1.0000000031595846e-05,878,1,0,1,0,1,0,0.7000000000000002,4302.722474857793,93.32564074630261,4538.511848020474,0,879
1089.75,1.5,9.5,-2.2,3937.48,92.07035,-1.1050000000000182,-0.0008000000002539309,-0.0006000000007588824,-0.0011299999999891952,1.0000000017384991e-05,1.0000000031595846e-05,879,1,0,1,0,1,0,0.7000000000000002,4302.307426590909,93.32421427954546,4543.236824209473,0,880
1087.75,1.5,9.5,-2.2,3936.3743,92.06923,-1.1057000000000698,-0.0007000000000516593,0.00010000000020227162,-0.001120000000000232,9.999999988963282e-06,-2.842170943040401e-14,880,1,0,1,0,1,0,0.7000000000000002,4301.892065493757,93.32278977979568,4547.960473558419,0,881
1087.75,1.5,9.5,-2.2,3935.2683,92.068115,-1.1059999999997672,-0.00029999999969732016,0.00040000000035433914,-0.0011149999999986449,5.000000001587068e-06,-4.9999999873762135e-06,881,1,0,1,0,1,0,0.7000000000000002,4301.476392290249,93.32136724603176,4552.682795707312,0,882
1087.75,1.5,9.5,-2.2,3934.1616,92.06701,-1.1067000000002736,-0.0007000000005064066,-0.0004000000008090865,-0.0011050000000096816,9.999999988963282e-06,4.9999999873762135e-06,882,1,0,1,0,1,0,0.7000000000000002,4301.060407248018,93.31994668289921,4557.403789816151,0,883
1087.75,1.5,9.5,-2.2,3933.0542,92.06592,-1.1073999999998705,-0.000699999999596912,9.094947017729282e-13,-0.0010899999999907095,1.500000001897206e-05,5.000000030008778e-06,883,1,0,1,0,1,0,0.7000000000000002,4300.644110633484,93.31852810067873,4562.123455044938,0,884
1088.0,1.5,9.5,-2.2,3931.9463,92.06483,-1.1078999999999724,-0.0005000000001018634,0.00019999999949504854,-0.0010900000000049204,-1.4210854715202004e-14,-1.5000000033182914e-05,884,1,0,1,0,1,0,0.7000000000000002,4300.227502937853,93.31711149265537,4566.841790793672,0,885
1089.25,1.5,9.5,-2.2,3930.838,92.06375,-1.108299999999872,-0.0003999999998995918,0.00010000000020227162,-0.0010800000000017462,1.0000000003174137e-05,1.0000000017384991e-05,885,1,0,1,0,1,0,0.7000000000000002,4299.8105847629795,93.31569686343116,4571.5587965823515,0,886
1089.25,1.5,9.5,-2.2,3929.729,92.06268,-1.1090000000003783,-0.0007000000005064066,-0.00030000000060681487,-0.001069999999998572,1.0000000003174137e-05,0.0,886,1,0,1,0,1,0,0.7000000000000002,4299.393356369786,93.31428421758737,4576.274471570979,0,887
1089.25,1.5,9.5,-2.2,3928.6194,92.06162,-1.109599999999773,-0.0005999999993946403,0.00010000000111176632,-0.001059999999995398,1.0000000003174137e-05,0.0,887,1,0,1,0,1,0,0.7000000000000002,4298.975818130631,93.31287355968468,4580.988815039553,0,888
1089.25,1.5,9.5,-2.2,3927.5093,92.06057,-1.1100999999998749,-0.0005000000001018634,9.999999929277692e-05,-0.0010500000000064347,9.999999988963282e-06,-1.4210854715202004e-14,888,1,0,1,0,1,0,0.7000000000000002,4298.557970528685,93.31146489426321,4585.701826388073,0,889
1089.75,1.5,9.5,-2.2,3926.3987,92.059525,-1.1105999999999767,-0.0005000000001018634,0.0,-0.0010450000000048476,5.000000001587068e-06,-4.9999999873762135e-06,889,1,0,1,0,1,0,0.7000000000000002,4298.139814044944,93.31005822022472,4590.4135050165405,0,890
1090.75,1.5,9.5,-2.2,3925.2874,92.05849,-1.1113000000000284,-0.0007000000000516593,-0.0001999999999497959,-0.0010349999999874626,1.0000000017384991e-05,5.000000015797923e-06,890,1,0,1,0,1,0,0.7000000000000002,4297.721348933783,93.30865354208754,4595.123850084954,0,891
1089.25,1.5,9.5,-2.2,3924.1755,92.057465,-1.1119000000003325,-0.000600000000304135,9.999999974752427e-05,-0.0010250000000127102,9.999999974752427e-06,-4.263256414560601e-14,891,1,0,1,0,1,0,0.7000000000000002,4297.302575560539,93.30725086434978,4599.8328608733145,0,892
1090.25,1.5,9.5,-2.2,3923.0632,92.05644,-1.1122999999997774,-0.00039999999944484443,0.0002000000008592906,-0.0010249999999984993,1.4210854715202004e-14,-9.999999960541572e-06,892,1,0,1,0,1,0,0.7000000000000002,4296.883494512877,93.30585018029116,4604.540536901622,0,893
1090.0,1.5,9.5,-2.2,3921.9502,92.055435,-1.112999999999829,-0.0007000000000516593,-0.00030000000060681487,-0.001004999999992151,2.0000000006348273e-05,1.9999999992137418e-05,893,1,0,1,0,1,0,0.7000000000000002,4296.464106040268,93.30445150559285,4609.246877329875,0,894
1090.75,1.5,9.5,-2.2,3920.837,92.054436,-1.1132000000002336,-0.00020000000040454324,0.0004999999996471161,-0.0009990000000072996,5.999999984851456e-06,-1.4000000021496817e-05,894,1,0,1,0,1,0,0.7000000000000002,4296.04441094972,93.30305484022345,4613.951881918075,0,895
1091.25,1.5,9.5,-2.2,3919.723,92.053444,-1.1140000000000327,-0.0007999999997991836,-0.0005999999993946403,-0.0009919999999965512,7.000000010748408e-06,1.0000000258969521e-06,895,1,0,1,0,1,0,0.7000000000000002,4295.624409375,93.30166018526786,4618.655549706222,0,896
1091.25,1.5,9.5,-2.2,3918.6082,92.05246,-1.114799999999832,-0.0007999999997991836,0.0,-0.0009840000000025384,7.999999994012796e-06,9.99999983264388e-07,896,1,0,1,0,1,0,0.7000000000000002,4295.204101449275,93.30026754292085,4623.357879734315,0,897
1091.25,1.5,9.5,-2.2,3917.4932,92.05148,-1.1150000000002365,-0.00020000000040454324,0.0005999999993946403,-0.0009799999999984266,4.0000000041118255e-06,-3.999999989900971e-06,897,1,0,1,0,1,0,0.7000000000000002,4294.783487973274,93.29887691091314,4628.058871762355,0,898
1089.75,1.5,9.5,-2.2,3916.3774,92.050514,-1.1158000000000357,-0.0007999999997991836,-0.0005999999993946403,-0.0009659999999911406,1.4000000007285962e-05,1.0000000003174137e-05,898,1,0,1,0,1,0,0.7000000000000002,4294.362569076752,93.29748829810902,4632.758524830341,0,899
1090.75,1.5,9.5,-2.2,3915.2612,92.04956,-1.1161999999999352,-0.0003999999998995918,0.0003999999998995918,-0.0009540000000072268,1.1999999983913767e-05,-2.000000023372195e-06,899,1,0,1,0,1,0,0.7000000000000002,4293.941345333334,93.29610171111112,4637.4568384582735,0,900
1090.75,1.5,9.5,-2.2,3914.1445,92.048615,-1.116700000000037,-0.0005000000001018634,-0.00010000000020227162,-0.000945000000001528,9.000000005698894e-06,-2.9999999782148734e-06,900,1,0,1,0,1,0,0.7000000000000002,4293.519817203108,93.29471715316315,4642.153812046153,0,901
1089.75,1.5,9.5,-2.2,3913.027,92.047676,-1.1174999999998363,-0.0007999999997991836,-0.00029999999969732016,-0.0009390000000024656,5.999999999062311e-06,-3.000000006636583e-06,901,1,0,1,0,1,0,0.7000000000000002,4293.09798481153,93.29333462416851,4646.849444633977,0,902
1091.25,1.5,9.5,-2.2,3911.9094,92.046745,-1.1176000000000386,-0.00010000000020227162,0.000699999999596912,-0.000930999999994242,8.000000008223651e-06,2.00000000916134e-06,902,1,0,1,0,1,0,0.7000000000000002,4292.6758490586935,93.29195412624584,4651.543736101749,0,903
1088.75,1.5,9.5,-2.2,3910.791,92.04582,-1.1183999999998377,-0.0007999999997991836,-0.000699999999596912,-0.0009249999999951797,5.999999999062311e-06,-2.00000000916134e-06,903,1,0,1,0,1,0,0.7000000000000002,4292.2534100663715,93.29057565929203,4656.236685489467,0,904
1088.25,1.5,9.5,-2.2,3909.672,92.04491,-1.1190000000001419,-0.000600000000304135,0.00019999999949504854,-0.0009100000000046293,1.499999999055035e-05,8.999999991488039e-06,904,1,0,1,0,1,0,0.7000000000000002,4291.830668176795,93.28919923314916,4660.928292077132,0,905
1087.75,1.5,9.5,-2.2,3908.5525,92.04401,-1.1195000000002437,-0.0005000000001018634,0.00010000000020227162,-0.0009000000000014552,1.0000000003174137e-05,-4.9999999873762135e-06,905,1,0,1,0,1,0,0.7000000000000002,4291.40762384106,93.28782485209713,4665.618555264742,0,906
1087.75,1.5,9.5,-2.2,3907.4326,92.043106,-1.1198999999996886,-0.00039999999944484443,0.00010000000065701897,-0.000904000000005567,-4.0000000041118255e-06,-1.4000000007285962e-05,906,1,0,1,0,1,0,0.7000000000000002,4290.984277618522,93.28645250496142,4670.307474572299,0,907
1087.75,1.5,9.5,-2.2,3906.312,92.04222,-1.120600000000195,-0.0007000000005064066,-0.0003000000010615622,-0.0008859999999941692,1.8000000011397788e-05,2.2000000015509613e-05,907,1,0,1,0,1,0,0.7000000000000002,4290.560629735683,93.28508220484582,4674.995049159802,0,908
1086.75,1.5,8.5,-2.2,3905.191,92.04134,-1.1210000000000946,-0.0003999999998995918,0.00030000000060681487,-0.0008799999999951069,5.999999999062311e-06,-1.2000000012335477e-05,908,1,0,1,0,1,0,0.7000000000000002,4290.136680748075,93.28371395159516,4679.681278547251,0,909
1087.75,1.5,8.5,-2.2,3904.0693,92.040474,-1.1216999999996915,-0.000699999999596912,-0.00029999999969732016,-0.0008660000000020318,1.3999999993075107e-05,7.999999994012796e-06,909,1,0,1,0,1,0,0.7000000000000002,4289.712430879121,93.28234775384615,4684.366161894646,0,910
1088.75,1.5,8.5,-2.2,3902.9473,92.03961,-1.1220000000002983,-0.00030000000060681487,0.0003999999989900971,-0.0008640000000070813,1.9999999949504854e-06,-1.1999999998124622e-05,910,1,0,1,0,1,0,0.7000000000000002,4289.28788079034,93.28098360702525,4689.049698841988,0,911
1086.75,1.5,8.5,-2.2,3901.8247,92.038765,-1.122599999999693,-0.0005999999993946403,-0.00029999999878782546,-0.0008449999999982083,1.900000000887303e-05,1.7000000013922545e-05,911,1,0,1,0,1,0,0.7000000000000002,4288.863030811403,93.27962152521928,4693.731888669276,0,912
1087.75,1.5,8.5,-2.2,3900.7014,92.03792,-1.1233000000001994,-0.0007000000005064066,-0.00010000000111176632,-0.0008449999999982083,0.0,-1.900000000887303e-05,912,1,0,1,0,1,0,0.7000000000000002,4288.437881161008,93.27826150164293,4698.412730536509,0,913
1086.75,1.5,8.5,-2.2,3899.5776,92.03709,-1.1237999999998465,-0.0004999999996471161,0.0002000000008592906,-0.0008299999999934471,1.5000000004761205e-05,1.5000000004761205e-05,913,1,0,1,0,1,0,0.7000000000000002,4288.012432275711,93.27690354595185,4703.092223843689,0,914
1085.75,1.4,8.5,-2.2,3898.4536,92.03626,-1.124000000000251,-0.00020000000040454324,0.0002999999992425728,-0.0008300000000076579,-1.4210854715202004e-14,-1.500000001897206e-05,914,1,0,1,0,1,0,0.8000000000000003,4287.586684918033,93.27554765136613,4707.770368350814,0,915
1086.75,1.4,8.5,-2.2,3897.3289,92.035446,-1.124699999999848,-0.000699999999596912,-0.0004999999991923687,-0.0008140000000054215,1.6000000002236447e-05,1.6000000016447302e-05,915,1,0,1,0,1,0,0.8000000000000003,4287.16063930131,93.27419382860262,4712.447163217887,0,916
1085.75,1.4,8.5,-2.2,3896.2036,92.03464,-1.125300000000152,-0.000600000000304135,9.999999929277692e-05,-0.0008059999999971978,8.000000008223651e-06,-7.999999994012796e-06,916,1,0,1,0,1,0,0.8000000000000003,4286.734295747001,93.27284207960741,4717.122607724904,0,917
1086.75,1.4,8.5,-2.2,3895.078,92.033844,-1.1255999999998494,-0.00029999999969732016,0.00030000000060681487,-0.0007959999999940237,1.0000000003174137e-05,1.9999999949504854e-06,917,1,0,1,0,1,0,0.8000000000000003,4286.307654901961,93.27149240849673,4721.796701511868,0,918
1086.25,1.4,8.5,-2.2,3893.9514,92.03305,-1.1266000000000531,-0.0010000000002037268,-0.0007000000005064066,-0.0007939999999990732,1.9999999949504854e-06,-8.000000008223651e-06,918,1,0,1,0,1,0,0.8000000000000003,4285.880716648531,93.27014481066377,4726.469443378778,0,919
1086.25,1.4,8.5,-2.2,3892.8247,92.03227,-1.1266999999998006,-9.999999974752427e-05,0.0009000000004562025,-0.0007800000000059981,1.3999999993075107e-05,1.1999999998124622e-05,919,1,0,1,0,1,0,0.8000000000000003,4285.453481847826,93.26879929456521,4731.1408332056335,0,920
1084.75,1.4,8.5,-2.2,3891.6973,92.0315,-1.127400000000307,-0.0007000000005064066,-0.0006000000007588824,-0.000770000000002824,1.0000000003174137e-05,-3.999999989900971e-06,920,1,0,1,0,1,0,0.8000000000000003,4285.025950705754,93.26745586427796,4735.810870152435,0,921
1086.75,1.4,8.5,-2.2,3890.5696,92.03074,-1.1277000000000044,-0.00029999999969732016,0.0004000000008090865,-0.0007599999999996498,1.0000000003174137e-05,0.0,921,1,0,1,0,1,0,0.8000000000000003,4284.598123861171,93.26611452386118,4740.4795538591825,0,922
1087.75,1.4,8.5,-2.2,3889.4412,92.02998,-1.1283999999996013,-0.000699999999596912,-0.0003999999998995918,-0.0007599999999996498,0.0,-1.0000000003174137e-05,922,1,0,1,0,1,0,0.8000000000000003,4284.1700015167935,93.26477526652221,4745.146883485875,0,923
1088.25,1.4,8.5,-2.2,3888.3125,92.02924,-1.128700000000208,-0.00030000000060681487,0.0003999999989900971,-0.0007399999999933016,2.0000000006348273e-05,2.0000000006348273e-05,923,1,0,1,0,1,0,0.8000000000000003,4283.7415843073595,93.26343810714286,4749.812858672514,0,924
1088.75,1.4,8.5,-2.2,3887.183,92.02851,-1.1295000000000073,-0.0007999999997991836,-0.0004999999991923687,-0.0007300000000043383,9.999999988963282e-06,-1.0000000017384991e-05,924,1,0,1,0,1,0,0.8000000000000003,4283.312872324324,93.26210304972973,4754.477478459099,0,925
1088.25,1.4,8.5,-2.2,3886.0532,92.02779,-1.1298000000001593,-0.0003000000001520675,0.0004999999996471161,-0.0007200000000011642,1.0000000003174137e-05,1.4210854715202004e-14,925,1,0,1,0,1,0,0.8000000000000003,4282.883866198704,93.26077009827213,4759.14074248563,0,926
1088.75,1.4,8.5,-2.2,3884.9229,92.02707,-1.1302999999998065,-0.0004999999996471161,-0.00019999999949504854,-0.0007200000000011642,0.0,-1.0000000003174137e-05,926,1,0,1,0,1,0,0.8000000000000003,4282.454566343042,93.25943924595468,4763.802650152106,0,927
1089.75,1.4,8.5,-2.2,3883.792,92.02636,-1.1309000000001106,-0.000600000000304135,-0.00010000000065701897,-0.00070999999999799,1.0000000003174137e-05,1.0000000003174137e-05,927,1,0,1,0,1,0,0.8000000000000003,4282.024973060345,93.25811049676724,4768.463200738528,0,928
1090.0,1.4,8.5,-2.2,3882.6606,92.02566,-1.1313999999997577,-0.0004999999996471161,0.00010000000065701897,-0.0006999999999948159,1.0000000003174137e-05,0.0,928,1,0,1,0,1,0,0.8000000000000003,4281.595086759957,93.25678385468245,4773.122393644896,0,929
1090.75,1.4,8.5,-2.2,3881.5288,92.02497,-1.131800000000112,-0.00040000000035433914,9.999999929277692e-05,-0.0006900000000058526,9.999999988963282e-06,-1.4210854715202004e-14,929,1,0,1,0,1,0,0.8000000000000003,4281.164907956989,93.25545932365591,4777.780228391209,0,930
1090.75,1.4,8.5,-2.2,3880.3965,92.02429,-1.132300000000214,-0.0005000000001018634,-9.999999974752427e-05,-0.0006800000000026785,1.0000000003174137e-05,1.4210854715202004e-14,930,1,0,1,0,1,0,0.8000000000000003,4280.734437056928,93.2541369076262,4782.436704377468,0,931
1090.75,1.4,8.5,-2.2,3879.2637,92.02362,-1.132799999999861,-0.0004999999996471161,4.547473508864641e-13,-0.0006699999999995043,1.0000000003174137e-05,0.0,931,1,0,1,0,1,0,0.8000000000000003,4280.303674463519,93.25281661051503,4787.0918210036725,0,932
1090.75,1.4,8.5,-2.2,3878.1304,92.02296,-1.133299999999963,-0.0005000000001018634,-4.547473508864641e-13,-0.0006599999999963302,1.0000000003174137e-05,0.0,932,1,0,1,0,1,0,0.8000000000000003,4279.872620578778,93.25149843622722,4791.745577669823,0,933
1091.25,1.4,8.5,-2.2,3876.9966,92.0223,-1.1338000000000648,-0.0005000000001018634,0.0,-0.0006599999999963302,0.0,-1.0000000003174137e-05,933,1,0,1,0,1,0,0.8000000000000003,4279.441275802998,93.25018237794433,4796.397973775919,0,934
1091.5,1.4,8.5,-2.2,3875.8623,92.02166,-1.1343000000001666,-0.0005000000001018634,0.0,-0.0006400000000041928,1.9999999992137418e-05,1.9999999992137418e-05,934,1,0,1,0,1,0,0.8000000000000003,4279.0096405347595,93.24886845026738,4801.0490087219605,0,935
1091.5,1.4,8.5,-2.2,3874.7275,92.02103,-1.1347999999998137,-0.0004999999996471161,4.547473508864641e-13,-0.0006300000000010186,1.0000000003174137e-05,-9.999999988963282e-06,935,1,0,1,0,1,0,0.8000000000000003,4278.577715170941,93.24755665705129,4805.6986819079475,0,936
1090.75,1.4,8.5,-2.2,3873.5923,92.0204,-1.135200000000168,-0.00040000000035433914,9.999999929277692e-05,-0.0006300000000010186,0.0,-1.0000000003174137e-05,936,1,0,1,0,1,0,0.8000000000000003,4278.145500213447,93.24624699146212,4810.34699285388,0,937
1092.25,1.4,8.5,-2.2,3872.4563,92.01978,-1.1359999999999673,-0.0007999999997991836,-0.00039999999944484443,-0.0006199999999978445,1.0000000003174137e-05,1.0000000003174137e-05,937,1,0,1,0,1,0,0.8000000000000003,4277.712995735607,93.24493945735608,4814.9939405997575,0,938
1092.75,1.4,8.5,-2.2,3871.32,92.01918,-1.1362999999996646,-0.00029999999969732016,0.0005000000001018634,-0.0005999999999914962,2.0000000006348273e-05,1.0000000003174137e-05,938,1,0,1,0,1,0,0.8000000000000003,4277.280202342918,93.24363406922258,4819.639524785581,0,939
1091.75,1.4,8.5,-2.2,3870.1833,92.01858,-1.136700000000019,-0.00040000000035433914,-0.00010000000065701897,-0.0006000000000057071,-1.4210854715202004e-14,-2.0000000020559128e-05,939,1,0,1,0,1,0,0.8000000000000003,4276.847120531915,93.24233082021276,4824.28374493135,0,940
1090.75,1.4,8.5,-2.2,3869.0461,92.01799,-1.1372000000001208,-0.0005000000001018634,-9.999999974752427e-05,-0.0005900000000025329,1.0000000003174137e-05,1.0000000017384991e-05,940,1,0,1,0,1,0,0.8000000000000003,4276.413750690755,93.2410297141339,4828.926600437064,0,941
1091.0,1.4,8.5,-2.2,3867.9087,92.01741,-1.1374000000000706,-0.0001999999999497959,0.0003000000001520675,-0.0005799999999993588,1.0000000003174137e-05,0.0,941,1,0,1,0,1,0,0.8000000000000003,4275.980093524416,93.23973075477707,4833.568091062723,0,942
1091.0,1.4,8.5,-2.2,3866.7705,92.01684,-1.1381999999998698,-0.0007999999997991836,-0.0005999999998493877,-0.0005699999999961847,1.0000000003174137e-05,0.0,942,1,0,1,0,1,0,0.8000000000000003,4275.546149098622,93.23843394591728,4838.208215848329,0,943
1091.0,1.4,8.5,-2.2,3865.6318,92.01628,-1.1386999999999716,-0.0005000000001018634,0.00029999999969732016,-0.0005600000000072214,9.999999988963282e-06,-1.4210854715202004e-14,943,1,0,1,0,1,0,0.8000000000000003,4275.11191779661,93.23713929131355,4842.846974193879,0,944
1091.25,1.4,8.5,-2.2,3864.4927,92.01573,-1.139100000000326,-0.00040000000035433914,9.999999974752427e-05,-0.0005499999999898364,1.0000000017384991e-05,2.842170943040401e-14,944,1,0,1,0,1,0,0.8000000000000003,4274.67740010582,93.23584679470899,4847.484365619374,0,945
1091.75,1.4,8.5,-2.2,3863.353,92.01518,-1.1396999999997206,-0.0005999999993946403,-0.0001999999990403012,-0.0005500000000040473,-1.4210854715202004e-14,-1.0000000031595846e-05,945,1,0,1,0,1,0,0.8000000000000003,4274.2425963002115,93.23455644926004,4852.120389404816,0,946
1091.5,1.4,8.5,-2.2,3862.2131,92.014656,-1.1399000000001251,-0.00020000000040454324,0.0003999999989900971,-0.0005239999999986367,2.6000000005410584e-05,2.600000001962144e-05,946,1,0,1,0,1,0,0.8000000000000003,4273.807507074974,93.23326827560717,4856.755045310202,0,947
1092.75,1.4,8.5,-2.2,3861.0725,92.01413,-1.140599999999722,-0.000699999999596912,-0.0004999999991923687,-0.000526000000007798,-2.00000000916134e-06,-2.8000000014571924e-05,947,1,0,1,0,1,0,0.8000000000000003,4273.372132594937,93.23198226476794,4861.388332495533,0,948
1090.75,1.4,8.5,-2.2,3859.9316,92.01361,-1.1409000000003289,-0.00030000000060681487,0.0003999999989900971,-0.0005199999999945248,6.000000013273166e-06,8.000000022434506e-06,948,1,0,1,0,1,0,0.8000000000000003,4272.936473445732,93.23069841622761,4866.02025060081,0,949
1089.25,1.4,8.5,-2.4,3858.7903,92.01311,-1.1412999999997737,-0.00039999999944484443,-9.999999883802957e-05,-0.0005000000000023874,1.9999999992137418e-05,1.3999999978864253e-05,949,1,0,1,0,1,0,1.0,4272.500530105263,93.22941674421052,4870.650799146032,0,950
1089.75,1.4,8.5,-2.4,3857.6482,92.01261,-1.1421000000000276,-0.0008000000002539309,-0.0004000000008090865,-0.0005000000000023874,0.0,-1.9999999992137418e-05,950,1,0,1,0,1,0,1.0,4272.064302628812,93.22813724185069,4875.279977171199,0,951
1090.25,1.4,8.5,-2.4,3856.5059,92.01213,-1.1422999999999774,-0.0001999999999497959,0.000600000000304135,-0.00047999999999603915,2.0000000006348273e-05,2.0000000006348273e-05,951,1,0,1,0,1,0,1.0,4271.6277917016805,93.22685992331932,4879.907784436311,0,952
1088.25,1.4,8.5,-2.4,3855.363,92.01165,-1.1429000000002816,-0.000600000000304135,-0.00040000000035433914,-0.00047999999999603915,0.0,-2.0000000006348273e-05,952,1,0,1,0,1,0,1.0,4271.190997586569,93.22558478174186,4884.534220221369,0,953
1089.25,1.4,8.5,-2.4,3854.2197,92.011185,-1.1432999999997264,-0.00039999999944484443,0.0002000000008592906,-0.0004650000000054888,1.499999999055035e-05,1.499999999055035e-05,953,1,0,1,0,1,0,1.0,4270.753920754717,93.22431182599581,4889.159284046371,0,954
1089.0,1.4,8.5,-2.4,3853.0762,92.01073,-1.143500000000131,-0.00020000000040454324,0.0001999999990403012,-0.00045500000000231466,1.0000000003174137e-05,-4.9999999873762135e-06,954,1,0,1,0,1,0,1.0,4270.316561884817,93.22304105968587,4893.782975671319,0,955
1088.25,1.4,8.5,-2.4,3851.932,92.01028,-1.1442000000001826,-0.0007000000000516593,-0.0004999999996471161,-0.0004500000000007276,5.000000001587068e-06,-5.000000001587068e-06,955,1,0,1,0,1,0,1.0,4269.878921129707,93.22177248117156,4898.405294256212,0,956
1085.25,1.4,8.5,-2.4,3850.7874,92.009834,-1.1445999999996275,-0.00039999999944484443,0.00030000000060681487,-0.00044599999999661577,4.0000000041118255e-06,-9.999999974752427e-07,956,1,0,1,0,1,0,1.0,4269.440998955068,93.2205060877743,4903.02623932105,0,957
1086.25,1.4,8.5,-2.4,3849.642,92.00941,-1.1454000000003361,-0.0008000000007086783,-0.00040000000126383384,-0.000423999999995317,2.200000000129876e-05,1.7999999997186933e-05,957,1,0,1,0,1,0,1.0,4269.002795407098,93.21924189561587,4907.645809905833,0,958
1087.25,1.4,8.5,-2.4,3848.4966,92.00899,-1.1453999999998814,4.547473508864641e-13,0.0008000000011634256,-0.00042000000000541604,3.999999989900971e-06,-1.8000000011397788e-05,958,1,0,1,0,1,0,1.0,4268.564311366006,93.21797990198122,4912.2640060105605,0,959
1085.25,1.4,8.5,-2.4,3847.3506,92.008575,-1.1459999999997308,-0.0005999999998493877,-0.000600000000304135,-0.00041500000000382897,5.000000001587068e-06,1.0000000116860974e-06,959,1,0,1,0,1,0,1.0,4268.125547083333,93.21672010520834,4916.880826915233,0,960
1085.5,1.4,8.5,-2.4,3846.204,92.00817,-1.146600000000035,-0.000600000000304135,-4.547473508864641e-13,-0.000404999999986444,1.0000000017384991e-05,5.000000015797923e-06,960,1,0,1,0,1,0,1.0,4267.6865028095735,93.21546250884495,4921.49627189985,0,961
1087.25,1.4,8.5,-2.4,3845.0574,92.00778,-1.146600000000035,0.0,0.000600000000304135,-0.0003900000000101045,1.4999999976339495e-05,4.999999958954504e-06,961,1,0,1,0,1,0,1.0,4267.24717941788,93.21420712162163,4926.110340964414,0,962
1088.25,1.4,8.5,-2.4,3843.91,92.0074,-1.1474000000002889,-0.0008000000002539309,-0.0008000000002539309,-0.0003799999999927195,1.0000000017384991e-05,-4.999999958954504e-06,962,1,0,1,0,1,0,1.0,4266.807576947041,93.2129539470405,4930.723033148921,0,963
1088.0,1.4,8.5,-2.4,3842.7622,92.00703,-1.1477999999997337,-0.00039999999944484443,0.0004000000008090865,-0.0003700000000037562,9.999999988963282e-06,-2.842170943040401e-14,963,1,0,1,0,1,0,1.0,4266.367695850622,93.21170298858921,4935.334347973374,0,964
1087.75,1.4,8.5,-2.4,3841.614,92.00666,-1.148200000000088,-0.00040000000035433914,-9.094947017729282e-13,-0.0003700000000037562,0.0,-9.999999988963282e-06,964,1,0,1,0,1,0,1.0,4265.927536580311,93.21045423937824,4939.944284957772,0,965
1088.0,1.4,8.5,-2.4,3840.4653,92.00631,-1.14870000000019,-0.0005000000001018634,-9.999999974752427e-05,-0.00034999999999740794,2.0000000006348273e-05,2.0000000006348273e-05,965,1,0,1,0,1,0,1.0,4265.487099482401,93.20920771325052,4944.552843502113,0,966
1088.0,1.4,8.5,-2.4,3839.3164,92.00596,-1.148899999999685,-0.00019999999949504854,0.00030000000060681487,-0.00034999999999740794,0.0,-2.0000000006348273e-05,966,1,0,1,0,1,0,1.0,4265.046385211996,93.20796340330921,4949.160023366401,0,967
1088.0,1.4,8.5,-2.4,3838.1667,92.00562,-1.1496999999999389,-0.0008000000002539309,-0.0006000000007588824,-0.00034000000000844466,9.999999988963282e-06,9.999999988963282e-06,967,1,0,1,0,1,0,1.0,4264.605393801653,93.20672131301653,4953.765823590633,0,968
1088.75,1.4,8.5,-2.4,3837.0168,92.0053,-1.1499000000003434,-0.00020000000040454324,0.0005999999998493877,-0.00031999999998788553,2.0000000020559128e-05,1.0000000031595846e-05,968,1,0,1,0,1,0,1.0,4264.164125902993,93.20548145614035,4958.37024393481,0,969
1087.75,1.4,8.5,-2.4,3835.8665,92.00498,-1.1502999999997883,-0.00039999999944484443,-0.0001999999990403012,-0.0003200000000020964,-1.4210854715202004e-14,-2.0000000034769982e-05,969,1,0,1,0,1,0,1.0,4263.722581958763,93.20424382577319,4962.973283918931,0,970
1088.75,1.4,8.5,-2.4,3834.7158,92.00468,-1.1507000000001426,-0.00040000000035433914,-9.094947017729282e-13,-0.00030000000000995897,1.9999999992137418e-05,2.0000000006348273e-05,970,1,0,1,0,1,0,1.0,4263.280762409887,93.20300843563336,4967.574943062998,0,971
1088.75,1.4,8.5,-2.4,3833.5645,92.00438,-1.151299999999992,-0.0005999999998493877,-0.00019999999949504854,-0.0002999999999957481,1.4210854715202004e-14,-1.9999999977926564e-05,971,1,0,1,0,1,0,1.0,4262.838667489712,93.20177527880658,4972.175220647009,0,972
1089.25,1.4,8.5,-2.4,3832.4128,92.0041,-1.1516999999998916,-0.0003999999998995918,0.0001999999999497959,-0.0002800000000036107,1.9999999992137418e-05,1.9999999977926564e-05,972,1,0,1,0,1,0,1.0,4262.396297636176,93.20054436896197,4976.774116190964,0,973
1089.25,1.4,8.5,-2.4,3831.2607,92.003815,-1.152100000000246,-0.00040000000035433914,-4.547473508864641e-13,-0.0002849999999909869,-4.9999999873762135e-06,-2.4999999979513632e-05,973,1,0,1,0,1,0,1.0,4261.953653285421,93.19931569404518,4981.371629214865,0,974
1090.25,1.4,8.5,-2.4,3830.1082,92.00355,-1.1524999999996908,-0.00039999999944484443,9.094947017729282e-13,-0.0002649999999988495,1.9999999992137418e-05,2.4999999979513632e-05,974,1,0,1,0,1,0,1.0,4261.510734871795,93.19808926769231,4985.967759238711,0,975
1089.75,1.4,8.5,-2.4,3828.9553,92.00329,-1.152900000000045,-0.00040000000035433914,-9.094947017729282e-13,-0.0002599999999972624,5.000000001587068e-06,-1.499999999055035e-05,975,1,0,1,0,1,0,1.0,4261.067542827869,93.19686508811475,4990.5625057825,0,976
1091.75,1.4,8.5,-2.4,3827.802,92.003044,-1.1532999999999447,-0.0003999999998995918,4.547473508864641e-13,-0.0002460000000041873,1.3999999993075107e-05,8.999999991488039e-06,976,1,0,1,0,1,0,1.0,4260.624077584442,93.1956431627431,4995.155868366234,0,977
1090.75,1.4,8.5,-2.4,3826.6482,92.0028,-1.1538000000000466,-0.0005000000001018634,-0.00010000000020227162,-0.00024400000000923683,1.9999999949504854e-06,-1.1999999998124622e-05,977,1,0,1,0,1,0,1.0,4260.180339468303,93.19442348670756,4999.747846389914,0,978
1089.25,1.4,8.5,-2.4,3825.4941,92.00257,-1.1541000000001986,-0.0003000000001520675,0.0001999999999497959,-0.00022999999998774,1.4000000021496817e-05,1.2000000026546331e-05,978,1,0,1,0,1,0,1.0,4259.7363290091935,93.19320606741573,5004.338439493537,0,979
1089.5,1.4,8.5,-2.4,3824.3394,92.00236,-1.154700000000048,-0.0005999999998493877,-0.00029999999969732016,-0.00021000000000981345,1.9999999977926564e-05,5.999999956429747e-06,979,1,0,1,0,1,0,1.0,4259.292046428572,93.19199091836735,5008.927646957106,0,980
1091.25,1.4,8.5,-2.4,3823.1843,92.002144,-1.1550999999999476,-0.0003999999998995918,0.0001999999999497959,-0.0002159999999946649,-5.999999984851456e-06,-2.599999996277802e-05,980,1,0,1,0,1,0,1.0,4258.847492150867,93.19077802650357,5013.5154683006185,0,981
1092.75,1.4,8.5,-2.4,3822.029,92.001945,-1.1552999999998974,-0.0001999999999497959,0.0001999999999497959,-0.00019899999999495321,1.699999999971169e-05,2.2999999984563146e-05,981,1,0,1,0,1,0,1.0,4258.402666802444,93.18956740224033,5018.101903284076,0,982
1091.75,1.4,8.5,-2.4,3820.8733,92.001755,-1.155699999999797,-0.0003999999998995918,-0.0001999999999497959,-0.00019000000000346517,8.999999991488039e-06,-8.000000008223651e-06,982,1,0,1,0,1,0,1.0,4257.957570803663,93.18835904781282,5022.686951427478,0,983
1092.25,1.4,8.5,-2.4,3819.717,92.00157,-1.1563000000001011,-0.000600000000304135,-0.00020000000040454324,-0.0001850000000018781,5.000000001587068e-06,-3.999999989900971e-06,983,1,0,1,0,1,0,1.0,4257.512204369918,93.18715296138211,5027.270612010824,0,984
1092.25,1.4,8.5,-2.4,3818.5603,92.0014,-1.1567000000000007,-0.0003999999998995918,0.00020000000040454324,-0.0001699999999971169,1.5000000004761205e-05,1.0000000003174137e-05,984,1,0,1,0,1,0,1.0,4257.066567918781,93.18594915126904,5031.852884554115,0,985
1092.25,1.4,8.5,-2.4,3817.4033,92.00124,-1.1570000000001528,-0.0003000000001520675,9.999999974752427e-05,-0.00016000000000815362,9.999999988963282e-06,-5.000000015797923e-06,985,1,0,1,0,1,0,1.0,4256.620661967546,93.18474762068966,5036.43376869735,0,986
1091.75,1.4,8.5,-2.4,3816.2458,92.00109,-1.1574999999998,-0.0004999999996471161,-0.00019999999949504854,-0.00014999999999076863,1.0000000017384991e-05,2.842170943040401e-14,986,1,0,1,0,1,0,1.0,4256.174486828774,93.18354837284701,5041.01326384053,0,987
1090.75,1.4,8.5,-2.4,3815.088,92.000946,-1.157799999999952,-0.0003000000001520675,0.00019999999949504854,-0.00014400000000591717,5.999999984851456e-06,-4.000000032533535e-06,987,1,0,1,0,1,0,1.0,4255.7280430161945,93.1823514068826,5045.591369623655,0,988
1091.25,1.4,8.5,-2.4,3813.9297,92.00082,-1.1583000000000538,-0.0005000000001018634,-0.0001999999999497959,-0.00012599999999451938,1.8000000011397788e-05,1.2000000026546331e-05,988,1,0,1,0,1,0,1.0,4255.2813308392315,93.18115673407482,5050.168085446723,0,989
1092.75,1.4,8.5,-2.4,3812.771,92.000694,-1.1586999999999534,-0.0003999999998995918,0.00010000000020227162,-0.00012600000000873024,-1.4210854715202004e-14,-1.8000000025608642e-05,989,1,0,1,0,1,0,1.0,4254.83435070707,93.17996434747474,5054.743410829737,0,990
1093.25,1.4,8.5,-2.4,3811.612,92.00058,-1.1590000000001055,-0.0003000000001520675,9.999999974752427e-05,-0.00011399999999639476,1.2000000012335477e-05,1.2000000026546331e-05,990,1,0,1,0,1,0,1.0,4254.387103128153,93.17877425227044,5059.317345412694,0,991
1091.75,1.4,8.5,-2.4,3810.4526,92.00048,-1.159400000000005,-0.0003999999998995918,-9.999999974752427e-05,-0.00010000000000331966,1.3999999993075107e-05,1.9999999807396307e-06,991,1,0,1,0,1,0,1.0,4253.939588508065,93.17758645564517,5063.889888715596,0,992
1092.25,1.4,8.5,-2.4,3809.2927,92.00039,-1.159900000000107,-0.0005000000001018634,-0.00010000000020227162,-9.000000000014552e-05,1.0000000003174137e-05,-3.999999989900971e-06,992,1,0,1,0,1,0,1.0,4253.491807150051,93.17640096072508,5068.461040138442,0,993
1091.75,1.4,8.5,-2.4,3808.1326,92.000305,-1.1601000000000568,-0.0001999999999497959,0.0003000000001520675,-8.499999999855845e-05,5.000000001587068e-06,-5.000000001587068e-06,993,1,0,1,0,1,0,1.0,4253.043759657948,93.17521776559356,5073.030799441232,0,994
1092.0,1.4,8.5,-2.4,3806.972,92.00023,-1.1605999999997039,-0.0004999999996471161,-0.00029999999969732016,-7.499999999538431e-05,1.0000000003174137e-05,5.000000001587068e-06,994,1,0,1,0,1,0,1.0,4252.595446331658,93.17403687336684,5077.599166023967,0,995
1092.25,1.4,8.5,-2.4,3805.8108,92.00017,-1.161200000000008,-0.000600000000304135,-0.00010000000065701897,-6.0000000004833964e-05,1.499999999055035e-05,4.9999999873762135e-06,995,1,0,1,0,1,0,1.0,4252.146867369478,93.17285829216868,5082.166139166646,0,996
1092.75,1.4,8.5,-2.4,3804.6494,92.000114,-1.1614000000004125,-0.00020000000040454324,0.0003999999998995918,-5.600000000072214e-05,4.0000000041118255e-06,-1.0999999986438525e-05,996,1,0,1,0,1,0,1.0,4251.698023370111,93.17168201905717,5086.7317186292685,0,997
1093.25,1.4,8.5,-2.4,3803.4875,92.00007,-1.161899999999605,-0.0004999999991923687,-0.00029999999878782546,-4.400000000259752e-05,1.1999999998124622e-05,7.999999994012796e-06,997,1,0,1,0,1,0,1.0,4251.248914629258,93.17050805911823,5091.295903811836,0,998
1093.75,1.4,8.5,-2.4,3802.3254,92.00004,-1.1621000000000095,-0.00020000000040454324,0.00029999999878782546,-2.9999999995311555e-05,1.4000000007285962e-05,2.00000000916134e-06,998,1,0,1,0,1,0,1.0,4250.799541741742,93.16933641941941,5095.858694474347,0,999
1094.75,1.4,8.5,-2.4,3801.1628,92.000015,-1.1626000000001113,-0.0005000000001018634,-0.00029999999969732016,-2.4999999993724487e-05,5.000000001587068e-06,-9.000000005698894e-06,999,1,0,1,0,1,0,1.0,4250.349905,93.16816709800001,5100.420090016803,0,1000
1095.75,1.4,8.5,-2.4,3800.0,92.0,-1.1628000000000611,-0.0001999999999497959,0.0003000000001520675,-1.5000000004761205e-05,9.999999988963282e-06,4.9999999873762135e-06,1000,1,0,1,0,1,0,1.0,4249.9000049950055,93.1670000979021,5104.980090199204,0,1001
1095.75,1.4,8.5,-2.4,3798.8367,92.0,-1.163300000000163,-0.0005000000001018634,-0.0003000000001520675,0.0,1.5000000004761205e-05,5.000000015797923e-06,1001,1,0,1,0,1,0,1.0,4249.449842015968,93.16583542714571,5109.538694421548,0,1002
1095.75,1.4,8.5,-2.4,3797.673,92.0,-1.1637000000000626,-0.0003999999998995918,0.00010000000020227162,0.0,0.0,-1.5000000004761205e-05,1002,1,0,1,0,1,0,1.0,4248.999416450648,93.16467307876371,5114.095902203836,0,1003
1094.25,1.4,8.5,-2.4,3796.509,92.000015,-1.16399999999976,-0.00029999999969732016,0.00010000000020227162,1.5000000004761205e-05,1.5000000004761205e-05,1.5000000004761205e-05,1003,1,0,1,0,1,0,1.0,4248.548728784861,93.16351306075697,5118.651713186068,0,1004
1094.0,1.4,8.5,-2.4,3795.3445,92.000046,-1.1644999999998618,-0.0005000000001018634,-0.00020000000040454324,3.09999999927868e-05,1.5999999988025593e-05,9.99999983264388e-07,1004,1,0,1,0,1,0,1.0,4248.097779303483,93.16235538208956,5123.206126768245,0,1005
1094.0,1.4,8.5,-2.4,3794.1797,92.00008,-1.1648000000000138,-0.0003000000001520675,0.0001999999999497959,3.399999999942338e-05,3.000000006636583e-06,-1.299999998138901e-05,1005,1,0,1,0,1,0,1.0,4247.646568489065,93.1612000387674,5127.759142590366,0,1006
1093.25,1.4,8.5,-2.4,3793.0146,92.00012,-1.165100000000166,-0.0003000000001520675,0.0,3.999999999848569e-05,5.999999999062311e-06,2.999999992425728e-06,1006,1,0,1,0,1,0,1.0,4247.1950968222445,93.16004702979146,5132.31076029243,0,1007
1094.75,1.4,8.5,-2.4,3791.8489,92.000175,-1.1657000000000153,-0.0005999999998493877,-0.00029999999969732016,5.5000000003246896e-05,1.5000000004761205e-05,9.000000005698894e-06,1007,1,0,1,0,1,0,1.0,4246.743364484127,93.15889636309524,5136.8609791544395,0,1008
1094.75,1.4,8.5,-2.4,3790.683,92.000244,-1.165899999999965,-0.0001999999999497959,0.0003999999998995918,6.8999999996322e-05,1.3999999993075107e-05,-1.0000000116860974e-06,1008,1,0,1,0,1,0,1.0,4246.291372051536,93.1577480455897,5141.409798936392,0,1009
1092.75,1.4,8.5,-2.4,3789.5168,92.00031,-1.1662000000001171,-0.0003000000001520675,-0.00010000000020227162,6.600000000389628e-05,-2.999999992425728e-06,-1.6999999985500835e-05,1009,1,0,1,0,1,0,1.0,4245.83912,93.15660206732674,5145.957219278289,0,1010
1093.0,1.4,8.5,-2.4,3788.35,92.0004,-1.1667999999999665,-0.0005999999998493877,-0.00029999999969732016,9.000000000014552e-05,2.3999999996249244e-05,2.6999999988674972e-05,1010,1,0,1,0,1,0,1.0,4245.386608506429,93.15545844510385,5150.503239460129,0,1011
1091.75,1.4,8.5,-2.4,3787.183,92.00049,-1.1669999999999163,-0.0001999999999497959,0.0003999999998995918,9.000000000014552e-05,0.0,-2.3999999996249244e-05,1011,1,0,1,0,1,0,1.0,4244.933838142293,93.15431717193675,5155.047859241914,0,1012
1090.75,1.4,8.5,-2.4,3786.0156,92.00058,-1.167399999999816,-0.0003999999998995918,-0.0001999999999497959,9.000000000014552e-05,0.0,0.0,1012,1,0,1,0,1,0,1.0,4244.480809279368,93.1531782408687,5159.591078143643,0,1013
1089.25,1.4,8.5,-2.4,3784.848,92.000694,-1.1676000000002205,-0.00020000000040454324,0.00019999999949504854,0.00011399999999639476,2.3999999996249244e-05,2.3999999996249244e-05,1013,1,0,1,0,1,0,1.0,4244.027522485208,93.15204166863904,5164.132895925316,0,1014
1089.0,1.4,8.5,-2.4,3783.68,92.00081,-1.16800000000012,-0.0003999999998995918,-0.00019999999949504854,0.0001160000000055561,2.00000000916134e-06,-2.1999999987087904e-05,1014,1,0,1,0,1,0,1.0,4243.573978128079,93.1509074502463,5168.673312106933,0,1015
1089.25,1.4,8.5,-2.4,3782.5115,92.00093,-1.1684999999997672,-0.0004999999996471161,-9.999999974752427e-05,0.00011999999999545707,3.999999989900971e-06,1.9999999807396307e-06,1015,1,0,1,0,1,0,1.0,4243.120176476378,93.14977558267717,5173.212326088493,0,1016
1089.25,1.4,8.5,-2.4,3781.3425,92.00106,-1.168999999999869,-0.0005000000001018634,-4.547473508864641e-13,0.0001299999999986312,1.0000000003174137e-05,6.000000013273166e-06,1016,1,0,1,0,1,0,1.0,4242.666117797444,93.14864606882989,5177.749937269998,0,1017
1089.5,1.4,8.5,-2.4,3780.1733,92.001205,-1.1692000000002736,-0.00020000000040454324,0.00029999999969732016,0.00014500000000339242,1.5000000004761205e-05,5.000000001587068e-06,1017,1,0,1,0,1,0,1.0,4242.211802652259,93.14751891650295,5182.286145411445,0,1018
1089.75,1.4,8.5,-2.4,3779.004,92.00135,-1.169300000000021,-9.999999974752427e-05,0.00010000000065701897,0.00014500000000339242,0.0,-1.5000000004761205e-05,1018,1,0,1,0,1,0,1.0,4241.757231697743,93.14639411874387,5186.820950392838,0,1019
1087.75,1.4,8.5,-2.4,3777.834,92.00151,-1.1700000000000728,-0.0007000000000516593,-0.000600000000304135,0.00015999999999394277,1.499999999055035e-05,1.499999999055035e-05,1019,1,0,1,0,1,0,1.0,4241.302404999999,93.14527168333333,5191.354351374174,0,1020
1088.0,1.4,8.5,-2.4,3776.6638,92.00168,-1.1702000000000226,-0.0001999999999497959,0.0005000000001018634,0.0001699999999971169,1.0000000003174137e-05,-4.9999999873762135e-06,1020,1,0,1,0,1,0,1.0,4240.847323114594,93.1441516131244,5195.886348115454,0,1021
1090.75,1.4,8.5,-2.4,3775.4932,92.00185,-1.1705999999999221,-0.0003999999998995918,-0.0001999999999497959,0.00017000000001132776,1.4210854715202004e-14,-9.999999988963282e-06,1021,1,0,1,0,1,0,1.0,4240.391986399218,93.14303390117416,5200.416940136677,0,1022
1092.25,1.4,8.5,-2.4,3774.3223,92.00203,-1.1709000000000742,-0.0003000000001520675,9.999999974752427e-05,0.00018000000000029104,9.999999988963282e-06,9.999999974752427e-06,1022,1,0,1,0,1,0,1.0,4239.936395307918,93.14191855034214,5204.946127077845,0,1023
1091.75,1.4,8.5,-2.4,3773.151,92.00222,-1.1712999999999738,-0.0003999999998995918,-9.999999974752427e-05,0.00018999999998925432,9.999999988963282e-06,0.0,1023,1,0,1,0,1,0,1.0,4239.480550195312,93.14080556347656,5209.473908458956,0,1024
1092.75,1.4,8.5,-2.4,3771.9792,92.00241,-1.171799999999621,-0.0004999999996471161,-9.999999974752427e-05,0.00019000000000346517,1.4210854715202004e-14,-9.999999974752427e-06,1024,1,0,1,0,1,0,1.0,4239.024451317073,93.13969493365853,5214.000283680011,0,1025
1092.5,1.4,8.5,-2.4,3770.8074,92.00262,-1.1718000000000757,-4.547473508864641e-13,0.0004999999991923687,0.0002099999999956026,1.9999999992137418e-05,1.9999999977926564e-05,1025,1,0,1,0,1,0,1.0,4238.568099415204,93.13858667348927,5218.52525274101,0,1026
1093.25,1.3,8.5,-2.4,3769.635,92.00283,-1.172399999999925,-0.0005999999998493877,-0.0005999999993946403,0.00021000000000981345,1.4210854715202004e-14,-1.9999999977926564e-05,1026,1,0,1,0,1,0,1.0999999999999999,4238.111494644596,93.13748077604673,5223.048814921953,0,1027
1093.25,1.3,8.5,-2.4,3768.4624,92.003044,-1.1726000000003296,-0.00020000000040454324,0.00039999999944484443,0.00021399999999971442,3.999999989900971e-06,3.999999975690116e-06,1027,1,0,1,0,1,0,1.0999999999999999,4237.654637548639,93.13637723832684,5227.5709699828385,0,1028
1090.25,1.3,8.5,-2.4,3767.2893,92.003265,-1.1730999999999767,-0.0004999999996471161,-0.0002999999992425728,0.00022099999999625197,6.999999996537554e-06,3.000000006636583e-06,1028,1,0,1,0,1,0,1.0999999999999999,4237.197528377065,93.13527606025268,5232.0917173236685,0,1029
1090.5,1.3,8.5,-2.4,3766.116,92.0035,-1.1732999999999265,-0.0001999999999497959,0.00029999999969732016,0.00023500000000353793,1.4000000007285962e-05,7.000000010748408e-06,1029,1,0,1,0,1,0,1.0999999999999999,4236.740167669903,93.13417724854368,5236.6110567044425,0,1030
1090.75,1.3,8.5,-2.4,3764.9424,92.00374,-1.1736000000000786,-0.0003000000001520675,-0.00010000000020227162,0.00023999999999091415,4.9999999873762135e-06,-9.000000019909749e-06,1030,1,0,1,0,1,0,1.0999999999999999,4236.28255586809,93.13308080116391,5241.12898776516,0,1031
1091.0,1.3,8.5,-2.4,3763.7683,92.00398,-1.1740999999997257,-0.0004999999996471161,-0.00019999999949504854,0.000240000000005125,1.4210854715202004e-14,-4.999999973165359e-06,1031,1,0,1,0,1,0,1.0999999999999999,4235.824693217054,93.13198671124032,5245.64550990582,0,1032
1090.75,1.3,8.5,-2.4,3762.594,92.004234,-1.1743000000001302,-0.00020000000040454324,0.0002999999992425728,0.0002539999999982001,1.3999999993075107e-05,1.3999999978864253e-05,1032,1,0,1,0,1,0,1.0999999999999999,4235.366580251694,93.13089498547919,5250.160622886425,0,1033
1091.0,1.3,8.5,-2.4,3761.4192,92.00449,-1.174800000000232,-0.0005000000001018634,-0.00029999999969732016,0.00025600000000736145,2.00000000916134e-06,-1.1999999983913767e-05,1033,1,0,1,0,1,0,1.0999999999999999,4234.9082172147,93.12980561895552,5254.674326106973,0,1034
1091.0,1.3,8.5,-2.4,3760.2441,92.00476,-1.1750999999999294,-0.00029999999969732016,0.00020000000040454324,0.00027000000000043656,1.3999999993075107e-05,1.1999999983913767e-05,1034,1,0,1,0,1,0,1.0999999999999999,4234.449604541062,93.12871861835748,5259.186619207465,0,1035
1092.25,1.3,8.5,-2.4,3759.0688,92.00503,-1.1752999999998792,-0.0001999999999497959,9.999999974752427e-05,0.00027000000000043656,0.0,-1.3999999993075107e-05,1035,1,0,1,0,1,0,1.0999999999999999,4233.990742760618,93.12763397683398,5263.6975019479005,0,1036
1092.5,1.3,8.5,-2.4,3757.893,92.0053,-1.175799999999981,-0.0005000000001018634,-0.0003000000001520675,0.00027000000000043656,0.0,0.0,1036,1,0,1,0,1,0,1.0999999999999999,4233.531632111862,93.12655168756027,5268.206973728279,0,1037
1092.25,1.3,8.5,-2.4,3756.717,92.005585,-1.1759999999999309,-0.0001999999999497959,0.0003000000001520675,0.0002849999999909869,1.499999999055035e-05,1.499999999055035e-05,1037,1,0,1,0,1,0,1.0999999999999999,4233.072273121387,93.12547175818882,5272.715034308601,0,1038
1093.75,1.3,8.5,-2.4,3755.5408,92.005875,-1.1761999999998807,-0.0001999999999497959,0.0,0.00029000000000678483,5.000000015797923e-06,-9.999999974752427e-06,1038,1,0,1,0,1,0,1.0999999999999999,4232.612666313763,93.12439418671799,5277.221683448867,0,1039
1093.75,1.3,8.5,-2.4,3754.364,92.00617,-1.1768000000001848,-0.000600000000304135,-0.00040000000035433914,0.00029499999999416104,4.9999999873762135e-06,-2.842170943040401e-14,1039,1,0,1,0,1,0,1.0999999999999999,4232.152811826923,93.12331897115385,5281.726920429077,0,1040
1090.25,1.3,8.5,-2.4,3753.187,92.00647,-1.1770000000001346,-0.0001999999999497959,0.00040000000035433914,0.0002999999999957481,5.000000001587068e-06,1.4210854715202004e-14,1040,1,0,1,0,1,0,1.0999999999999999,4231.692710182517,93.12224610951009,5286.230745009229,0,1041
1090.75,1.3,8.5,-2.4,3752.0098,92.006775,-1.1772000000000844,-0.0001999999999497959,0.0,0.00030500000001154604,5.000000015797923e-06,1.4210854715202004e-14,1041,1,0,1,0,1,0,1.0999999999999999,4231.232361900192,93.12117559980805,5290.733156949326,0,1042
1091.25,1.3,8.5,-2.4,3750.8323,92.00709,-1.1774999999997817,-0.00029999999969732016,-9.999999974752427e-05,0.0003150000000005093,9.999999988963282e-06,4.999999973165359e-06,1042,1,0,1,0,1,0,1.0999999999999999,4230.771767401726,93.12010744487057,5295.234155889366,0,1043
1091.75,1.3,8.5,-2.4,3749.6543,92.00741,-1.1779999999998836,-0.0005000000001018634,-0.00020000000040454324,0.00031999999998788553,4.9999999873762135e-06,-5.000000001587068e-06,1043,1,0,1,0,1,0,1.0999999999999999,4230.3109269157085,93.1190416427203,5299.73374122935,0,1044
1093.25,1.3,8.5,-2.4,3748.4758,92.00773,-1.1784999999999854,-0.0005000000001018634,0.0,0.0003200000000020964,1.4210854715202004e-14,-4.999999973165359e-06,1044,1,0,1,0,1,0,1.0999999999999999,4229.849840669856,93.11797818660287,5304.231912369277,0,1045
1092.25,1.3,8.5,-2.4,3747.2974,92.00806,-1.178400000000238,9.999999974752427e-05,0.0005999999998493877,0.0003300000000052705,1.0000000003174137e-05,9.999999988963282e-06,1045,1,0,1,0,1,0,1.0999999999999999,4229.3885094646275,93.1169170793499,5308.728669429147,0,1046
1093.25,1.3,8.5,-2.4,3746.1184,92.00839,-1.1790000000000873,-0.0005999999998493877,-0.000699999999596912,0.0003300000000052705,0.0,-1.0000000003174137e-05,1046,1,0,1,0,1,0,1.0999999999999999,4228.926933428845,93.11585831423113,5313.224011688961,0,1047
1093.25,1.3,8.5,-2.4,3744.9392,92.00873,-1.179200000000037,-0.0001999999999497959,0.0003999999998995918,0.0003399999999942338,9.999999988963282e-06,9.999999988963282e-06,1047,1,0,1,0,1,0,1.0999999999999999,4228.46511307252,93.11480189408397,5317.717938908718,0,1048
1092.75,1.3,8.5,-2.4,3743.7598,92.00907,-1.179399999999987,-0.0001999999999497959,0.0,0.0003399999999942338,0.0,-9.999999988963282e-06,1048,1,0,1,0,1,0,1.0999999999999999,4228.003048903718,93.11374781220209,5322.210450848418,0,1049
1092.75,1.3,8.5,-2.4,3742.5798,92.00942,-1.1799999999998363,-0.0005999999998493877,-0.0003999999998995918,0.0003500000000116188,1.0000000017384991e-05,1.0000000017384991e-05,1049,1,0,1,0,1,0,1.0999999999999999,4227.540741047619,93.11269607142857,5326.701546788062,0,1050
1093.0,1.3,8.5,-2.4,3741.3997,92.00977,-1.1801000000000386,-0.00010000000020227162,0.0004999999996471161,0.00034999999999740794,-1.4210854715202004e-14,-1.0000000031595846e-05,1050,1,0,1,0,1,0,1.0999999999999999,4227.078190104662,93.11164666508088,5331.191226607649,0,1051
1094.25,1.3,8.5,-2.4,3740.2192,92.01013,-1.1804999999999382,-0.0003999999998995918,-0.00029999999969732016,0.0003600000000005821,1.0000000003174137e-05,1.0000000017384991e-05,1051,1,0,1,0,1,0,1.0999999999999999,4226.615396387832,93.1105995960076,5335.679489827179,0,1052
1093.75,1.3,8.5,-2.4,3739.0383,92.01049,-1.1808999999998377,-0.0003999999998995918,0.0,0.0003600000000005821,0.0,-1.0000000003174137e-05,1052,1,0,1,0,1,0,1.0999999999999999,4226.152360208926,93.10955485754985,5340.166335966654,0,1053
1094.0,1.3,8.5,-2.4,3737.8572,92.01086,-1.1811000000002423,-0.00020000000040454324,0.00019999999949504854,0.00036999999998954536,9.999999988963282e-06,9.999999988963282e-06,1053,1,0,1,0,1,0,1.0999999999999999,4225.689082068312,93.10851245256167,5344.651764786071,0,1054
1094.25,1.3,8.5,-2.4,3736.6758,92.01122,-1.1813999999999396,-0.00029999999969732016,-9.999999929277692e-05,0.0003600000000005821,-9.999999988963282e-06,-1.9999999977926564e-05,1054,1,0,1,0,1,0,1.0999999999999999,4225.225562369668,93.10747236492891,5349.135775925431,0,1055
1095.25,1.3,8.5,-2.4,3735.4941,92.0116,-1.1817000000000917,-0.0003000000001520675,-4.547473508864641e-13,0.00038000000000693035,2.0000000006348273e-05,2.9999999995311555e-05,1055,1,0,1,0,1,0,1.0999999999999999,4224.761801515151,93.10643460700757,5353.618369024734,0,1056
1096.25,1.3,8.5,-2.4,3734.3123,92.01198,-1.1817999999998392,-9.999999974752427e-05,0.00020000000040454324,0.0003799999999927195,-1.4210854715202004e-14,-2.0000000020559128e-05,1056,1,0,1,0,1,0,1.0999999999999999,4224.297800094608,93.10539917218543,5358.099543963982,0,1057
1096.25,1.3,8.5,-2.4,3733.13,92.01236,-1.182299999999941,-0.0005000000001018634,-0.00040000000035433914,0.00038000000000693035,1.4210854715202004e-14,2.842170943040401e-14,1057,1,0,1,0,1,0,1.0999999999999999,4223.83355831758,93.10436605387524,5362.579300143172,0,1058
1097.75,1.3,8.5,-2.4,3731.9473,92.01275,-1.1827000000002954,-0.00040000000035433914,9.999999974752427e-05,0.00038999999999589363,9.999999988963282e-06,9.999999974752427e-06,1058,1,0,1,0,1,0,1.0999999999999999,4223.369076487252,93.10333525495751,5367.0576370823055,0,1059
1098.25,1.3,8.5,-2.4,3730.7644,92.01314,-1.1828999999997905,-0.00019999999949504854,0.0002000000008592906,0.0003900000000101045,1.4210854715202004e-14,-9.999999974752427e-06,1059,1,0,1,0,1,0,1.0999999999999999,4222.90435509434,93.10230676886792,5371.534554541382,0,1060
1098.5,1.3,8.5,-2.4,3729.5813,92.01353,-1.183100000000195,-0.00020000000040454324,-9.094947017729282e-13,0.00038999999999589363,-1.4210854715202004e-14,-2.842170943040401e-14,1060,1,0,1,0,1,0,1.0999999999999999,4222.4393946277105,93.10128058906692,5376.010052280402,0,1061
1099.25,1.3,8.5,-2.4,3728.3977,92.01392,-1.1835999999998421,-0.0004999999996471161,-0.0002999999992425728,0.00038999999999589363,0.0,1.4210854715202004e-14,1061,1,0,1,0,1,0,1.0999999999999999,4221.974195291902,93.10025670903954,5380.484129699365,0,1062
1099.5,1.3,8.5,-2.4,3727.2139,92.01433,-1.183799999999792,-0.0001999999999497959,0.00029999999969732016,0.0004100000000022419,2.0000000006348273e-05,2.0000000006348273e-05,1062,1,0,1,0,1,0,1.0999999999999999,4221.508757572907,93.09923514111007,5384.956786558271,0,1063
1097.75,1.3,8.5,-2.4,3726.0298,92.014725,-1.1841000000003987,-0.00030000000060681487,-0.00010000000065701897,0.0003949999999974807,-1.5000000004761205e-05,-3.500000001110948e-05,1063,1,0,1,0,1,0,1.0999999999999999,4221.043081860903,93.09821586466165,5389.428022497121,0,1064
1097.5,1.3,8.5,-2.4,3724.8455,92.01514,-1.1842999999998938,-0.00019999999949504854,0.00010000000111176632,0.00041500000000382897,2.0000000006348273e-05,3.500000001110948e-05,1064,1,0,1,0,1,0,1.0999999999999999,4220.577168638498,93.09719889201878,5393.897837275914,0,1065
1098.25,1.3,8.5,-2.4,3723.661,92.01554,-1.1844999999998436,-0.0001999999999497959,-4.547473508864641e-13,0.00039999999999906777,-1.5000000004761205e-05,-3.500000001110948e-05,1065,1,0,1,0,1,0,1.0999999999999999,4220.111018386491,93.09618420262665,5398.366230654649,0,1066
1097.25,1.3,8.5,-2.4,3722.4758,92.01596,-1.1851999999998952,-0.0007000000000516593,-0.0005000000001018634,0.00042000000000541604,2.0000000006348273e-05,3.500000001110948e-05,1066,1,0,1,0,1,0,1.0999999999999999,4219.644631115276,93.09517180880975,5402.833201793328,0,1067
1097.5,1.3,8.5,-2.4,3721.2905,92.01637,-1.1853000000000975,-0.00010000000020227162,0.0005999999998493877,0.00040999999998803105,-1.0000000017384991e-05,-3.0000000023733264e-05,1067,1,0,1,0,1,0,1.0999999999999999,4219.178007397004,93.09416169475655,5407.29875057195,0,1068
1098.25,1.3,8.5,-2.4,3720.1052,92.01679,-1.1853000000000975,0.0,0.00010000000020227162,0.00042000000000541604,1.0000000017384991e-05,2.0000000034769982e-05,1068,1,0,1,0,1,0,1.0999999999999999,4218.711147895229,93.09315386342375,5411.762876990515,0,1069
1097.25,1.3,8.5,-2.4,3718.9194,92.01721,-1.1857999999997446,-0.0004999999996471161,-0.0004999999996471161,0.00042000000000541604,0.0,-1.0000000017384991e-05,1069,1,0,1,0,1,0,1.0999999999999999,4218.244052803739,93.09214830841121,5416.225580449023,0,1070
1097.25,1.3,8.5,-2.4,3717.7332,92.01763,-1.186200000000099,-0.00040000000035433914,9.999999929277692e-05,0.0004199999999912052,-1.4210854715202004e-14,-1.4210854715202004e-14,1070,1,0,1,0,1,0,1.0999999999999999,4217.776722408963,93.09114502334268,5420.686860467475,0,1071
1097.75,1.3,8.5,-2.4,3716.5469,92.01806,-1.1863000000003012,-0.00010000000020227162,0.0003000000001520675,0.0004300000000085902,1.0000000017384991e-05,1.0000000031595846e-05,1071,1,0,1,0,1,0,1.0999999999999999,4217.30915727612,93.09014401119403,5425.1467169258685,0,1072
1096.75,1.3,8.5,-2.4,3715.36,92.018486,-1.1868999999996959,-0.0005999999993946403,-0.0004999999991923687,0.0004259999999902675,-4.00000001832268e-06,-1.4000000035707671e-05,1072,1,0,1,0,1,0,1.0999999999999999,4216.8413575023305,93.08914526188258,5429.605149104206,0,1073
1096.75,1.3,8.5,-2.4,3714.1733,92.01892,-1.1867000000002008,0.00019999999949504854,0.0007999999988896889,0.00043399999999849115,8.000000008223651e-06,1.2000000026546331e-05,1073,1,0,1,0,1,0,1.0999999999999999,4216.373323929237,93.08814877653631,5434.062157242486,0,1074
1097.25,1.3,8.5,-2.4,3712.986,92.01935,-1.1873000000000502,-0.0005999999998493877,-0.0007999999993444362,0.0004300000000085902,-3.999999989900971e-06,-1.1999999998124622e-05,1074,1,0,1,0,1,0,1.0999999999999999,4215.905056651162,93.08715454511628,5438.517740620709,0,1075
1097.25,1.3,8.5,-2.4,3711.7986,92.01978,-1.1873999999997977,-9.999999974752427e-05,0.0005000000001018634,0.0004299999999943793,-1.4210854715202004e-14,3.999999975690116e-06,1075,1,0,1,0,1,0,1.0999999999999999,4215.436556226766,93.08616256133828,5442.971899118876,0,1076
1096.25,1.3,8.5,-2.4,3710.6108,92.020226,-1.187800000000152,-0.00040000000035433914,-0.00030000000060681487,0.00044599999999661577,1.6000000002236447e-05,1.6000000016447302e-05,1076,1,0,1,0,1,0,1.0999999999999999,4214.967822934076,93.08517283379759,5447.424632256985,0,1077
1097.75,1.3,8.5,-2.4,3709.4229,92.02066,-1.1878999999998996,-9.999999974752427e-05,0.00030000000060681487,0.000434000000012702,-1.1999999983913767e-05,-2.7999999986150215e-05,1077,1,0,1,0,1,0,1.0999999999999999,4214.498857328385,93.08418534508348,5451.875939915038,0,1078
1098.0,1.3,8.5,-2.4,3708.2346,92.0211,-1.188300000000254,-0.00040000000035433914,-0.00030000000060681487,0.00043999999999755346,5.999999984851456e-06,1.7999999968765223e-05,1078,1,0,1,0,1,0,1.0999999999999999,4214.029659684893,93.08320009453197,5456.3258216130325,0,1079
1096.75,1.3,8.5,-2.4,3707.046,92.02154,-1.1885999999999513,-0.00029999999969732016,0.00010000000065701897,0.00043999999999755346,0.0,-5.999999984851456e-06,1079,1,0,1,0,1,0,1.0999999999999999,4213.56023037037,93.08221707592593,5460.774276990971,0,1080
1098.75,1.3,8.5,-2.4,3705.8572,92.02198,-1.188799999999901,-0.0001999999999497959,9.999999974752427e-05,0.00043999999999755346,0.0,0.0,1080,1,0,1,0,1,0,1.0999999999999999,4213.090569842739,93.08123628307123,5465.221305808852,0,1081
1098.75,1.3,8.5,-2.4,3704.668,92.02243,-1.1891999999998006,-0.0003999999998995918,-0.0001999999999497959,0.0004500000000007276,1.0000000003174137e-05,1.0000000003174137e-05,1081,1,0,1,0,1,0,1.0999999999999999,4212.620678373382,93.08025771903881,5469.666907586677,0,1082
1101.25,1.3,8.5,-2.4,3703.4785,92.02287,-1.1894999999999527,-0.0003000000001520675,9.999999974752427e-05,0.00043999999999755346,-1.0000000003174137e-05,-2.0000000006348273e-05,1082,1,0,1,0,1,0,1.0999999999999999,4212.150556325023,93.07928136842105,5474.111081964444,0,1083
1102.75,1.3,8.5,-2.4,3702.289,92.02332,-1.1894999999999527,0.0,0.0003000000001520675,0.0004500000000007276,1.0000000003174137e-05,2.0000000006348273e-05,1083,1,0,1,0,1,0,1.0999999999999999,4211.680204335794,93.07830723431734,5478.553828942153,0,1084
1103.75,1.3,8.5,-2.4,3701.099,92.023766,-1.1900000000000546,-0.0005000000001018634,-0.0005000000001018634,0.00044599999999661577,-4.0000000041118255e-06,-1.4000000007285962e-05,1084,1,0,1,0,1,0,1.0999999999999999,4211.2096225806445,93.07733530691243,5482.995147919806,0,1085
1103.75,1.3,8.5,-2.4,3699.909,92.024216,-1.1900000000000546,0.0,0.0005000000001018634,0.0004500000000007276,4.0000000041118255e-06,8.000000008223651e-06,1085,1,0,1,0,1,0,1.0999999999999999,4210.73881169429,93.07636558379373,5487.435038897402,0,1086
1102.75,1.3,8.5,-2.4,3698.7185,92.024666,-1.1905000000001564,-0.0005000000001018634,-0.0005000000001018634,0.0004500000000007276,0.0,-4.0000000041118255e-06,1086,1,0,1,0,1,0,1.0999999999999999,4210.267771849126,93.07539805887764,5491.87350127494,0,1087
1102.25,1.3,8.5,-2.4,3697.5278,92.025116,-1.1907000000001062,-0.0001999999999497959,0.0003000000001520675,0.0004500000000007276,0.0,0.0,1087,1,0,1,0,1,0,1.0999999999999999,4209.796503492647,93.07443272610294,5496.310534812422,0,1088
1101.25,1.3,8.5,-2.4,3696.337,92.025566,-1.1907999999998538,-9.999999974752427e-05,0.00010000000020227162,0.0004500000000007276,0.0,0.0,1088,1,0,1,0,1,0,1.0999999999999999,4209.325007162534,93.07346957943066,5500.746139389846,0,1089
1101.0,1.3,8.5,-2.4,3695.1458,92.02602,-1.191200000000208,-0.00040000000035433914,-0.00030000000060681487,0.0004540000000048394,4.0000000041118255e-06,4.0000000041118255e-06,1089,1,0,1,0,1,0,1.0999999999999999,4208.853283119266,93.07250861651376,5505.180314527212,0,1090
1099.75,1.3,8.5,-2.4,3693.954,92.02647,-1.1917999999996027,-0.0005999999993946403,-0.0001999999990403012,0.0004500000000007276,-4.0000000041118255e-06,-8.000000008223651e-06,1090,1,0,1,0,1,0,1.0999999999999999,4208.381331439046,93.07154982768103,5509.613059504522,0,1091
1097.75,1.3,8.5,-2.4,3692.7625,92.02692,-1.1915000000003602,0.0002999999992425728,0.0008999999986372131,0.0004500000000007276,0.0,4.0000000041118255e-06,1091,1,0,1,0,1,0,1.0999999999999999,4207.9091530219775,93.07059320695971,5514.044374681775,0,1092
1097.75,1.3,8.5,-2.4,3691.5706,92.027374,-1.191899999999805,-0.00039999999944484443,-0.0006999999986874172,0.00045399999999062857,3.999999989900971e-06,3.999999989900971e-06,1092,1,0,1,0,1,0,1.0999999999999999,4207.436748124428,93.06963875205855,5518.47425957897,0,1093
1097.75,1.3,8.5,-2.4,3690.3784,92.027824,-1.192199999999957,-0.0003000000001520675,9.999999929277692e-05,0.0004500000000007276,-3.999999989900971e-06,-7.999999979801942e-06,1093,1,0,1,0,1,0,1.0999999999999999,4206.9641170932355,93.06868645338209,5522.902713836109,0,1094
1098.75,1.3,8.5,-2.4,3689.1858,92.028275,-1.1925999999998567,-0.0003999999998995918,-9.999999974752427e-05,0.00045099999999820284,9.999999974752427e-07,4.9999999873762135e-06,1094,1,0,1,0,1,0,1.0999999999999999,4206.491260182648,93.06773630593607,5527.329736973189,0,1095
1098.5,1.3,8.5,-2.4,3687.9932,92.028725,-1.1926000000003114,-4.547473508864641e-13,0.00039999999944484443,0.0004500000000007276,-9.999999974752427e-07,-1.9999999949504854e-06,1095,1,0,1,0,1,0,1.0999999999999999,4206.018178010949,93.06678830291972,5531.7553289902135,0,1096
1098.25,1.3,8.5,-2.4,3686.8,92.029175,-1.193199999999706,-0.0005999999993946403,-0.000599999998939893,0.0004500000000007276,0.0,9.999999974752427e-07,1096,1,0,1,0,1,0,1.0999999999999999,4205.54487064722,93.06584243846855,5536.17948916718,0,1097
1096.25,1.3,8.5,-2.4,3685.607,92.02963,-1.193000000000211,0.00019999999949504854,0.0007999999988896889,0.00045500000000231466,5.000000001587068e-06,5.000000001587068e-06,1097,1,0,1,0,1,0,1.0999999999999999,4205.071338888889,93.06489871129325,5540.602217744089,0,1098
1097.25,1.3,8.5,-2.4,3684.4136,92.03008,-1.1934000000001106,-0.0003999999998995918,-0.0005999999993946403,0.0004500000000007276,-5.000000001587068e-06,-1.0000000003174137e-05,1098,1,0,1,0,1,0,1.0999999999999999,4204.597582984532,93.06395711101,5545.02351424094,0,1099
1097.0,1.3,8.5,-2.4,3683.2197,92.03053,-1.1938999999997577,-0.0004999999996471161,-9.999999974752427e-05,0.0004500000000007276,0.0,5.000000001587068e-06,1099,1,0,1,0,1,0,1.0999999999999999,4204.123603090909,93.06301763181818,5549.443378057735,0,1100
1096.25,1.3,8.5,-2.4,3682.026,92.03098,-1.1937000000002627,0.00019999999949504854,0.0006999999991421646,0.0004500000000007276,0.0,0.0,1100,1,0,1,0,1,0,1.0999999999999999,4203.6494,93.06208026793823,5553.861809434472,0,1101
1095.25,1.3,8.5,-2.4,3680.8318,92.031425,-1.1941999999999098,-0.0004999999996471161,-0.0006999999991421646,0.00044499999999914053,-5.000000001587068e-06,-5.000000001587068e-06,1101,1,0,1,0,1,0,1.0999999999999999,4203.174973865699,93.06114500907441,5558.278807771152,0,1102
1096.25,1.3,8.5,-2.4,3679.6372,92.031876,-1.1945999999998094,-0.0003999999998995918,9.999999974752427e-05,0.00045099999999820284,5.999999999062311e-06,1.100000000064938e-05,1102,1,0,1,0,1,0,1.0999999999999999,4202.700324932003,93.06021185494107,5562.6943725877745,0,1103
1094.25,1.3,8.5,-2.4,3678.4426,92.032326,-1.1946000000002641,-4.547473508864641e-13,0.00039999999944484443,0.0004500000000007276,-9.999999974752427e-07,-6.999999996537554e-06,1103,1,0,1,0,1,0,1.0999999999999999,4202.225453804347,93.05928079891304,5567.10850388434,0,1104
1094.25,1.3,8.5,-2.4,3677.2478,92.03277,-1.1947999999997592,-0.00019999999949504854,-0.0001999999990403012,0.0004440000000016653,-5.999999999062311e-06,-5.000000001587068e-06,1104,1,0,1,0,1,0,1.0999999999999999,4201.750360904977,93.05835182986425,5571.521201420848,0,1105
1095.25,1.3,8.5,-2.4,3676.0527,92.03321,-1.1950999999999112,-0.0003000000001520675,-0.00010000000065701897,0.00043999999999755346,-4.0000000041118255e-06,1.9999999949504854e-06,1105,1,0,1,0,1,0,1.0999999999999999,4201.275046564196,93.05742493851717,5575.9324648372985,0,1106
1096.25,1.3,8.5,-2.4,3674.8572,92.03365,-1.1955000000002656,-0.00040000000035433914,-0.00010000000020227162,0.00043999999999755346,0.0,4.0000000041118255e-06,1106,1,0,1,0,1,0,1.0999999999999999,4200.799511020777,93.05650011924119,5580.342293653692,0,1107
1096.25,1.3,8.5,-2.4,3673.6616,92.034096,-1.195600000000013,-9.999999974752427e-05,0.00030000000060681487,0.0004460000000108266,6.000000013273166e-06,6.000000013273166e-06,1107,1,0,1,0,1,0,1.0999999999999999,4200.323754783393,93.05557737184115,5584.750687750027,0,1108
1097.25,1.3,8.5,-2.4,3672.4658,92.03454,-1.195799999999963,-0.0001999999999497959,-0.00010000000020227162,0.0004440000000016653,-2.00000000916134e-06,-8.000000022434506e-06,1108,1,0,1,0,1,0,1.0999999999999999,4199.8477782687105,93.05465668890893,5589.157646886306,0,1109
1096.25,1.3,8.5,-2.4,3671.2698,92.03497,-1.1959999999999127,-0.0001999999999497959,0.0,0.0004299999999943793,-1.4000000007285962e-05,-1.1999999998124622e-05,1109,1,0,1,0,1,0,1.0999999999999999,4199.371581891893,93.05373805225226,5593.563170822526,0,1110
1094.25,1.3,8.5,-2.4,3670.0735,92.03541,-1.1963000000000648,-0.0003000000001520675,-0.00010000000020227162,0.00043999999999755346,1.0000000003174137e-05,2.40000000104601e-05,1110,1,0,1,0,1,0,1.0999999999999999,4198.895165976598,93.05282146534653,5597.96725919869,0,1111
1095.25,1.3,8.5,-2.4,3668.8772,92.03584,-1.1963000000000648,0.0,0.0003000000001520675,0.0004299999999943793,-1.0000000003174137e-05,-2.0000000006348273e-05,1111,1,0,1,0,1,0,1.0999999999999999,4198.418531115109,93.05190691366907,5602.369912014797,0,1112
1096.25,1.3,8.5,-2.4,3667.6804,92.03628,-1.1967999999997119,-0.0004999999996471161,-0.0004999999996471161,0.0004400000000117643,1.0000000017384991e-05,2.0000000020559128e-05,1112,1,0,1,0,1,0,1.0999999999999999,4197.941677448338,93.05099440071878,5606.771128670845,0,1113
1093.75,1.3,8.5,-2.4,3666.4834,92.036705,-1.1970000000001164,-0.00020000000040454324,0.0002999999992425728,0.00042499999999279225,-1.500000001897206e-05,-2.500000003635705e-05,1113,1,0,1,0,1,0,1.0999999999999999,4197.464605385996,93.0500839075404,5611.170908926836,0,1114
1094.75,1.3,8.5,-2.4,3665.2864,92.03714,-1.1970000000001164,0.0,0.00020000000040454324,0.0004349999999959664,1.0000000003174137e-05,2.5000000022146196e-05,1114,1,0,1,0,1,0,1.0999999999999999,4196.987315515696,93.04917543766815,5615.5692527827705,0,1115
1094.25,1.3,8.5,-2.4,3664.0889,92.03756,-1.1974999999997635,-0.0004999999996471161,-0.0004999999996471161,0.00042000000000541604,-1.499999999055035e-05,-2.4999999993724487e-05,1115,1,0,1,0,1,0,1.0999999999999999,4196.5098079749105,93.04826897222222,5619.966159638647,0,1116
1094.25,1.3,8.5,-2.4,3662.8914,92.03799,-1.1975000000002183,-4.547473508864641e-13,0.0004999999991923687,0.0004299999999943793,9.999999988963282e-06,2.4999999979513632e-05,1116,1,0,1,0,1,0,1.0999999999999999,4196.032083348255,93.04736451477171,5624.361629494465,0,1117
1094.75,1.3,8.5,-2.4,3661.6934,92.03841,-1.1979999999998654,-0.0004999999996471161,-0.0004999999991923687,0.00042000000000541604,-9.999999988963282e-06,-1.9999999977926564e-05,1117,1,0,1,0,1,0,1.0999999999999999,4195.55414177102,93.0464620509839,5628.755661750227,0,1118
1094.5,1.3,8.5,-2.4,3660.4954,92.038826,-1.1980000000003201,-4.547473508864641e-13,0.0004999999991923687,0.0004160000000013042,-4.0000000041118255e-06,5.999999984851456e-06,1118,1,0,1,0,1,0,1.0999999999999999,4195.075983824843,93.04556157193923,5633.148256405931,0,1119
1095.25,1.3,8.5,-2.4,3659.297,92.039246,-1.198399999999765,-0.00039999999944484443,-0.0003999999989900971,0.00042000000000541604,4.0000000041118255e-06,8.000000008223651e-06,1119,1,0,1,0,1,0,1.0999999999999999,4194.597609732143,93.04466307589286,5637.539412981577,0,1120
1096.75,1.3,8.5,-2.4,3658.0986,92.03966,-1.1984000000002197,-4.547473508864641e-13,0.0003999999989900971,0.0004139999999921429,-6.000000013273166e-06,-1.0000000017384991e-05,1120,1,0,1,0,1,0,1.0999999999999999,4194.119020071365,93.04376655218555,5641.929131477165,0,1121
1096.75,1.3,8.5,-2.4,3656.9,92.04006,-1.1985999999997148,-0.00019999999949504854,-0.0001999999990403012,0.00039999999999906777,-1.3999999993075107e-05,-7.999999979801942e-06,1121,1,0,1,0,1,0,1.0999999999999999,4193.640215240642,93.04287198306595,5646.317411652696,0,1122
1095.75,1.3,8.5,-2.4,3655.7012,92.040474,-1.1988000000001193,-0.00020000000040454324,-9.094947017729282e-13,0.00041400000000635373,1.4000000007285962e-05,2.800000000036107e-05,1122,1,0,1,0,1,0,1.0999999999999999,4193.161195636687,93.04197937577915,5650.70425326817,0,1123
1095.25,1.3,8.5,-2.4,3654.502,92.04088,-1.199200000000019,-0.0003999999998995918,-0.00019999999949504854,0.0004059999999981301,-8.000000008223651e-06,-2.2000000015509613e-05,1123,1,0,1,0,1,0,1.0999999999999999,4192.681961476868,93.04108871797152,5655.089655843586,0,1124
1095.25,1.3,8.5,-2.4,3653.3027,92.041275,-1.1992999999997664,-9.999999974752427e-05,0.0003000000001520675,0.0003949999999974807,-1.100000000064938e-05,-2.999999992425728e-06,1124,1,0,1,0,1,0,1.0999999999999999,4192.202513244444,93.04019999466666,5659.473619258944,0,1125
1094.75,1.3,8.5,-2.4,3652.1033,92.04167,-1.1993999999999687,-0.00010000000020227162,-4.547473508864641e-13,0.0003949999999974807,0.0,1.100000000064938e-05,1125,1,0,1,0,1,0,1.0999999999999999,4191.722851420959,93.03931320071048,5663.856143394246,0,1126
1095.0,1.3,8.5,-2.4,3650.9036,92.04207,-1.1997000000001208,-0.0003000000001520675,-0.0001999999999497959,0.00039999999999906777,5.000000001587068e-06,5.000000001587068e-06,1126,1,0,1,0,1,0,1.0999999999999999,4191.242976308785,93.03842833540374,5668.237227889489,0,1127
1094.75,1.3,8.5,-2.4,3649.7036,92.04246,-1.2000000000002728,-0.0003000000001520675,0.0,0.0003900000000101045,-9.999999988963282e-06,-1.499999999055035e-05,1127,1,0,1,0,1,0,1.0999999999999999,4190.762888209219,93.03754538475178,5672.616872384675,0,1128
1096.25,1.3,8.5,-2.4,3648.5034,92.04284,-1.200199999999768,-0.00019999999949504854,0.00010000000065701897,0.0003799999999927195,-1.0000000017384991e-05,-2.842170943040401e-14,1128,1,0,1,0,1,0,1.0999999999999999,4190.282587511071,93.03666433480956,5676.995076639803,0,1129
1096.25,1.3,8.5,-2.4,3647.303,92.04323,-1.2004000000001724,-0.00020000000040454324,-9.094947017729282e-13,0.00038999999999589363,1.0000000003174137e-05,2.0000000020559128e-05,1129,1,0,1,0,1,0,1.0999999999999999,4189.80207460177,93.03578518938052,5681.371840414874,0,1130
1096.0,1.3,8.5,-2.4,3646.1025,92.0436,-1.20049999999992,-9.999999974752427e-05,0.00010000000065701897,0.0003700000000037562,-1.9999999992137418e-05,-2.9999999995311555e-05,1130,1,0,1,0,1,0,1.0999999999999999,4189.321349955791,93.03490792572944,5685.747163589886,0,1131
1096.75,1.3,8.5,-2.4,3644.9019,92.043976,-1.2006000000001222,-0.00010000000020227162,-4.547473508864641e-13,0.0003760000000028185,5.999999999062311e-06,2.599999999119973e-05,1131,1,0,1,0,1,0,1.0999999999999999,4188.840414045936,93.0340325441696,5690.121046044842,0,1132
1097.25,1.3,8.5,-2.4,3643.701,92.04435,-1.2008999999998196,-0.00029999999969732016,-0.00019999999949504854,0.0003739999999936572,-2.00000000916134e-06,-8.000000008223651e-06,1132,1,0,1,0,1,0,1.0999999999999999,4188.359267166814,93.03315903795233,5694.49348741974,0,1133
1097.0,1.3,8.5,-2.4,3642.4998,92.044716,-1.2011999999999716,-0.0003000000001520675,-4.547473508864641e-13,0.0003659999999996444,-7.999999994012796e-06,-5.999999984851456e-06,1133,1,0,1,0,1,0,1.0999999999999999,4187.877909611992,93.03228739506173,5698.864487354579,0,1134
1100.75,1.3,8.5,-2.4,3641.2983,92.045074,-1.2015000000001237,-0.0003000000001520675,0.0,0.0003580000000056316,-7.999999994012796e-06,0.0,1134,1,0,1,0,1,0,1.0999999999999999,4187.396341674009,93.03141760352422,5703.234045489362,0,1135
1102.25,1.3,8.5,-2.4,3640.097,92.04543,-1.2012999999997191,0.00020000000040454324,0.0005000000005566108,0.00035599999999647025,-2.00000000916134e-06,5.999999984851456e-06,1135,1,0,1,0,1,0,1.0999999999999999,4186.914564084507,93.03054965669014,5707.602162064087,0,1136
1102.5,1.3,8.5,-2.4,3638.8953,92.045784,-1.2017000000000735,-0.00040000000035433914,-0.0006000000007588824,0.00035400000000151977,-1.9999999949504854e-06,1.4210854715202004e-14,1136,1,0,1,0,1,0,1.0999999999999999,4186.432577044855,93.02968354793315,5711.968836598753,0,1137
1103.75,1.3,8.5,-2.4,3637.6934,92.046135,-1.2019000000000233,-0.0001999999999497959,0.00020000000040454324,0.00035100000000909404,-2.999999992425728e-06,-9.999999974752427e-07,1137,1,0,1,0,1,0,1.0999999999999999,4185.950380931458,93.02881926977153,5716.334068853363,0,1138
1102.25,1.3,8.5,-2.4,3636.4912,92.04648,-1.2022000000001754,-0.0003000000001520675,-0.00010000000020227162,0.00034499999999582087,-6.000000013273166e-06,-3.0000000208474376e-06,1138,1,0,1,0,1,0,1.0999999999999999,4185.467976031607,93.02795681211589,5720.697858467915,0,1139
1103.75,1.3,8.5,-2.4,3635.289,92.046814,-1.2021999999997206,4.547473508864641e-13,0.00030000000060681487,0.0003339999999951715,-1.100000000064938e-05,-4.9999999873762135e-06,1139,1,0,1,0,1,0,1.0999999999999999,4184.985362894737,93.02709616052631,5725.060205442408,0,1140
1104.75,1.3,8.5,-2.4,3634.0867,92.04715,-1.2023000000003776,-0.00010000000065701897,-0.00010000000111176632,0.00033600000000433283,2.00000000916134e-06,1.300000000981072e-05,1140,1,0,1,0,1,0,1.0999999999999999,4184.502541980718,93.02623731200701,5729.421109656844,0,1141
1103.25,1.3,8.5,-2.4,3632.884,92.04748,-1.2026999999998225,-0.00039999999944484443,-0.00029999999878782546,0.00032999999999105967,-6.000000013273166e-06,-8.000000022434506e-06,1141,1,0,1,0,1,0,1.0999999999999999,4184.019513485114,93.02538025656743,5733.780570631223,0,1142
1103.25,1.3,8.5,-2.4,3631.6812,92.0478,-1.2028000000000247,-0.00010000000020227162,0.0002999999992425728,0.0003200000000020964,-9.999999988963282e-06,-3.999999975690116e-06,1142,1,0,1,0,1,0,1.0999999999999999,4183.536277865267,93.0245249807524,5738.138588245543,0,1143
1103.75,1.3,8.5,-2.4,3630.478,92.04812,-1.2031999999999243,-0.0003999999998995918,-0.00029999999969732016,0.0003200000000020964,0.0,9.999999988963282e-06,1143,1,0,1,0,1,0,1.0999999999999999,4183.052835314686,93.0236714798951,5742.495162019806,0,1144
1103.75,1.3,8.5,-2.4,3629.275,92.04843,-1.2029999999999745,0.0001999999999497959,0.0005999999998493877,0.00030999999999892225,-1.0000000003174137e-05,-1.0000000003174137e-05,1144,1,0,1,0,1,0,1.0999999999999999,4182.569186550219,93.02281974061135,5746.850292194012,0,1145
1105.75,1.3,8.5,-2.4,3628.0715,92.04874,-1.2035000000000764,-0.0005000000001018634,-0.0007000000000516593,0.00030999999999892225,0.0,1.0000000003174137e-05,1145,1,0,1,0,1,0,1.0999999999999999,4182.085331675393,93.0219697582897,5751.203978168159,0,1146
1105.75,1.3,8.5,-2.4,3626.868,92.04904,-1.2035000000000764,0.0,0.0005000000001018634,0.00030000000000995897,-9.999999988963282e-06,-9.999999988963282e-06,1146,1,0,1,0,1,0,1.0999999999999999,4181.601271229293,93.02112151961639,5755.556219942248,0,1147
1105.75,1.3,8.5,-2.4,3625.6643,92.04934,-1.2037000000000262,-0.0001999999999497959,-0.0001999999999497959,0.0002999999999957481,-1.4210854715202004e-14,9.999999974752427e-06,1147,1,0,1,0,1,0,1.0999999999999999,4181.117005574913,93.02027502003484,5759.90701727628,0,1148
1104.75,1.3,8.5,-2.4,3624.4604,92.04963,-1.203899999999976,-0.0001999999999497959,0.0,0.000289999999992574,-1.0000000003174137e-05,-9.999999988963282e-06,1148,1,0,1,0,1,0,1.0999999999999999,4180.632535073977,93.01943024630113,5764.256369930255,0,1149
1105.75,1.3,8.5,-2.4,3623.2563,92.04991,-1.2040999999999258,-0.0001999999999497959,0.0,0.0002800000000036107,-9.999999988963282e-06,1.4210854715202004e-14,1149,1,0,1,0,1,0,1.0999999999999999,4180.147860086956,93.01858718521738,5768.604277664171,0,1150
1107.75,1.3,8.5,-2.4,3622.0522,92.050186,-1.2040999999999258,0.0,0.0001999999999497959,0.00027599999999949887,-4.0000000041118255e-06,5.999999984851456e-06,1150,1,0,1,0,1,0,1.0999999999999999,4179.662981146829,93.01774582884448,5772.95074047803,0,1151
1107.75,1.3,8.5,-2.4,3620.8477,92.05046,-1.2045000000002801,-0.00040000000035433914,-0.00040000000035433914,0.0002740000000045484,-1.9999999949504854e-06,2.00000000916134e-06,1151,1,0,1,0,1,0,1.0999999999999999,4179.1778984375005,93.01690617100695,5777.29575789183,0,1152
1107.5,1.3,8.5,-2.4,3619.643,92.05072,-1.2046999999997752,-0.00019999999949504854,0.0002000000008592906,0.0002599999999972624,-1.4000000007285962e-05,-1.2000000012335477e-05,1152,1,0,1,0,1,0,1.0999999999999999,4178.692612315698,93.0160681951431,5781.639329665573,0,1153
1108.25,1.3,8.5,-2.4,3618.4385,92.05098,-1.2044999999998254,0.0001999999999497959,0.00039999999944484443,0.0002599999999972624,0.0,1.4000000007285962e-05,1153,1,0,1,0,1,0,1.0999999999999999,4178.207123483535,93.01523189688042,5785.981456039258,0,1154
1109.25,1.3,8.5,-2.4,3617.2334,92.05123,-1.2051000000001295,-0.000600000000304135,-0.0008000000002539309,0.00025000000000829914,-9.999999988963282e-06,-9.999999988963282e-06,1154,1,0,1,0,1,0,1.0999999999999999,4177.721431948052,93.01439726320346,5790.322136292885,0,1155
1110.25,1.3,8.5,-2.4,3616.0283,92.05148,-1.2051000000001295,0.0,0.000600000000304135,0.0002499999999940883,-1.4210854715202004e-14,9.999999974752427e-06,1155,1,0,1,0,1,0,1.0999999999999999,4177.235538235294,93.0135642897924,5794.661370426455,0,1156
1108.25,1.3,8.5,-2.4,3614.8232,92.05172,-1.2051000000001295,0.0,0.0,0.000240000000005125,-9.999999988963282e-06,-9.999999974752427e-06,1156,1,0,1,0,1,0,1.0999999999999999,4176.74944286949,93.01273296369922,5798.999158439966,0,1157
1108.25,1.3,8.5,-2.4,3613.618,92.05195,-1.205199999999877,-9.999999974752427e-05,-9.999999974752427e-05,0.00023000000000195087,-1.0000000003174137e-05,-1.4210854715202004e-14,1157,1,0,1,0,1,0,1.0999999999999999,4176.263146286701,93.01190327202073,5803.33550021342,0,1158
1108.5,1.3,8.5,-2.4,3612.4124,92.05218,-1.2055999999997766,-0.0003999999998995918,-0.0003000000001520675,0.00023000000000195087,0.0,1.0000000003174137e-05,1158,1,0,1,0,1,0,1.0999999999999999,4175.776648662641,93.01107521052631,5807.670395266816,0,1159
1109.25,1.3,8.5,-2.4,3611.2065,92.0524,-1.2059000000003834,-0.00030000000060681487,9.999999929277692e-05,0.00021999999999877673,-1.0000000003174137e-05,-1.0000000003174137e-05,1159,1,0,1,0,1,0,1.0999999999999999,4175.289950258621,93.0102487663793,5812.003843240153,0,1160
1110.25,1.3,8.5,-2.4,3610.0007,92.052605,-1.2057999999997264,0.00010000000065701897,0.00040000000126383384,0.00020499999999401552,-1.5000000004761205e-05,-5.000000001587068e-06,1160,1,0,1,0,1,0,1.0999999999999999,4174.803051679587,93.00942392248062,5816.335844253434,0,1161
1110.25,1.3,8.5,-2.4,3608.7947,92.05281,-1.206000000000131,-0.00020000000040454324,-0.0003000000010615622,0.00020499999999401552,0.0,1.5000000004761205e-05,1161,1,0,1,0,1,0,1.0999999999999999,4174.315953270224,93.0086006746988,5820.666398066656,0,1162
1109.25,1.3,8.5,-2.4,3607.5884,92.05301,-1.2062999999998283,-0.00029999999969732016,-9.999999929277692e-05,0.0002000000000066393,-4.9999999873762135e-06,-4.9999999873762135e-06,1162,1,0,1,0,1,0,1.0999999999999999,4173.828655288048,93.00777901461737,5824.99550431982,0,1163
1109.25,1.3,8.5,-2.4,3606.382,92.05319,-1.2064000000000306,-0.00010000000020227162,0.00019999999949504854,0.00018000000000029104,-2.0000000006348273e-05,-1.500000001897206e-05,1163,1,0,1,0,1,0,1.0999999999999999,4173.341158161512,93.00695892096219,5829.323162892926,0,1164
1109.5,1.3,8.5,-2.4,3605.1755,92.053375,-1.2065000000002328,-0.00010000000020227162,0.0,0.0001850000000018781,5.000000001587068e-06,2.500000000793534e-05,1164,1,0,1,0,1,0,1.0999999999999999,4172.8534623175965,93.00614039399142,5833.649373665975,0,1165
1109.25,1.3,8.5,-2.4,3603.969,92.05355,-1.206499999999778,4.547473508864641e-13,0.00010000000065701897,0.00017499999999870397,-1.0000000003174137e-05,-1.5000000004761205e-05,1165,1,0,1,0,1,0,1.0999999999999999,4172.365568267582,93.00532342109777,5837.974136638965,0,1166
1109.25,1.3,8.5,-2.4,3602.7622,92.05372,-1.2067999999999302,-0.0003000000001520675,-0.00030000000060681487,0.0001699999999971169,-5.000000001587068e-06,5.000000001587068e-06,1166,1,0,1,0,1,0,1.0999999999999999,4171.877476263925,93.00450799400171,5842.297451451898,0,1167
1108.75,1.3,8.5,-2.4,3601.5552,92.05387,-1.2070000000003347,-0.00020000000040454324,9.999999974752427e-05,0.00015000000000497948,-1.9999999992137418e-05,-1.499999999055035e-05,1167,1,0,1,0,1,0,1.0999999999999999,4171.389186643836,93.00369409160959,5846.619317864773,0,1168
1108.75,1.3,8.5,-2.4,3600.3481,92.05402,-1.2070999999996275,-9.999999929277692e-05,0.00010000000111176632,0.00014999999999076863,-1.4210854715202004e-14,1.9999999977926564e-05,1168,1,0,1,0,1,0,1.0999999999999999,4170.900699828914,93.00288171000857,5850.939735757589,0,1169
1109.0,1.3,8.5,-2.4,3599.1409,92.05417,-1.2072000000002845,-0.00010000000065701897,-1.3642420526593924e-12,0.00015000000000497948,1.4210854715202004e-14,2.842170943040401e-14,1169,1,0,1,0,1,0,1.0999999999999999,4170.4120162393165,93.00207084529914,5855.258705010348,0,1170
1106.75,1.3,8.5,-2.4,3597.9336,92.0543,-1.207300000000032,-9.999999974752427e-05,9.094947017729282e-13,0.0001299999999986312,-2.0000000006348273e-05,-2.0000000020559128e-05,1170,1,0,1,0,1,0,1.0999999999999999,4169.923136293766,93.0012614765158,5859.576225503049,0,1171
1106.25,1.3,8.5,-2.4,3596.7258,92.05443,-1.2077999999996791,-0.0004999999996471161,-0.0003999999998995918,0.0001299999999986312,0.0,2.0000000006348273e-05,1171,1,0,1,0,1,0,1.0999999999999999,4169.434060068259,93.00045359982936,5863.892296635692,0,1172
1106.25,1.3,8.5,-2.4,3595.5183,92.05454,-1.2074999999999818,0.00029999999969732016,0.0007999999993444362,0.00011000000000649379,-1.9999999992137418e-05,-1.9999999992137418e-05,1172,1,0,1,0,1,0,1.0999999999999999,4168.944788320546,92.9996471943734,5868.206918768276,0,1173
1106.0,1.3,8.5,-2.4,3594.3105,92.05465,-1.2078000000001339,-0.0003000000001520675,-0.0005999999998493877,0.00010999999999228294,-1.4210854715202004e-14,1.9999999977926564e-05,1173,1,0,1,0,1,0,1.0999999999999999,4168.4553212947185,92.99884225638841,5872.520091540804,0,1174
1106.25,1.3,8.5,-2.4,3593.1025,92.05475,-1.2080000000000837,-0.0001999999999497959,0.00010000000020227162,0.00010000000000331966,-9.999999988963282e-06,-9.999999974752427e-06,1174,1,0,1,0,1,0,1.0999999999999999,4167.9656593191485,92.99803877361703,5876.831814713272,0,1175
1104.75,1.3,8.5,-2.4,3591.8945,92.05484,-1.2080000000000837,0.0,0.0001999999999497959,9.000000000014552e-05,-1.0000000003174137e-05,-1.4210854715202004e-14,1175,1,0,1,0,1,0,1.0999999999999999,4167.4758028911565,92.99723673384354,5881.142088285684,0,1176
1104.5,1.3,8.5,-2.4,3590.6863,92.054924,-1.2082000000000335,-0.0001999999999497959,-0.0001999999999497959,8.400000000108321e-05,-5.999999999062311e-06,4.0000000041118255e-06,1176,1,0,1,0,1,0,1.0999999999999999,4166.985752336448,92.99643612829226,5885.450912018036,0,1177
1102.75,1.3,8.5,-2.4,3589.4778,92.055,-1.2084999999997308,-0.00029999999969732016,-9.999999974752427e-05,7.600000000707041e-05,-7.999999994012796e-06,-1.9999999949504854e-06,1177,1,0,1,0,1,0,1.0999999999999999,4166.495507894737,92.99563694651953,5889.7582855503315,0,1178
1101.25,1.3,8.5,-2.4,3588.2693,92.05506,-1.2085000000001855,-4.547473508864641e-13,0.0002999999992425728,5.999999999062311e-05,-1.6000000016447302e-05,-8.000000022434506e-06,1178,1,0,1,0,1,0,1.0999999999999999,4166.005070059372,92.99483917133163,5894.064208882568,0,1179
1101.25,1.3,8.5,-2.4,3587.0608,92.055115,-1.2084999999997308,4.547473508864641e-13,9.094947017729282e-13,5.5000000003246896e-05,-4.9999999873762135e-06,1.1000000029071089e-05,1179,1,0,1,0,1,0,1.0999999999999999,4165.5144393220335,92.99404279491525,5898.368682014747,0,1180
1101.5,1.3,8.5,-2.4,3585.852,92.05516,-1.2088000000003376,-0.00030000000060681487,-0.0003000000010615622,4.500000000007276e-05,-1.0000000003174137e-05,-5.000000015797923e-06,1180,1,0,1,0,1,0,1.0999999999999999,4165.0236159187125,92.9932478052498,5902.671704586868,0,1181
1102.75,1.3,8.5,-2.4,3584.643,92.0552,-1.2089999999998327,-0.00019999999949504854,0.00010000000111176632,3.999999999848569e-05,-5.000000001587068e-06,5.000000001587068e-06,1181,1,0,1,0,1,0,1.0999999999999999,4164.532600169205,92.99245419458545,5906.973276358931,0,1182
1102.25,1.3,8.5,-2.4,3583.434,92.05522,-1.2089999999998327,0.0,0.00019999999949504854,2.0000000006348273e-05,-1.9999999992137418e-05,-1.499999999055035e-05,1182,1,0,1,0,1,0,1.0999999999999999,4164.041392561286,92.99166194251902,5911.273397330936,0,1183
1102.25,1.3,8.5,-2.4,3582.225,92.055244,-1.2090000000002874,-4.547473508864641e-13,-4.547473508864641e-13,2.3999999996249244e-05,3.999999989900971e-06,2.399999998203839e-05,1183,1,0,1,0,1,0,1.0999999999999999,4163.549993581081,92.99087104898649,5915.572067502882,0,1184
1100.75,1.3,8.5,-2.4,3581.0156,92.05525,-1.2093999999997322,-0.00039999999944484443,-0.0003999999989900971,5.999999999062311e-06,-1.7999999997186933e-05,-2.1999999987087904e-05,1184,1,0,1,0,1,0,1.0999999999999999,4163.058403375527,92.99008149535865,5919.869286394772,0,1185
1099.25,1.3,8.5,-2.4,3579.8064,92.055244,-1.2092000000002372,0.00019999999949504854,0.000599999998939893,-5.999999999062311e-06,-1.1999999998124622e-05,5.999999999062311e-06,1185,1,0,1,0,1,0,1.0999999999999999,4162.566622596964,92.98929326812816,5924.165054246602,0,1186
1100.25,1.3,8.5,-2.4,3578.597,92.05524,-1.2093999999997322,-0.00019999999949504854,-0.0003999999989900971,-4.0000000041118255e-06,1.9999999949504854e-06,1.3999999993075107e-05,1186,1,0,1,0,1,0,1.0999999999999999,4162.074651558551,92.98850636562763,5928.459370818375,0,1187
1100.25,1.3,8.5,-2.4,3577.3872,92.055214,-1.2098000000000866,-0.00040000000035433914,-0.0002000000008592906,-2.599999999119973e-05,-2.1999999987087904e-05,-2.399999998203839e-05,1187,1,0,1,0,1,0,1.0999999999999999,4161.58249040404,92.98772076599327,5932.75223563009,0,1188
1101.75,1.3,8.5,-2.4,3576.1775,92.05518,-1.209700000000339,9.999999974752427e-05,0.0005000000001018634,-3.4000000013634235e-05,-8.000000022434506e-06,1.3999999964653398e-05,1188,1,0,1,0,1,0,1.0999999999999999,4161.090139697224,92.98693645920942,5937.043648801746,0,1189
1101.5,1.3,8.5,-2.4,3574.9675,92.05514,-1.2099999999995816,-0.0002999999992425728,-0.0003999999989900971,-3.999999999848569e-05,-5.999999984851456e-06,2.0000000375830496e-06,1189,1,0,1,0,1,0,1.0999999999999999,4160.597599663865,92.98615343697479,5941.333609973344,0,1190
1100.75,1.3,8.5,-2.4,3573.7576,92.055084,-1.2099000000002889,9.999999929277692e-05,0.00039999999853534973,-5.600000000072214e-05,-1.6000000002236447e-05,-1.0000000017384991e-05,1190,1,0,1,0,1,0,1.0999999999999999,4160.1048708648195,92.98537168261964,5945.6221192648845,0,1191
1100.75,1.3,8.5,-2.4,3572.5476,92.05502,-1.2100000000000364,-9.999999974752427e-05,-0.0001999999990403012,-6.399999999473494e-05,-7.999999994012796e-06,8.000000008223651e-06,1191,1,0,1,0,1,0,1.0999999999999999,4159.611953691276,92.98459118624162,5949.909176556367,0,1192
1101.0,1.3,8.5,-2.4,3571.3374,92.05495,-1.2101999999999862,-0.0001999999999497959,-0.00010000000020227162,-6.999999999379725e-05,-5.999999999062311e-06,1.9999999949504854e-06,1192,1,0,1,0,1,0,1.0999999999999999,4159.118848449288,92.98381193964795,5954.194781607791,0,1193
1101.0,1.3,8.5,-2.4,3570.127,92.05486,-1.210399999999936,-0.0001999999999497959,0.0,-9.000000000014552e-05,-2.0000000006348273e-05,-1.4000000007285962e-05,1193,1,0,1,0,1,0,1.0999999999999999,4158.625555443887,92.98303392294807,5958.4789341791575,0,1194
1100.25,1.3,8.5,-2.4,3568.9165,92.05476,-1.2105000000001382,-0.00010000000020227162,9.999999974752427e-05,-0.00010000000000331966,-1.0000000003174137e-05,1.0000000003174137e-05,1194,1,0,1,0,1,0,1.0999999999999999,4158.132075062761,92.98225712468619,5962.761634150465,0,1195
1100.25,1.3,8.5,-2.4,3567.706,92.05466,-1.2104999999996835,4.547473508864641e-13,0.00010000000065701897,-0.00010000000000331966,0.0,1.0000000003174137e-05,1195,1,0,1,0,1,0,1.0999999999999999,4157.638407775919,92.98148154180602,5967.042881521716,0,1196
1101.25,1.3,8.5,-2.4,3566.4954,92.05454,-1.2106000000003405,-0.00010000000065701897,-0.00010000000111176632,-0.00011999999999545707,-1.9999999992137418e-05,-1.9999999992137418e-05,1196,1,0,1,0,1,0,1.0999999999999999,4157.1445539682545,92.98070715455304,5971.3226761729065,0,1197
1103.25,1.3,8.5,-2.4,3565.2847,92.05441,-1.2106999999996333,-9.999999929277692e-05,1.3642420526593924e-12,-0.0001299999999986312,-1.0000000003174137e-05,9.999999988963282e-06,1197,1,0,1,0,1,0,1.0999999999999999,4156.650514023372,92.97993395158598,5975.6010179840405,0,1198
1103.75,1.3,8.5,-2.4,3564.0737,92.054276,-1.21100000000024,-0.00030000000060681487,-0.00020000000131403795,-0.00013400000000274304,-4.0000000041118255e-06,5.999999999062311e-06,1198,1,0,1,0,1,0,1.0999999999999999,4156.156288156797,92.97916192660551,5979.877906595117,0,1199
1105.75,1.3,8.5,-2.4,3562.8628,92.05412,-1.2109000000000378,0.00010000000020227162,0.0004000000008090865,-0.0001560000000040418,-2.200000000129876e-05,-1.7999999997186933e-05,1199,1,0,1,0,1,0,1.0999999999999999,4155.661876916666,92.97839105833333,5984.153342126134,0,1200
1106.25,1.3,8.5,-2.4,3561.6519,92.053955,-1.2109000000000378,0.0,-0.00010000000020227162,-0.00016499999999552983,-8.999999991488039e-06,1.300000000981072e-05,1200,1,0,1,0,1,0,1.0999999999999999,4155.167280766028,92.97762133638635,5988.427324577093,0,1201
1106.25,1.3,8.5,-2.4,3560.4407,92.05379,-1.2111999999997352,-0.00029999999969732016,-0.00029999999969732016,-0.00016499999999552983,0.0,8.999999991488039e-06,1201,1,0,1,0,1,0,1.0999999999999999,4154.6724999168055,92.97685275790349,5992.699853587994,0,1202
1106.25,1.3,8.5,-2.4,3559.2292,92.0536,-1.2114999999998872,-0.0003000000001520675,-4.547473508864641e-13,-0.00019000000000346517,-2.500000000793534e-05,-2.500000000793534e-05,1202,1,0,1,0,1,0,1.0999999999999999,4154.177534580216,92.97608529925186,5996.970928798837,0,1203
1106.5,1.3,8.5,-2.4,3558.018,92.0534,-1.21120000000019,0.00029999999969732016,0.0005999999998493877,-0.0002000000000066393,-1.0000000003174137e-05,1.5000000004761205e-05,1203,1,0,1,0,1,0,1.0999999999999999,4153.682385465117,92.97531894933554,6001.2405505696215,0,1204
1107.75,1.3,8.5,-2.4,3556.8064,92.05319,-1.2116000000000895,-0.0003999999998995918,-0.000699999999596912,-0.0002099999999956026,-9.999999988963282e-06,1.4210854715202004e-14,1204,1,0,1,0,1,0,1.0999999999999999,4153.187052697095,92.97455369709544,6005.5087184203485,0,1205
1106.75,1.3,8.5,-2.4,3555.595,92.05297,-1.2114000000001397,0.0001999999999497959,0.0005999999998493877,-0.00021999999999877673,-1.0000000003174137e-05,-1.4210854715202004e-14,1205,1,0,1,0,1,0,1.0999999999999999,4152.691536898839,92.97378953150911,6009.775432591017,0,1206
1106.75,1.3,8.5,-2.4,3554.3833,92.052734,-1.211699999999837,-0.00029999999969732016,-0.0004999999996471161,-0.00023600000000101318,-1.6000000002236447e-05,-5.999999999062311e-06,1206,1,0,1,0,1,0,1.0999999999999999,4152.195838276719,92.97302643661972,6014.040692721627,0,1207
1105.25,1.3,8.5,-2.4,3553.1716,92.05249,-1.211699999999837,0.0,0.00029999999969732016,-0.00024399999999502597,-7.999999994012796e-06,8.000000008223651e-06,1207,1,0,1,0,1,0,1.0999999999999999,4151.699957284768,92.9722644031457,6018.30449881218,0,1208
1106.75,1.3,8.5,-2.4,3551.9597,92.05223,-1.2119000000002416,-0.00020000000040454324,-0.00020000000040454324,-0.0002600000000114733,-1.6000000016447302e-05,-8.000000022434506e-06,1208,1,0,1,0,1,0,1.0999999999999999,4151.203894210091,92.97150341521919,6022.566850622674,0,1209
1107.25,1.3,8.5,-2.4,3550.7478,92.05196,-1.2118999999997868,4.547473508864641e-13,0.0002000000008592906,-0.00027000000000043656,-9.999999988963282e-06,6.00000002748402e-06,1209,1,0,1,0,1,0,1.0999999999999999,4150.707649504133,92.97074346198347,6026.8277481531095,0,1210
1106.25,1.3,8.5,-2.4,3549.5356,92.05168,-1.2121999999999389,-0.0003000000001520675,-0.00030000000060681487,-0.00027999999998939984,-9.999999988963282e-06,0.0,1210,1,0,1,0,1,0,1.0999999999999999,4150.211223369117,92.96998453261767,6031.087191043488,0,1211
1107.75,1.3,8.5,-2.4,3548.3237,92.051384,-1.2119000000002416,0.00029999999969732016,0.0005999999998493877,-0.00029600000000584714,-1.6000000016447302e-05,-6.00000002748402e-06,1211,1,0,1,0,1,0,1.0999999999999999,4149.71461650165,92.96922661138613,6035.3451796538075,0,1212
1109.25,1.3,8.5,-2.4,3547.1116,92.05107,-1.2120999999997366,-0.00019999999949504854,-0.0004999999991923687,-0.0003140000000030341,-1.7999999997186933e-05,-1.9999999807396307e-06,1212,1,0,1,0,1,0,1.0999999999999999,4149.217829183842,92.9684696809563,6039.601713744069,0,1213
1109.25,1.3,8.5,-2.4,3545.8992,92.05075,-1.2124000000003434,-0.00030000000060681487,-0.00010000000111176632,-0.0003200000000020964,-5.999999999062311e-06,1.1999999998124622e-05,1213,1,0,1,0,1,0,1.0999999999999999,4148.720861614498,92.96771373393739,6043.856792954271,0,1214
1107.75,1.3,8.5,-2.4,3544.6868,92.050415,-1.2123999999998887,4.547473508864641e-13,0.0003000000010615622,-0.00033499999999264674,-1.499999999055035e-05,-8.999999991488039e-06,1214,1,0,1,0,1,0,1.0999999999999999,4148.223714238684,92.96695875555555,6048.110417284417,0,1215
1108.25,1.3,8.5,-2.4,3543.4744,92.05007,-1.2123999999998887,0.0,-4.547473508864641e-13,-0.00034499999999582087,-1.0000000003174137e-05,4.9999999873762135e-06,1215,1,0,1,0,1,0,1.0999999999999999,4147.7263875,92.96620473519737,6052.362586734504,0,1216
1109.25,1.3,8.5,-2.4,3542.262,92.04971,-1.2123999999998887,0.0,0.0,-0.0003600000000005821,-1.5000000004761205e-05,-5.000000001587068e-06,1216,1,0,1,0,1,0,1.0999999999999999,4147.228881840591,92.96545165817585,6056.613301304532,0,1217
1109.25,1.3,8.5,-2.4,3541.0493,92.04934,-1.2127000000000407,-0.0003000000001520675,-0.0003000000001520675,-0.0003700000000037562,-1.0000000003174137e-05,5.000000001587068e-06,1217,1,0,1,0,1,0,1.0999999999999999,4146.731197454844,92.96469951395731,6060.862560634502,0,1218
1110.25,1.3,8.5,-2.4,3539.8367,92.04895,-1.2126000000002932,9.999999974752427e-05,0.0003999999998995918,-0.00038999999999589363,-1.9999999992137418e-05,-9.999999988963282e-06,1218,1,0,1,0,1,0,1.0999999999999999,4146.233334864643,92.96394828383922,6065.110364844414,0,1219
1111.25,1.3,8.5,-2.4,3538.6238,92.048546,-1.2128999999999905,-0.00029999999969732016,-0.00039999999944484443,-0.0004040000000031796,-1.4000000007285962e-05,5.999999984851456e-06,1219,1,0,1,0,1,0,1.0999999999999999,4145.735294262296,92.96319795409836,6069.356713574269,0,1220
1111.25,1.3,8.5,-2.4,3537.411,92.048134,-1.2127999999997883,0.00010000000020227162,0.0003999999998995918,-0.0004119999999971924,-7.999999994012796e-06,6.000000013273166e-06,1220,1,0,1,0,1,0,1.0999999999999999,4145.237076167076,92.96244851597052,6073.601606944064,0,1221
1112.75,1.3,8.5,-2.4,3536.198,92.04771,-1.2130000000001928,-0.00020000000040454324,-0.00030000000060681487,-0.00042400000000952787,-1.2000000012335477e-05,-4.00000001832268e-06,1221,1,0,1,0,1,0,1.0999999999999999,4144.738680851064,92.96169995744681,6077.845044713802,0,1222
1112.25,1.3,8.5,-2.4,3534.985,92.047264,-1.212999999999738,4.547473508864641e-13,0.0002000000008592906,-0.00044599999999661577,-2.1999999987087904e-05,-9.999999974752427e-06,1222,1,0,1,0,1,0,1.0999999999999999,4144.240108748978,92.96095225838103,6082.087026883481,0,1223
1113.25,1.3,8.5,-2.4,3533.772,92.046814,-1.2130000000001928,-4.547473508864641e-13,-9.094947017729282e-13,-0.0004500000000007276,-4.0000000041118255e-06,1.7999999982976078e-05,1223,1,0,1,0,1,0,1.0999999999999999,4143.741360294118,92.96020541339868,6086.327553453102,0,1224
1113.25,1.3,8.5,-2.4,3532.559,92.04634,-1.212999999999738,4.547473508864641e-13,9.094947017729282e-13,-0.00047399999999697684,-2.3999999996249244e-05,-1.9999999992137418e-05,1224,1,0,1,0,1,0,1.0999999999999999,4143.242435918368,92.95945940081633,6090.566624422665,0,1225
1114.25,1.3,8.5,-2.4,3531.3457,92.04586,-1.2133000000003449,-0.00030000000060681487,-0.0003000000010615622,-0.00047999999999603915,-5.999999999062311e-06,1.7999999997186933e-05,1225,1,0,1,0,1,0,1.0999999999999999,4142.743335807504,92.95871421370309,6094.804239432169,0,1226
1113.75,1.3,8.5,-2.4,3530.1326,92.04536,-1.2130999999999403,0.00020000000040454324,0.0005000000010113581,-0.0005000000000023874,-2.0000000006348273e-05,-1.4000000007285962e-05,1226,1,0,1,0,1,0,1.0999999999999999,4142.244060554197,92.95796983374083,6099.040398721616,0,1227
1115.75,1.3,8.5,-2.4,3528.9192,92.044846,-1.2134000000000924,-0.0003000000001520675,-0.0005000000005566108,-0.0005139999999954625,-1.3999999993075107e-05,6.000000013273166e-06,1227,1,0,1,0,1,0,1.0999999999999999,4141.74461034202,92.957226247557,6103.275101931004,0,1228
1116.25,1.3,8.5,-2.4,3527.7058,92.04432,-1.2133999999996377,4.547473508864641e-13,0.00030000000060681487,-0.000526000000007798,-1.2000000012335477e-05,1.9999999807396307e-06,1228,1,0,1,0,1,0,1.0999999999999999,4141.244985598047,92.95648344344997,6107.508349060334,0,1229
1116.5,1.3,8.5,-2.4,3526.4924,92.04378,-1.2134000000000924,-4.547473508864641e-13,-9.094947017729282e-13,-0.0005400000000008731,-1.3999999993075107e-05,-1.9999999807396307e-06,1229,1,0,1,0,1,0,1.0999999999999999,4140.745186747968,92.95574140813008,6111.740140109606,0,1230
1116.5,1.3,8.5,-2.4,3525.2788,92.04322,-1.2136000000000422,-0.0001999999999497959,-0.00019999999949504854,-0.0005599999999930105,-1.9999999992137418e-05,-5.999999999062311e-06,1230,1,0,1,0,1,0,1.0999999999999999,4140.245214053615,92.95500012347685,6115.9704748388185,0,1231
1118.25,1.3,8.5,-2.4,3524.0654,92.04265,-1.2134000000000924,0.0001999999999497959,0.0003999999998995918,-0.0005700000000103955,-1.0000000017384991e-05,9.999999974752427e-06,1231,1,0,1,0,1,0,1.0999999999999999,4139.745068100649,92.95425957954546,6120.199353487974,0,1232
1118.75,1.3,8.5,-2.4,3522.8518,92.04207,-1.2136000000000422,-0.0001999999999497959,-0.0003999999998995918,-0.0005799999999993588,-9.999999988963282e-06,2.842170943040401e-14,1232,1,0,1,0,1,0,1.0999999999999999,4139.244749148419,92.95351976642336,6124.426775817071,0,1233
1119.0,1.3,8.5,-2.4,3521.638,92.041466,-1.213799999999992,-0.0001999999999497959,0.0,-0.000603999999995608,-2.3999999996249244e-05,-1.4000000007285962e-05,1233,1,0,1,0,1,0,1.0999999999999999,4138.74425745543,92.95278066288492,6128.652741586109,0,1234
1119.25,1.3,8.5,-2.4,3520.4243,92.04085,-1.2136999999997897,0.00010000000020227162,0.0003000000001520675,-0.0006159999999937327,-1.1999999998124622e-05,1.1999999998124622e-05,1234,1,0,1,0,1,0,1.0999999999999999,4138.2435935222675,92.95204225748988,6132.87725091509,0,1235
1117.75,1.3,8.5,-2.4,3519.2104,92.04022,-1.2139000000001943,-0.00020000000040454324,-0.00030000000060681487,-0.0006300000000010186,-1.4000000007285962e-05,-2.00000000916134e-06,1235,1,0,1,0,1,0,1.0999999999999999,4137.742757605178,92.95130453721683,6137.100303564012,0,1236
1117.75,1.3,8.5,-2.4,3517.9966,92.03957,-1.213799999999992,0.00010000000020227162,0.00030000000060681487,-0.0006500000000073669,-2.0000000006348273e-05,-5.999999999062311e-06,1236,1,0,1,0,1,0,1.0999999999999999,4137.241750202102,92.95056748423606,6141.321899652876,0,1237
1119.25,1.3,8.5,-2.4,3516.7827,92.03891,-1.2138999999997395,-9.999999974752427e-05,-0.0001999999999497959,-0.0006599999999963302,-9.999999988963282e-06,1.0000000017384991e-05,1237,1,0,1,0,1,0,1.0999999999999999,4136.74057164782,92.94983108885299,6145.542039061682,0,1238
1118.25,1.3,8.5,-2.4,3515.5688,92.03823,-1.2139000000001943,-4.547473508864641e-13,9.999999929277692e-05,-0.0006800000000026785,-2.0000000006348273e-05,-1.0000000017384991e-05,1238,1,0,1,0,1,0,1.0999999999999999,4136.239222356739,92.94909533333333,6149.760721790429,0,1239
1118.0,1.3,8.5,-2.4,3514.355,92.037544,-1.213799999999992,0.00010000000020227162,0.00010000000065701897,-0.0006860000000017408,-5.999999999062311e-06,1.4000000007285962e-05,1239,1,0,1,0,1,0,1.0999999999999999,4135.737702822581,92.94836021129032,6153.977947959118,0,1240
1118.0,1.3,8.5,-2.4,3513.1409,92.036835,-1.214100000000144,-0.0003000000001520675,-0.00040000000035433914,-0.0007090000000005148,-2.2999999998774e-05,-1.699999999971169e-05,1240,1,0,1,0,1,0,1.0999999999999999,4135.236013215149,92.94762570265914,6158.193717207749,0,1241
1117.75,1.3,8.5,-2.4,3511.9268,92.03611,-1.2140999999996893,4.547473508864641e-13,0.00030000000060681487,-0.0007250000000027512,-1.6000000002236447e-05,6.999999996537554e-06,1241,1,0,1,0,1,0,1.0999999999999999,4134.734153945249,92.94689179307568,6162.408029536321,0,1242
1116.75,1.3,8.5,-2.4,3510.7126,92.03537,-1.2142000000003463,-0.00010000000065701897,-0.00010000000111176632,-0.0007399999999933016,-1.499999999055035e-05,1.0000000116860974e-06,1242,1,0,1,0,1,0,1.0999999999999999,4134.232125341915,92.94615846902654,6166.620884824835,0,1243
1116.25,1.3,8.5,-2.4,3509.4985,92.034615,-1.2140999999996893,0.00010000000065701897,0.00020000000131403795,-0.0007549999999980628,-1.5000000004761205e-05,-1.4210854715202004e-14,1243,1,0,1,0,1,0,1.0999999999999999,4133.729927893891,92.9454257170418,6170.832283193291,0,1244
1116.75,1.3,8.5,-2.4,3508.2842,92.03384,-1.2143000000000939,-0.00020000000040454324,-0.0003000000010615622,-0.000775000000004411,-2.0000000006348273e-05,-5.000000001587068e-06,1244,1,0,1,0,1,0,1.0999999999999999,4133.22756184739,92.94469351967871,6175.042224401689,0,1245
1116.25,1.3,8.5,-2.4,3507.07,92.03305,-1.2141999999998916,0.00010000000020227162,0.00030000000060681487,-0.0007899999999949614,-1.499999999055035e-05,5.000000015797923e-06,1245,1,0,1,0,1,0,1.0999999999999999,4132.725027688603,92.9439618635634,6179.250708570028,0,1246
1116.75,1.3,8.5,-2.4,3505.8557,92.03224,-1.2143000000000939,-0.00010000000020227162,-0.00020000000040454324,-0.0008100000000013097,-2.0000000006348273e-05,-5.000000015797923e-06,1246,1,0,1,0,1,0,1.0999999999999999,4132.22232574178,92.94323073135524,6183.457735578309,0,1247
1115.75,1.3,8.5,-2.4,3504.6414,92.031425,-1.2143000000000939,0.0,0.00010000000020227162,-0.0008150000000028967,-5.000000001587068e-06,1.5000000004761205e-05,1247,1,0,1,0,1,0,1.0999999999999999,4131.7194564102565,92.94250011778847,6187.663305426532,0,1248
1115.75,1.3,8.5,-2.4,3503.427,92.03059,-1.2143999999998414,-9.999999974752427e-05,-9.999999974752427e-05,-0.0008349999999950342,-1.9999999992137418e-05,-1.499999999055035e-05,1248,1,0,1,0,1,0,1.0999999999999999,4131.216420016013,92.94177000560448,6191.867417994697,0,1249
1114.75,1.3,8.5,-2.4,3502.2126,92.02973,-1.2144000000002961,-4.547473508864641e-13,9.999999929277692e-05,-0.0008600000000029695,-2.500000000793534e-05,-5.000000015797923e-06,1249,1,0,1,0,1,0,1.0999999999999999,4130.71321696,92.94104037359999,6196.070073282803,0,1250
1113.75,1.3,8.5,-2.4,3500.9983,92.028854,-1.2142999999996391,0.00010000000065701897,0.00010000000111176632,-0.000876000000005206,-1.6000000002236447e-05,9.000000005698894e-06,1250,1,0,1,0,1,0,1.0999999999999999,4130.209847721823,92.94031120783373,6200.271271410851,0,1251
1113.5,1.3,8.5,-2.4,3499.7837,92.02797,-1.214600000000246,-0.00030000000060681487,-0.00040000000126383384,-0.0008839999999992187,-7.999999994012796e-06,8.000000008223651e-06,1251,1,0,1,0,1,0,1.0999999999999999,4129.706312460064,92.93958250079872,6204.47101201884,0,1252
1111.25,1.3,8.5,-2.4,3498.569,92.02706,-1.2146999999999935,-9.999999974752427e-05,0.0002000000008592906,-0.0009099999999904185,-2.599999999119973e-05,-1.7999999997186933e-05,1252,1,0,1,0,1,0,1.0999999999999999,4129.202611492418,92.93885423064646,6208.669294986772,0,1253
1111.0,1.3,8.5,-2.4,3497.3547,92.02614,-1.2143000000000939,0.0003999999998995918,0.0004999999996471161,-0.0009200000000078035,-1.0000000017384991e-05,1.5999999973814738e-05,1253,1,0,1,0,1,0,1.0999999999999999,4128.6987455342905,92.93812638835726,6212.866120794645,0,1254
1113.75,1.3,8.5,-2.4,3496.1401,92.0252,-1.2145999999997912,-0.00029999999969732016,-0.000699999999596912,-0.0009399999999999409,-1.9999999992137418e-05,-9.999999974752427e-06,1254,1,0,1,0,1,0,1.0999999999999999,4128.194714741036,92.93739895697212,6217.06148908246,0,1255
1113.75,1.3,8.5,-2.4,3494.9255,92.02424,-1.214600000000246,-4.547473508864641e-13,0.0002999999992425728,-0.0009599999999920783,-1.9999999992137418e-05,0.0,1255,1,0,1,0,1,0,1.0999999999999999,4127.69051950637,92.93667191958599,6221.255399850216,0,1256
1112.75,1.3,8.5,-2.4,3493.711,92.02327,-1.2145000000000437,0.00010000000020227162,0.00010000000065701897,-0.0009700000000094633,-1.0000000017384991e-05,9.999999974752427e-06,1256,1,0,1,0,1,0,1.0999999999999999,4127.186160302307,92.9359452673031,6225.447853217914,0,1257
1111.75,1.3,8.5,-2.4,3492.4963,92.02228,-1.2146999999999935,-0.0001999999999497959,-0.0003000000001520675,-0.0009900000000016007,-1.9999999992137418e-05,-9.999999974752427e-06,1257,1,0,1,0,1,0,1.0999999999999999,4126.681637360891,92.93521898330684,6229.638848945554,0,1258
1111.75,1.3,8.5,-2.4,3491.2817,92.02126,-1.2145999999997912,0.00010000000020227162,0.0003000000001520675,-0.0010199999999969123,-2.9999999995311555e-05,-1.0000000003174137e-05,1258,1,0,1,0,1,0,1.0999999999999999,4126.176951151708,92.93449304289118,6233.828387153136,0,1259
1112.0,1.3,8.5,-2.4,3490.067,92.02023,-1.2146999999999935,-0.00010000000020227162,-0.00020000000040454324,-0.0010300000000000864,-1.0000000003174137e-05,1.9999999992137418e-05,1259,1,0,1,0,1,0,1.0999999999999999,4125.672101984127,92.93376743730158,6238.0164677206585,0,1260
1110.25,1.3,8.5,-2.4,3488.8523,92.01919,-1.2146999999999935,0.0,0.00010000000020227162,-0.0010400000000032605,-1.0000000003174137e-05,0.0,1260,1,0,1,0,1,0,1.0999999999999999,4125.167090245836,92.93304215781126,6242.203090648123,0,1261
1107.75,1.3,8.5,-2.4,3487.6377,92.01813,-1.2145999999997912,0.00010000000020227162,0.00010000000020227162,-0.001059999999995398,-1.9999999992137418e-05,-9.999999988963282e-06,1261,1,0,1,0,1,0,1.0999999999999999,4124.661916402535,92.93231718779715,6246.38825605553,0,1262
1107.25,1.3,8.5,-2.4,3486.4229,92.017044,-1.2148000000001957,-0.00020000000040454324,-0.00030000000060681487,-0.0010860000000008085,-2.6000000005410584e-05,-6.000000013273166e-06,1262,1,0,1,0,1,0,1.0999999999999999,4124.1565806809185,92.93159250593824,6250.571963702879,0,1263
1106.25,1.3,8.5,-2.4,3485.2083,92.015945,-1.214600000000246,0.0001999999999497959,0.00040000000035433914,-0.0010989999999964084,-1.2999999995599865e-05,1.300000000981072e-05,1263,1,0,1,0,1,0,1.0999999999999999,4123.651083623418,92.93086810126583,6254.754213830169,0,1264
1107.25,1.3,8.5,-2.4,3483.9934,92.014824,-1.2148999999999432,-0.00029999999969732016,-0.0004999999996471161,-0.0011209999999977072,-2.200000000129876e-05,-9.000000005698894e-06,1264,1,0,1,0,1,0,1.0999999999999999,4123.145425375495,92.93014395573122,6258.9350060774,0,1265
1107.0,1.3,8.5,-2.4,3482.7786,92.01369,-1.214799999999741,0.00010000000020227162,0.0003999999998995918,-0.0011340000000075179,-1.300000000981072e-05,8.999999991488039e-06,1265,1,0,1,0,1,0,1.0999999999999999,4122.639606398105,92.92942005845181,6263.1143405645735,0,1266
1105.25,1.3,8.5,-2.4,3481.564,92.012535,-1.214600000000246,0.00019999999949504854,9.999999929277692e-05,-0.0011549999999971305,-2.099999998961266e-05,-7.999999979801942e-06,1266,1,0,1,0,1,0,1.0999999999999999,4122.133627229677,92.9286963922652,6267.292217531689,0,1267
1105.75,1.3,8.5,-2.4,3480.349,92.01136,-1.2149999999996908,-0.00039999999944484443,-0.000599999998939893,-0.0011750000000034788,-2.0000000006348273e-05,9.99999983264388e-07,1267,1,0,1,0,1,0,1.0999999999999999,4121.627487933753,92.92797294085173,6271.468636498746,0,1268
1105.75,1.3,8.5,-2.4,3479.1343,92.01016,-1.2146999999999935,0.00029999999969732016,0.0006999999991421646,-0.0011999999999972033,-2.4999999993724487e-05,-4.9999999873762135e-06,1268,1,0,1,0,1,0,1.0999999999999999,4121.121189125295,92.92724968400314,6275.643597825744,0,1269
1105.5,1.3,8.5,-2.4,3477.9194,92.00896,-1.2148999999999432,-0.0001999999999497959,-0.0004999999996471161,-0.0011999999999972033,0.0,2.4999999993724487e-05,1269,1,0,1,0,1,0,1.0999999999999999,4120.614731023622,92.92652662125984,6279.817101272684,0,1270
1105.25,1.3,8.5,-2.4,3476.7046,92.00772,-1.2148000000001957,9.999999974752427e-05,0.00029999999969732016,-0.001239999999995689,-3.999999999848569e-05,-3.999999999848569e-05,1270,1,0,1,0,1,0,1.0999999999999999,4120.1081140833985,92.92580372069236,6283.989146959566,0,1271
1104.25,1.3,8.5,-2.4,3475.4897,92.00647,-1.2148999999999432,-9.999999974752427e-05,-0.00019999999949504854,-0.001250000000013074,-1.0000000017384991e-05,2.99999999811007e-05,1271,1,0,1,0,1,0,1.0999999999999999,4119.601338600629,92.9250809740566,6288.159734766389,0,1272
1105.25,1.3,8.5,-2.4,3474.2751,92.0052,-1.214600000000246,0.00029999999969732016,0.00039999999944484443,-0.0012699999999910005,-1.9999999977926564e-05,-9.999999960541572e-06,1272,1,0,1,0,1,0,1.0999999999999999,4119.094405184603,92.92435836527886,6292.328865053155,0,1273
1106.25,1.3,8.5,-2.4,3473.0603,92.003914,-1.214799999999741,-0.00019999999949504854,-0.0004999999991923687,-0.0012860000000074479,-1.6000000016447302e-05,3.999999961479261e-06,1273,1,0,1,0,1,0,1.0999999999999999,4118.587314050235,92.92363588147566,6296.496537579861,0,1274
1107.25,1.3,8.5,-2.4,3471.8455,92.00261,-1.2148000000001957,-4.547473508864641e-13,0.0001999999990403012,-0.001303999999990424,-1.7999999982976078e-05,-1.999999966528776e-06,1274,1,0,1,0,1,0,1.0999999999999999,4118.080065568627,92.9229135082353,6300.66275234651,0,1275
1107.25,1.3,8.5,-2.4,3470.6306,92.00128,-1.2148999999999432,-9.999999974752427e-05,-9.999999929277692e-05,-0.0013300000000100454,-2.600000001962144e-05,-8.00000003664536e-06,1275,1,0,1,0,1,0,1.0999999999999999,4117.572660031348,92.92219122492162,6304.8275092331005,0,1276
1109.25,1.3,8.5,-2.4,3469.4158,91.99993,-1.214799999999741,0.00010000000020227162,0.0001999999999497959,-0.001349999999987972,-1.9999999977926564e-05,6.000000041694875e-06,1276,1,0,1,0,1,0,1.0999999999999999,4117.065097885669,92.92146901566171,6308.990808359632,0,1277
1107.25,1.3,8.5,-2.4,3468.201,91.998566,-1.2148000000001957,-4.547473508864641e-13,-0.00010000000065701897,-0.0013640000000094687,-1.4000000021496817e-05,5.999999956429747e-06,1277,1,0,1,0,1,0,1.0999999999999999,4116.557379499218,92.92074686932708,6313.152649726106,0,1278
1107.25,1.3,8.5,-2.4,3466.986,91.997185,-1.2150000000001455,-0.0001999999999497959,-0.00019999999949504854,-0.0013809999999949696,-1.6999999985500835e-05,-2.9999999640040187e-06,1278,1,0,1,0,1,0,1.0999999999999999,4116.0495050820955,92.9200247724785,6317.313033092521,0,1279
1106.25,1.3,8.5,-2.4,3465.7715,91.99577,-1.2145000000000437,0.0005000000001018634,0.0007000000000516593,-0.0014150000000086038,-3.4000000013634235e-05,-1.70000000281334e-05,1279,1,0,1,0,1,0,1.0999999999999999,4115.541475390624,92.9193026984375,6321.471959058878,0,1280
1107.25,1.3,8.5,-2.4,3464.5566,91.99435,-1.2148999999999432,-0.0003999999998995918,-0.0009000000000014552,-0.00141999999999598,-4.9999999873762135e-06,2.900000002625802e-05,1280,1,0,1,0,1,0,1.0999999999999999,4115.033290476191,92.91858064324747,6325.629427145177,0,1281
1107.25,1.3,8.5,-2.4,3463.3418,91.992905,-1.214799999999741,0.00010000000020227162,0.0005000000001018634,-0.0014450000000039154,-2.500000000793534e-05,-2.0000000020559128e-05,1281,1,0,1,0,1,0,1.0999999999999999,4114.524950780031,92.9178585873635,6329.785437471417,0,1282
1107.75,1.3,8.5,-2.4,3462.127,91.99143,-1.2148000000001957,-4.547473508864641e-13,-0.00010000000065701897,-0.001474999999999227,-2.9999999995311555e-05,-4.9999999873762135e-06,1282,1,0,1,0,1,0,1.0999999999999999,4114.016456664069,92.91713650740452,6333.939990037599,0,1283
1108.75,1.3,8.5,-2.4,3460.9124,91.98995,-1.2145999999997912,0.00020000000040454324,0.0002000000008592906,-0.001480000000000814,-5.000000001587068e-06,2.4999999993724487e-05,1283,1,0,1,0,1,0,1.0999999999999999,4113.50780864486,92.91641439953271,6338.093085083723,0,1284
1108.25,1.3,8.5,-2.4,3459.6975,91.98844,-1.2148999999999432,-0.0003000000001520675,-0.0005000000005566108,-0.0015099999999961256,-2.9999999995311555e-05,-2.4999999993724487e-05,1284,1,0,1,0,1,0,1.0999999999999999,4112.999006848248,92.91569224046692,6342.2447222497885,0,1285
1108.0,1.3,8.5,-2.4,3458.483,91.986916,-1.2145000000000437,0.0003999999998995918,0.0007000000000516593,-0.0015240000000034115,-1.4000000007285962e-05,1.5999999988025593e-05,1285,1,0,1,0,1,0,1.0999999999999999,4112.4900519440125,92.91497001944012,6346.394902015796,0,1286
1108.25,1.3,8.5,-2.4,3457.268,91.98537,-1.2150000000001455,-0.0005000000001018634,-0.0009000000000014552,-0.0015459999999904994,-2.1999999987087904e-05,-7.999999979801942e-06,1286,1,0,1,0,1,0,1.0999999999999999,4111.980943900544,92.91424771950273,6350.543623781745,0,1287
1108.25,1.3,8.5,-2.4,3456.0535,91.983795,-1.2145000000000437,0.0005000000001018634,0.0010000000002037268,-0.0015750000000025466,-2.9000000012047167e-05,-7.000000024959263e-06,1287,1,0,1,0,1,0,1.0999999999999999,4111.471683462733,92.91352531832298,6354.690888147636,0,1288
1110.25,1.3,8.5,-2.4,3454.8389,91.9822,-1.2145999999997912,-9.999999974752427e-05,-0.0005999999998493877,-0.001594999999994684,-1.9999999992137418e-05,9.000000019909749e-06,1288,1,0,1,0,1,0,1.0999999999999999,4110.96227090768,92.91280280062064,6358.836694993468,0,1289
1111.25,1.3,8.5,-2.4,3453.624,91.98059,-1.214900000000398,-0.00030000000060681487,-0.0002000000008592906,-0.0016099999999994452,-1.5000000004761205e-05,4.9999999873762135e-06,1289,1,0,1,0,1,0,1.0999999999999999,4110.452706356589,92.91208015503877,6362.981043959242,0,1290
1111.25,1.3,8.5,-2.4,3452.4094,91.97896,-1.2145999999997912,0.00030000000060681487,0.0006000000012136297,-0.0016300000000057935,-2.0000000006348273e-05,-5.000000001587068e-06,1290,1,0,1,0,1,0,1.0999999999999999,4109.942990395043,92.91135736638265,6367.123935404958,0,1291
1110.75,1.3,8.5,-2.4,3451.1948,91.9773,-1.2145999999997912,0.0,-0.00030000000060681487,-0.001660000000001105,-2.9999999995311555e-05,-9.999999988963282e-06,1291,1,0,1,0,1,0,1.0999999999999999,4109.433123374613,92.9106344117647,6371.265369330615,0,1292
1112.25,1.3,8.5,-2.4,3449.9802,91.97563,-1.214600000000246,-4.547473508864641e-13,-4.547473508864641e-13,-0.0016700000000042792,-1.0000000003174137e-05,1.9999999992137418e-05,1292,1,0,1,0,1,0,1.0999999999999999,4108.923105645785,92.90991128383604,6375.405345736213,0,1293
1112.0,1.3,8.5,-2.4,3448.7656,91.97393,-1.2145999999997912,4.547473508864641e-13,9.094947017729282e-13,-0.0016999999999995907,-2.9999999995311555e-05,-1.9999999992137418e-05,1293,1,0,1,0,1,0,1.0999999999999999,4108.41293755796,92.90918795981453,6379.543864621754,0,1294
1111.25,1.3,8.5,-2.4,3447.5513,91.97221,-1.2143000000000939,0.00029999999969732016,0.0002999999992425728,-0.0017199999999917281,-1.9999999992137418e-05,1.0000000003174137e-05,1294,1,0,1,0,1,0,1.0999999999999999,4107.90261969112,92.90846442471042,6383.680926347237,0,1295
1113.25,1.3,8.5,-2.4,3446.3367,91.970474,-1.214600000000246,-0.0003000000001520675,-0.0005999999998493877,-0.0017360000000081754,-1.6000000016447302e-05,3.999999975690116e-06,1295,1,0,1,0,1,0,1.0999999999999999,4107.392152160493,92.90774066666667,6387.816530552661,0,1296
1114.25,1.3,8.5,-2.4,3445.1223,91.96871,-1.2143999999998414,0.00020000000040454324,0.0005000000005566108,-0.0017639999999943257,-2.7999999986150215e-05,-1.1999999969702912e-05,1296,1,0,1,0,1,0,1.0999999999999999,4106.881535466461,92.90701666461064,6391.950677478027,0,1297
1113.25,1.3,8.5,-2.4,3443.9077,91.966934,-1.2145999999997912,-0.0001999999999497959,-0.00040000000035433914,-0.0017760000000066611,-1.2000000012335477e-05,1.5999999973814738e-05,1297,1,0,1,0,1,0,1.0999999999999999,4106.370769799692,92.90629240986132,6396.083366883335,0,1298
1113.75,1.3,8.5,-2.4,3442.6934,91.965126,-1.2143000000000939,0.00029999999969732016,0.0004999999996471161,-0.0018079999999969232,-3.199999999026204e-05,-1.9999999977926564e-05,1298,1,0,1,0,1,0,1.0999999999999999,4105.859855735182,92.90556787836798,6400.214599128584,0,1299
1114.75,1.3,8.5,-2.4,3441.479,91.963295,-1.2144000000002961,-0.00010000000020227162,-0.0003999999998995918,-0.0018309999999956972,-2.2999999998774e-05,8.999999991488039e-06,1299,1,0,1,0,1,0,1.0999999999999999,4105.348793538461,92.90484305307692,6404.344374093775,0,1300
1115.75,1.3,8.5,-2.4,3440.2646,91.96145,-1.2143999999998414,4.547473508864641e-13,0.00010000000065701897,-0.0018450000000029831,-1.4000000007285962e-05,8.999999991488039e-06,1300,1,0,1,0,1,0,1.0999999999999999,4104.837583551114,92.90411792390469,6408.472691778908,0,1301
1117.25,1.3,8.5,-2.4,3439.0505,91.95958,-1.214100000000144,0.00029999999969732016,0.0002999999992425728,-0.0018699999999967076,-2.4999999993724487e-05,-1.0999999986438525e-05,1301,1,0,1,0,1,0,1.0999999999999999,4104.326226344086,92.90339247235023,6412.599552543982,0,1302
1117.25,1.3,8.5,-2.4,3437.8362,91.95768,-1.2142999999996391,-0.00019999999949504854,-0.0004999999991923687,-0.00190000000000623,-3.000000000952241e-05,-5.000000015797923e-06,1302,1,0,1,0,1,0,1.0999999999999999,4103.814722102839,92.902666676132,6416.724956148998,0,1303
1118.75,1.3,8.5,-2.4,3436.622,91.955765,-1.2142000000003463,9.999999929277692e-05,0.00029999999878782546,-0.0019149999999967804,-1.499999999055035e-05,1.500000001897206e-05,1303,1,0,1,0,1,0,1.0999999999999999,4103.3030712423315,92.90194052453987,6420.848902713956,0,1304
1118.5,1.3,8.5,-2.4,3435.4077,91.95383,-1.2142999999996391,-9.999999929277692e-05,-0.00019999999858555384,-0.0019350000000031287,-2.0000000006348273e-05,-5.000000015797923e-06,1304,1,0,1,0,1,0,1.0999999999999999,4102.791274022989,92.90121400306514,6424.971392118856,0,1305
1118.75,1.3,8.5,-2.4,3434.1936,91.951866,-1.214100000000144,0.00019999999949504854,0.00029999999878782546,-0.001964000000000965,-2.8999999997836312e-05,-8.999999991488039e-06,1305,1,0,1,0,1,0,1.0999999999999999,4102.2793309341505,92.90048709035221,6429.092424603697,0,1306
1118.75,1.3,8.5,-2.4,3432.9795,91.949875,-1.214100000000144,0.0,-0.00019999999949504854,-0.00199099999998964,-2.6999999988674972e-05,2.00000000916134e-06,1306,1,0,1,0,1,0,1.0999999999999999,4101.767242310635,92.89975976664117,6433.21200016848,0,1307
1118.25,1.3,8.5,-2.4,3431.7656,91.94787,-1.2138999999997395,0.00020000000040454324,0.00020000000040454324,-0.0020050000000111368,-1.4000000021496817e-05,1.2999999967178155e-05,1307,1,0,1,0,1,0,1.0999999999999999,4101.255008639144,92.89903202217126,6437.330119053205,0,1308
1118.5,1.3,8.5,-2.4,3430.5515,91.94584,-1.214100000000144,-0.00020000000040454324,-0.0004000000008090865,-0.0020299999999906504,-2.4999999979513632e-05,-1.0999999958016815e-05,1308,1,0,1,0,1,0,1.0999999999999999,4100.742630099313,92.89830383880826,6441.446781017871,0,1309
1119.25,1.3,8.5,-2.4,3429.3376,91.94379,-1.2139000000001943,0.0001999999999497959,0.00040000000035433914,-0.0020499999999969987,-2.0000000006348273e-05,4.999999973165359e-06,1309,1,0,1,0,1,0,1.0999999999999999,4100.230107175572,92.89757520229007,6445.561986302479,0,1310
1119.5,1.3,8.5,-2.4,3428.1238,91.9417,-1.213799999999992,0.00010000000020227162,-9.999999974752427e-05,-0.002090000000009695,-4.0000000012696546e-05,-2.0000000006348273e-05,1310,1,0,1,0,1,0,1.0999999999999999,4099.7174402745995,92.89684608314265,6449.675735027029,0,1311
1118.75,1.3,8.5,-2.4,3426.91,91.939606,-1.213799999999992,0.0,-0.00010000000020227162,-0.002093999999999596,-3.999999989900971e-06,3.6000000022795575e-05,1311,1,0,1,0,1,0,1.0999999999999999,4099.20462972561,92.89611647942074,6453.788027191521,0,1312
1119.0,1.3,8.5,-2.4,3425.696,91.937485,-1.2139999999999418,-0.0001999999999497959,-0.0001999999999497959,-0.002121000000002482,-2.7000000002885827e-05,-2.3000000012984856e-05,1312,1,0,1,0,1,0,1.0999999999999999,4098.691675704493,92.89538637166793,6457.898862555954,0,1313
1119.75,1.3,8.5,-2.4,3424.4824,91.93533,-1.2136000000000422,0.0003999999998995918,0.0005999999998493877,-0.0021550000000019054,-3.399999999942338e-05,-6.999999996537554e-06,1313,1,0,1,0,1,0,1.0999999999999999,4098.178578843226,92.89465573515982,6462.00824160033,0,1314
1119.75,1.3,8.5,-2.4,3423.2686,91.93316,-1.213799999999992,-0.0001999999999497959,-0.0005999999998493877,-0.0021699999999924557,-1.499999999055035e-05,1.900000000887303e-05,1314,1,0,1,0,1,0,1.0999999999999999,4097.665339315589,92.89392455969582,6466.116164084647,0,1315
1119.75,1.3,8.5,-2.4,3422.055,91.93097,-1.2136000000000422,0.0001999999999497959,0.0003999999998995918,-0.002189999999998804,-2.0000000006348273e-05,-5.000000015797923e-06,1315,1,0,1,0,1,0,1.0999999999999999,4097.151957598784,92.89319283130699,6470.222630248905,0,1316
1120.0,1.3,8.5,-2.6,3420.8416,91.92875,-1.2133999999996377,0.00020000000040454324,4.547473508864641e-13,-0.0022200000000083264,-3.000000000952241e-05,-1.0000000003174137e-05,1316,1,0,1,0,1,0,1.3,4096.638434168565,92.8924605284738,6474.327640333106,0,1317
1118.75,1.3,8.5,-2.6,3419.628,91.926506,-1.2136000000000422,-0.00020000000040454324,-0.0004000000008090865,-0.002243999999990365,-2.399999998203839e-05,6.00000002748402e-06,1317,1,0,1,0,1,0,1.3,4096.1247691957515,92.89172763429438,6478.4311940972475,0,1318
1119.0,1.3,8.5,-2.6,3418.4146,91.92423,-1.2134000000000924,0.0001999999999497959,0.00040000000035433914,-0.0022760000000090486,-3.200000001868375e-05,-8.00000003664536e-06,1318,1,0,1,0,1,0,1.3,4095.6109631539043,92.89099412585293,6482.533291781331,0,1319
1119.25,1.3,8.5,-2.6,3417.2012,91.92194,-1.2134000000000924,0.0,-0.0001999999999497959,-0.002289999999987913,-1.3999999978864253e-05,1.8000000039819497e-05,1319,1,0,1,0,1,0,1.3,4095.097016363636,92.8902599939394,6486.6339333853575,0,1320
1119.5,1.3,8.5,-2.6,3415.9878,91.91963,-1.2134000000000924,0.0,0.0,-0.002310000000008472,-2.0000000020559128e-05,-6.000000041694875e-06,1320,1,0,1,0,1,0,1.3,4094.5829291445875,92.88952522482967,6490.733118909325,0,1321
1121.25,1.3,8.5,-2.6,3414.7747,91.91729,-1.2130999999999403,0.0003000000001520675,0.0003000000001520675,-0.0023400000000037835,-2.9999999995311555e-05,-9.999999974752427e-06,1321,1,0,1,0,1,0,1.3,4094.0687020423597,92.88878979727686,6494.8308487132335,0,1322
1121.25,1.3,8.5,-2.6,3413.5613,91.914925,-1.2134000000000924,-0.0003000000001520675,-0.000600000000304135,-0.002364999999997508,-2.4999999993724487e-05,5.000000001587068e-06,1322,1,0,1,0,1,0,1.3,4093.5543351473925,92.88805369387755,6498.927122437085,0,1323
1119.75,1.3,8.5,-2.6,3412.3481,91.91253,-1.2131999999996879,0.00020000000040454324,0.0005000000005566108,-0.0023949999999928195,-2.9999999995311555e-05,-5.000000001587068e-06,1323,1,0,1,0,1,0,1.3,4093.0398289274926,92.88731689350453,6503.021940320878,0,1324
1119.75,1.3,8.5,-2.6,3411.1353,91.91012,-1.212800000000243,0.00039999999944484443,0.0001999999990403012,-0.0024099999999975807,-1.5000000004761205e-05,1.499999999055035e-05,1324,1,0,1,0,1,0,1.3,4092.525184,92.8865793864151,6507.115302844612,0,1325
1118.75,1.3,8.5,-2.6,3409.922,91.90768,-1.2132999999998901,-0.0004999999996471161,-0.0008999999990919605,-0.002440000000007103,-3.000000000952241e-05,-1.5000000004761205e-05,1325,1,0,1,0,1,0,1.3,4092.010400301659,92.8858411515837,6511.207209408289,0,1326
1117.75,1.3,8.5,-2.6,3408.7092,91.90521,-1.212800000000243,0.0004999999996471161,0.0009999999992942321,-0.0024700000000024147,-2.9999999995311555e-05,1.4210854715202004e-14,1326,1,0,1,0,1,0,1.3,4091.4954785229843,92.88510216804822,6515.297660611906,0,1327
1117.25,1.3,8.5,-2.6,3407.4966,91.902725,-1.2125999999998385,0.00020000000040454324,-0.0002999999992425728,-0.002484999999992965,-1.499999999055035e-05,1.5000000004761205e-05,1327,1,0,1,0,1,0,1.3,4090.980419126506,92.88436242620482,6519.386656695467,0,1328
1116.25,1.3,8.5,-2.6,3406.2837,91.90021,-1.2128999999999905,-0.0003000000001520675,-0.0005000000005566108,-0.0025150000000024875,-3.000000000952241e-05,-1.500000001897206e-05,1328,1,0,1,0,1,0,1.3,4090.4652221971405,92.88362190519187,6523.474197298968,0,1329
1116.25,1.3,8.5,-2.6,3405.071,91.89767,-1.2127000000000407,0.0001999999999497959,0.0005000000001018634,-0.002539999999996212,-2.4999999993724487e-05,5.000000015797923e-06,1329,1,0,1,0,1,0,1.3,4089.9498881954887,92.88288058796992,6527.560282662411,0,1330
1115.75,1.3,8.5,-2.6,3403.8584,91.8951,-1.2125999999998385,0.00010000000020227162,-9.999999974752427e-05,-0.0025700000000057344,-3.000000000952241e-05,-5.000000015797923e-06,1330,1,0,1,0,1,0,1.3,4089.4344175056344,92.88213845379414,6531.644912905796,0,1331
1116.75,1.3,8.5,-2.6,3402.646,91.89252,-1.2123999999998887,0.0001999999999497959,9.999999974752427e-05,-0.0025799999999946976,-9.999999988963282e-06,2.0000000020559128e-05,1331,1,0,1,0,1,0,1.3,4088.9188105855856,92.881395496997,6535.728088269124,0,1332
1118.25,1.3,8.5,-2.6,3401.4333,91.8899,-1.2127000000000407,-0.0003000000001520675,-0.0005000000001018634,-0.002620000000007394,-4.0000000012696546e-05,-3.0000000023733264e-05,1332,1,0,1,0,1,0,1.3,4088.403067516879,92.88065168942235,6539.809808392392,0,1333
1117.75,1.3,8.5,-2.6,3400.2212,91.88725,-1.2121000000001914,0.0005999999998493877,0.0009000000000014552,-0.0026500000000027057,-2.9999999995311555e-05,1.0000000017384991e-05,1333,1,0,1,0,1,0,1.3,4087.8871890554724,92.87990701049475,6543.8900739956025,0,1334
1115.75,1.3,8.5,-2.6,3399.0088,91.88459,-1.2123999999998887,-0.00029999999969732016,-0.0008999999995467078,-0.002659999999991669,-9.999999988963282e-06,2.0000000006348273e-05,1334,1,0,1,0,1,0,1.3,4087.371175280899,92.87916145468165,6547.968884718755,0,1335
1114.75,1.3,8.5,-2.6,3397.7966,91.88189,-1.2121999999999389,0.0001999999999497959,0.0004999999996471161,-0.0027000000000043656,-4.0000000012696546e-05,-3.0000000023733264e-05,1335,1,0,1,0,1,0,1.3,4086.855026646707,92.87841499401198,6552.046240801849,0,1336
1114.5,1.3,8.5,-2.6,3396.5845,91.87917,-1.2121000000001914,9.999999974752427e-05,-0.00010000000020227162,-0.002719999999996503,-1.9999999992137418e-05,2.0000000020559128e-05,1336,1,0,1,0,1,0,1.3,4086.338743530292,92.87766761555723,6556.122142364886,0,1337
1114.5,1.3,8.5,-2.6,3395.3726,91.87643,-1.2118999999997868,0.00020000000040454324,0.00010000000065701897,-0.0027400000000028513,-2.0000000006348273e-05,-1.4210854715202004e-14,1337,1,0,1,0,1,0,1.3,4085.8223263826603,92.8769193064275,6560.196589647863,0,1338
1114.75,1.3,8.5,-2.6,3394.1606,91.87366,-1.211999999999989,-0.00010000000020227162,-0.00030000000060681487,-0.002769999999998163,-2.9999999995311555e-05,-9.999999988963282e-06,1338,1,0,1,0,1,0,1.3,4085.3057754294246,92.8761700463032,6564.269582530783,0,1339
1114.75,1.3,8.5,-2.6,3392.9487,91.87086,-1.2119000000002416,9.999999974752427e-05,0.0001999999999497959,-0.0028000000000076852,-3.000000000952241e-05,-1.4210854715202004e-14,1339,1,0,1,0,1,0,1.3,4084.7890910447763,92.87541981492538,6568.341121133645,0,1340
1114.5,1.3,8.5,-2.6,3391.737,91.86803,-1.211699999999837,0.00020000000040454324,0.00010000000065701897,-0.002829999999988786,-2.99999999811007e-05,2.842170943040401e-14,1340,1,0,1,0,1,0,1.3,4084.272273676361,92.87466859209545,6572.411205696448,0,1341
1113.75,1.3,8.5,-2.6,3390.5254,91.86517,-1.2116000000000895,9.999999974752427e-05,-0.00010000000065701897,-0.0028599999999983083,-3.000000000952241e-05,-2.842170943040401e-14,1341,1,0,1,0,1,0,1.3,4083.7553236959757,92.87391635767511,6576.479836339194,0,1342
1114.25,1.3,8.5,-2.6,3389.3137,91.8623,-1.211699999999837,-9.999999974752427e-05,-0.00019999999949504854,-0.0028700000000014825,-1.0000000003174137e-05,2.0000000006348273e-05,1342,1,0,1,0,1,0,1.3,4083.2382413253913,92.87316310647803,6580.547012941881,0,1343
1114.5,1.3,8.5,-2.6,3388.1023,91.85939,-1.2114000000001397,0.00029999999969732016,0.00039999999944484443,-0.002909999999999968,-3.999999999848569e-05,-2.9999999995311555e-05,1343,1,0,1,0,1,0,1.3,4082.7210270833334,92.87240881101191,6584.612735864509,0,1344
1114.25,1.3,8.5,-2.6,3386.8909,91.85646,-1.2114000000001397,0.0,-0.00029999999969732016,-0.0029300000000063164,-2.0000000006348273e-05,1.9999999992137418e-05,1344,1,0,1,0,1,0,1.3,4082.2036812639403,92.87165345873606,6588.67700510708,0,1345
1116.25,1.3,8.5,-2.6,3385.6797,91.8535,-1.2111999999997352,0.00020000000040454324,0.00020000000040454324,-0.002960000000001628,-2.9999999995311555e-05,-9.999999988963282e-06,1345,1,0,1,0,1,0,1.3,4081.686204309064,92.87089702971768,6592.739820909593,0,1346
1116.75,1.3,8.5,-2.6,3384.4685,91.85052,-1.21120000000019,-4.547473508864641e-13,-0.0002000000008592906,-0.0029799999999937654,-1.9999999992137418e-05,1.0000000003174137e-05,1346,1,0,1,0,1,0,1.3,4081.1685965107645,92.87013951150705,6596.801183272048,0,1347
1116.5,1.3,8.5,-2.6,3383.2573,91.8475,-1.2111999999997352,4.547473508864641e-13,9.094947017729282e-13,-0.003020000000006462,-4.0000000012696546e-05,-2.0000000020559128e-05,1347,1,0,1,0,1,0,1.3,4080.6508581602375,92.8693808768546,6600.861092194444,0,1348
1116.75,1.3,8.5,-2.6,3382.0464,91.84446,-1.2109000000000378,0.00029999999969732016,0.0002999999992425728,-0.0030399999999985994,-1.9999999992137418e-05,2.0000000020559128e-05,1348,1,0,1,0,1,0,1.3,4080.1329897702,92.86862111341735,6604.919548036782,0,1349
1117.25,1.3,8.5,-2.6,3380.8354,91.84139,-1.21100000000024,-0.00010000000020227162,-0.0003999999998995918,-0.003069999999993911,-2.9999999995311555e-05,-1.0000000003174137e-05,1349,1,0,1,0,1,0,1.3,4079.614991555555,92.86786020148148,6608.976550679062,0,1350
1119.25,1.3,8.5,-2.6,3379.6248,91.838295,-1.2105999999998858,0.00040000000035433914,0.0005000000005566108,-0.0030950000000018463,-2.500000000793534e-05,4.9999999873762135e-06,1350,1,0,1,0,1,0,1.3,4079.096864100666,92.86709812509253,6613.032100601284,0,1351
1117.75,1.3,8.5,-2.6,3378.414,91.83517,-1.2107999999998356,-0.0001999999999497959,-0.000600000000304135,-0.003124999999997158,-2.9999999995311555e-05,-4.9999999873762135e-06,1351,1,0,1,0,1,0,1.3,4078.578607544379,92.86633486464497,6617.086197563448,0,1352
1115.75,1.3,8.5,-2.6,3377.2036,91.832016,-1.2104000000003907,0.00039999999944484443,0.0005999999993946403,-0.003154000000009205,-2.9000000012047167e-05,9.99999983264388e-07,1352,1,0,1,0,1,0,1.3,4078.060222468588,92.86557040133037,6621.138842045553,0,1353
1116.25,1.3,8.5,-2.6,3375.9932,91.82884,-1.210399999999936,4.547473508864641e-13,-0.0003999999989900971,-0.003175999999996293,-2.1999999987087904e-05,7.000000024959263e-06,1353,1,0,1,0,1,0,1.3,4077.5417091580503,92.86480472156573,6625.190034047601,0,1354
1114.75,1.3,8.5,-2.6,3374.7827,91.82563,-1.2104999999996835,-9.999999974752427e-05,-0.00010000000020227162,-0.0032099999999957163,-3.399999999942338e-05,-1.2000000012335477e-05,1354,1,0,1,0,1,0,1.3,4077.0230678228786,92.86403780295203,6629.239773449591,0,1355
1114.5,1.3,8.5,-2.6,3373.5725,91.822395,-1.2101999999999862,0.00029999999969732016,0.00039999999944484443,-0.0032350000000036516,-2.500000000793534e-05,8.999999991488039e-06,1355,1,0,1,0,1,0,1.3,4076.5042989675517,92.8632696297935,6633.288060611522,0,1356
1113.75,1.3,8.5,-2.6,3372.3625,91.81913,-1.2100000000000364,0.0001999999999497959,-9.999999974752427e-05,-0.003264999999998963,-2.9999999995311555e-05,-4.9999999873762135e-06,1356,1,0,1,0,1,0,1.3,4075.9854030213705,92.86250018275608,6637.334895773396,0,1357
1113.5,1.3,8.5,-2.6,3371.1526,91.81584,-1.2099000000002889,9.999999974752427e-05,-0.00010000000020227162,-0.0032900000000068985,-2.500000000793534e-05,4.9999999873762135e-06,1357,1,0,1,0,1,0,1.3,4075.466380338733,92.86172944624448,6641.380279055211,0,1358
1114.75,1.3,8.5,-2.6,3369.9426,91.812515,-1.2100000000000364,-9.999999974752427e-05,-0.00019999999949504854,-0.0033249999999895863,-3.499999998268777e-05,-9.999999974752427e-06,1358,1,0,1,0,1,0,1.3,4074.9472311258282,92.86095739735099,6645.424210336968,0,1359
1115.75,1.3,8.5,-2.6,3368.733,91.809166,-1.209599999999682,0.00040000000035433914,0.0005000000001018634,-0.0033490000000000464,-2.40000000104601e-05,1.099999997222767e-05,1359,1,0,1,0,1,0,1.3,4074.4279559558827,92.86018402132353,6649.466690098668,0,1360
1114.75,1.3,8.5,-2.6,3367.5232,91.80579,-1.2098000000000866,-0.00020000000040454324,-0.0006000000007588824,-0.003376000000002932,-2.7000000002885827e-05,-2.999999992425728e-06,1360,1,0,1,0,1,0,1.3,4073.9085549595884,92.85940930124909,6653.507718100309,0,1361
1113.75,1.3,8.5,-2.6,3366.3137,91.80238,-1.2094999999999345,0.0003000000001520675,0.0005000000005566108,-0.0034100000000023556,-3.399999999942338e-05,-6.999999996537554e-06,1361,1,0,1,0,1,0,1.3,4073.3890286343612,92.85863321512481,6657.547294701892,0,1362
1114.25,1.3,8.5,-2.6,3365.1045,91.79895,-1.2092000000002372,0.00029999999969732016,-4.547473508864641e-13,-0.003429999999994493,-1.9999999992137418e-05,1.4000000007285962e-05,1362,1,0,1,0,1,0,1.3,4072.8693774761555,92.85785575128394,6661.585420263416,0,1363
1115.25,1.3,8.5,-2.6,3363.895,91.79549,-1.2094999999999345,-0.00029999999969732016,-0.0005999999993946403,-0.0034600000000040154,-3.000000000952241e-05,-1.0000000017384991e-05,1363,1,0,1,0,1,0,1.3,4072.3496015395895,92.85707689076246,6665.6220944248835,0,1364
1115.25,1.3,8.5,-2.6,3362.686,91.79199,-1.2089999999998327,0.0005000000001018634,0.0007999999997991836,-0.003500000000002501,-3.999999999848569e-05,-9.999999988963282e-06,1364,1,0,1,0,1,0,1.3,4071.8297014652017,92.856296607326,6669.657317786293,0,1365
1115.25,1.3,8.5,-2.6,3361.477,91.78847,-1.2090000000002874,-4.547473508864641e-13,-0.0005000000005566108,-0.0035199999999946385,-1.9999999992137418e-05,2.0000000006348273e-05,1365,1,0,1,0,1,0,1.3,4071.3096775256226,92.85551488945826,6673.691090347644,0,1366
1115.0,1.3,8.5,-2.6,3360.268,91.78492,-1.2089999999998327,4.547473508864641e-13,9.094947017729282e-13,-0.003550000000004161,-3.000000000952241e-05,-1.0000000017384991e-05,1366,1,0,1,0,1,0,1.3,4070.7895299926845,92.85473171836138,6677.723412108937,0,1367
1115.75,1.3,8.5,-2.6,3359.0593,91.781334,-1.2087000000001353,0.00029999999969732016,0.0002999999992425728,-0.003585999999998535,-3.5999999994373866e-05,-5.999999984851456e-06,1367,1,0,1,0,1,0,1.3,4070.2692593567253,92.85394707090643,6681.754283430171,0,1368
1114.75,1.3,8.5,-2.6,3357.8506,91.777725,-1.2086999999996806,4.547473508864641e-13,-0.0002999999992425728,-0.003608999999997309,-2.2999999998774e-05,1.2999999995599865e-05,1368,1,0,1,0,1,0,1.3,4069.748865887509,92.85316093352813,6685.783704311348,0,1369
1114.25,1.3,8.5,-2.6,3356.642,91.774086,-1.2086000000003878,9.999999929277692e-05,9.999999883802957e-05,-0.003639000000006831,-3.000000000952241e-05,-7.000000010748408e-06,1369,1,0,1,0,1,0,1.3,4069.2283499270075,92.85237328759123,6689.811674872467,0,1370
1114.25,1.3,8.5,-2.6,3355.4338,91.77042,-1.2082000000000335,0.00040000000035433914,0.0003000000010615622,-0.003665999999995506,-2.6999999988674972e-05,3.0000000208474376e-06,1370,1,0,1,0,1,0,1.3,4068.707712035011,92.85158411670314,6693.838195593527,0,1371
1114.75,1.3,8.5,-2.6,3354.2256,91.766716,-1.2081999999995787,4.547473508864641e-13,-0.0003999999998995918,-0.0037039999999990414,-3.8000000003535206e-05,-1.1000000014860234e-05,1371,1,0,1,0,1,0,1.3,4068.186952478134,92.85079339650146,6697.863266474531,0,1372
1116.25,1.3,8.5,-2.6,3353.0176,91.762985,-1.2080000000000837,0.00019999999949504854,0.0001999999990403012,-0.0037310000000019272,-2.7000000002885827e-05,1.100000000064938e-05,1372,1,0,1,0,1,0,1.3,4067.6660716678807,92.85000111070649,6701.886887755475,0,1373
1114.75,1.3,8.5,-2.6,3351.8096,91.759224,-1.2080000000000837,0.0,-0.00019999999949504854,-0.0037609999999972388,-2.9999999995311555e-05,-2.999999992425728e-06,1373,1,0,1,0,1,0,1.3,4067.145069868996,92.84920724090247,6705.909059436362,0,1374
1114.25,1.3,8.5,-2.6,3350.6018,91.75543,-1.2078000000001339,0.0001999999999497959,0.0001999999999497959,-0.003793999999999187,-3.300000000194814e-05,-3.000000006636583e-06,1374,1,0,1,0,1,0,1.3,4066.623947490909,92.84841176654545,6709.929781757191,0,1375
1114.25,1.3,8.5,-2.6,3349.394,91.75161,-1.2078000000001339,0.0,-0.0001999999999497959,-0.0038200000000045975,-2.6000000005410584e-05,6.999999996537554e-06,1375,1,0,1,0,1,0,1.3,4066.1027047965117,92.84761467223836,6713.949054717962,0,1376
1114.25,1.3,8.5,-2.6,3348.1865,91.747765,-1.2074999999999818,0.0003000000001520675,0.0003000000001520675,-0.003844999999998322,-2.4999999993724487e-05,1.0000000116860974e-06,1376,1,0,1,0,1,0,1.3,4065.5813422657952,92.84681594335513,6717.966878678675,0,1377
1114.0,1.3,8.5,-2.6,3346.9792,91.74388,-1.2072999999995773,0.00020000000040454324,-9.999999974752427e-05,-0.0038849999999968077,-3.999999999848569e-05,-1.5000000004761205e-05,1377,1,0,1,0,1,0,1.3,4065.0598603047893,92.8460155544267,6721.98325387933,0,1378
1111.75,1.3,8.5,-2.6,3345.772,91.73997,-1.2072000000002845,9.999999929277692e-05,-0.00010000000111176632,-0.003910000000004743,-2.500000000793534e-05,1.499999999055035e-05,1378,1,0,1,0,1,0,1.3,4064.53825924583,92.84521349093546,6725.998180439927,0,1379
1109.75,1.3,8.5,-2.6,3344.5647,91.73603,-1.207300000000032,-9.999999974752427e-05,-0.0001999999990403012,-0.003940000000000055,-2.9999999995311555e-05,-4.9999999873762135e-06,1379,1,0,1,0,1,0,1.3,4064.016539275362,92.84440973478262,6730.011658240466,0,1380
1111.25,1.3,8.5,-2.6,3343.358,91.732056,-1.2066999999997279,0.000600000000304135,0.0007000000000516593,-0.003973999999999478,-3.399999999942338e-05,-4.0000000041118255e-06,1380,1,0,1,0,1,0,1.3,4063.4947010861692,92.84360426502535,6734.023688000948,0,1381
1111.25,1.3,8.5,-2.6,3342.1511,91.72805,-1.2069000000001324,-0.00020000000040454324,-0.0008000000007086783,-0.004006000000003951,-3.2000000004472895e-05,1.9999999949504854e-06,1381,1,0,1,0,1,0,1.3,4062.972744790159,92.84279706222866,6738.034269481371,0,1382
1112.75,1.3,8.5,-2.6,3340.9443,91.724014,-1.2067999999999302,0.00010000000020227162,0.00030000000060681487,-0.004035999999999262,-2.9999999995311555e-05,2.00000000916134e-06,1382,1,0,1,0,1,0,1.3,4062.450670715835,92.84198810845987,6742.043402801736,0,1383
1110.25,1.3,8.5,-2.6,3339.7378,91.71995,-1.2065000000002328,0.00029999999969732016,0.00019999999949504854,-0.0040639999999996235,-2.800000000036107e-05,1.9999999949504854e-06,1383,1,0,1,0,1,0,1.3,4061.92847933526,92.84117738728324,6746.051088322043,0,1384
1110.25,1.3,8.5,-2.6,3338.5315,91.71585,-1.2062999999998283,0.00020000000040454324,-9.999999929277692e-05,-0.004099999999993997,-3.5999999994373866e-05,-7.999999994012796e-06,1384,1,0,1,0,1,0,1.3,4061.406171046932,92.8403648765343,6750.057326282293,0,1385
1110.25,1.3,8.5,-2.6,3337.3254,91.71172,-1.2060999999998785,0.0001999999999497959,-4.547473508864641e-13,-0.00413000000000352,-3.000000000952241e-05,5.999999984851456e-06,1385,1,0,1,0,1,0,1.3,4060.883746248196,92.83955055844156,6754.062116922484,0,1386
1111.25,1.3,8.5,-2.6,3336.1194,91.707565,-1.206000000000131,9.999999974752427e-05,-0.00010000000020227162,-0.004154999999997244,-2.4999999993724487e-05,5.000000015797923e-06,1386,1,0,1,0,1,0,1.3,4060.361205263158,92.83873441888969,6758.065460362618,0,1387
1111.25,1.3,8.5,-2.6,3334.9133,91.70337,-1.2060999999998785,-9.999999974752427e-05,-0.00019999999949504854,-0.00419499999999573,-3.999999999848569e-05,-1.5000000004761205e-05,1387,1,0,1,0,1,0,1.3,4059.8385482708936,92.83791643299712,6762.067356482694,0,1388
1110.75,1.3,8.5,-2.6,3333.7078,91.69915,-1.205500000000029,0.0005999999998493877,0.000699999999596912,-0.004220000000003665,-2.500000000793534e-05,1.499999999055035e-05,1388,1,0,1,0,1,0,1.3,4059.315775953924,92.83709658675306,6766.067806002712,0,1389
1110.75,1.3,8.5,-2.6,3332.5022,91.69489,-1.2056000000002314,-0.00010000000020227162,-0.0007000000000516593,-0.004260000000002151,-3.999999999848569e-05,-1.499999999055035e-05,1389,1,0,1,0,1,0,1.3,4058.792888489209,92.83627485539569,6770.066808802672,0,1390
1110.25,1.3,8.5,-2.6,3331.2966,91.690605,-1.2055999999997766,4.547473508864641e-13,0.00010000000065701897,-0.0042849999999958754,-2.4999999993724487e-05,1.5000000004761205e-05,1390,1,0,1,0,1,0,1.3,4058.26988612509,92.83545122501798,6774.064364882574,0,1391
1110.5,1.3,8.5,-2.6,3330.0916,91.68629,-1.2049999999999272,0.0005999999998493877,0.0005999999993946403,-0.004315000000005398,-3.000000000952241e-05,-5.000000015797923e-06,1391,1,0,1,0,1,0,1.3,4057.74676954023,92.83462567816092,6778.060474962419,0,1392
1109.25,1.3,8.5,-2.6,3328.8865,91.68194,-1.2051000000001295,-0.00010000000020227162,-0.0007000000000516593,-0.0043500000000022965,-3.499999999689862e-05,-4.9999999873762135e-06,1392,1,0,1,0,1,0,1.3,4057.22353890883,92.83379819382628,6782.0551389222055,0,1393
1109.75,1.3,8.5,-2.6,3327.6814,91.67755,-1.2051000000001295,0.0,0.00010000000020227162,-0.004390000000000782,-3.999999999848569e-05,-5.000000001587068e-06,1393,1,0,1,0,1,0,1.3,4056.7001944763274,92.83296874748923,6786.048356761934,0,1394
1110.0,1.3,8.5,-2.6,3326.4768,91.673134,-1.2046000000000276,0.0005000000001018634,0.0005000000001018634,-0.004415999999991982,-2.599999999119973e-05,1.4000000007285962e-05,1394,1,0,1,0,1,0,1.3,4056.1767368458777,92.83213732473118,6790.040129081605,0,1395
1110.75,1.3,8.5,-2.6,3325.2722,91.668686,-1.2046000000000276,0.0,-0.0005000000001018634,-0.004448000000010666,-3.200000001868375e-05,-6.00000002748402e-06,1395,1,0,1,0,1,0,1.3,4055.653166260745,92.83130390687678,6794.030455881219,0,1396
1109.25,1.3,8.5,-2.6,3324.0676,91.66421,-1.2046000000000276,0.0,0.0,-0.004475999999996816,-2.7999999986150215e-05,4.000000032533535e-06,1396,1,0,1,0,1,0,1.3,4055.129482963493,92.8304684781675,6798.019337160774,0,1397
1106.75,1.3,8.5,-2.6,3322.8635,91.65969,-1.2040999999999258,0.0005000000001018634,0.0005000000001018634,-0.004519999999999413,-4.400000000259752e-05,-1.6000000016447302e-05,1397,1,0,1,0,1,0,1.3,4054.605687553648,92.82963101144492,6802.006773520271,0,1398
1106.75,1.3,8.5,-2.6,3321.6594,91.65515,-1.2040999999999258,0.0,-0.0005000000001018634,-0.004539999999991551,-1.9999999992137418e-05,2.40000000104601e-05,1398,1,0,1,0,1,0,1.3,4054.081780271623,92.82879149678341,6805.99276495971,0,1399
1108.25,1.3,8.5,-2.6,3320.4556,91.65057,-1.2038000000002285,0.00029999999969732016,0.00029999999969732016,-0.004580000000004247,-4.0000000012696546e-05,-2.0000000020559128e-05,1399,1,0,1,0,1,0,1.3,4053.5577615714287,92.82794991,6809.977311839092,0,1400
1107.75,1.3,8.5,-2.6,3319.2517,91.64596,-1.203899999999976,-9.999999974752427e-05,-0.00039999999944484443,-0.004609999999999559,-2.9999999995311555e-05,1.0000000017384991e-05,1400,1,0,1,0,1,0,1.3,4053.033631620271,92.82710623411849,6813.960414038416,0,1401
1106.75,1.3,8.5,-2.6,3318.0483,91.64131,-1.2033999999998741,0.0005000000001018634,0.0005999999998493877,-0.004649999999998045,-3.999999999848569e-05,-1.0000000003174137e-05,1401,1,0,1,0,1,0,1.3,4052.5093910128385,92.82626044507846,6817.942072157683,0,1402
1105.25,1.3,8.5,-2.6,3316.845,91.636635,-1.2033000000001266,9.999999974752427e-05,-0.00040000000035433914,-0.00467500000000598,-2.500000000793534e-05,1.499999999055035e-05,1402,1,0,1,0,1,0,1.3,4051.9850400570203,92.82541252957947,6821.922286316892,0,1403
1106.25,1.3,8.5,-2.6,3315.6416,91.63193,-1.2033999999998741,-9.999999974752427e-05,-0.00019999999949504854,-0.0047050000000012915,-2.9999999995311555e-05,-4.9999999873762135e-06,1403,1,0,1,0,1,0,1.3,4051.4605789173793,92.82456247079772,6825.901056396042,0,1404
1105.25,1.3,8.5,-2.6,3314.4387,91.62718,-1.2028999999997723,0.0005000000001018634,0.0005999999998493877,-0.004750000000001364,-4.500000000007276e-05,-1.5000000004761205e-05,1404,1,0,1,0,1,0,1.3,4050.9360081850537,92.82371024128113,6829.878382995135,0,1405
1105.25,1.3,8.5,-2.6,3313.2358,91.622406,-1.202900000000227,-4.547473508864641e-13,-0.0005000000005566108,-0.0047739999999976135,-2.3999999996249244e-05,2.1000000003823516e-05,1405,1,0,1,0,1,0,1.3,4050.411328093883,92.82285582859176,6833.854266114171,0,1406
1105.25,1.3,8.5,-2.6,3312.0332,91.61759,-1.202600000000075,0.0003000000001520675,0.00030000000060681487,-0.00481599999999105,-4.199999999343618e-05,-1.7999999997186933e-05,1406,1,0,1,0,1,0,1.3,4049.8865390902633,92.82199920753376,6837.828706113148,0,1407
1106.75,1.3,8.5,-2.6,3310.8308,91.61275,-1.2023999999996704,0.00020000000040454324,-9.999999974752427e-05,-0.00484000000000151,-2.40000000104601e-05,1.7999999982976078e-05,1407,1,0,1,0,1,0,1.3,4049.3616415482957,92.82114036576705,6841.801703232068,0,1408
1107.75,1.3,8.5,-2.6,3309.6284,91.607864,-1.2024000000001251,-4.547473508864641e-13,-0.0002000000008592906,-0.004885999999999058,-4.5999999997548e-05,-2.1999999987087904e-05,1408,1,0,1,0,1,0,1.3,4048.8366356990773,92.82027927537261,6845.77325747093,0,1409
1105.75,1.3,8.5,-2.6,3308.4263,91.60295,-1.202099999999973,0.0003000000001520675,0.00030000000060681487,-0.004913999999999419,-2.800000000036107e-05,1.7999999997186933e-05,1409,1,0,1,0,1,0,1.3,4048.311521985816,92.8194159212766,6849.743369189735,0,1410
1105.5,1.3,8.5,-2.6,3307.2244,91.59801,-1.2019000000000233,0.0001999999999497959,-0.00010000000020227162,-0.004940000000004829,-2.6000000005410584e-05,1.9999999949504854e-06,1410,1,0,1,0,1,0,1.3,4047.786300779589,92.81855028986534,6853.712038628481,0,1411
1105.25,1.3,8.5,-2.6,3306.0227,91.593025,-1.2017000000000735,0.0001999999999497959,0.0,-0.004985000000004902,-4.500000000007276e-05,-1.8999999994662176e-05,1411,1,0,1,0,1,0,1.3,4047.2609724504246,92.81768235410765,6857.67926602717,0,1412
1105.25,1.3,8.5,-2.6,3304.8213,91.58801,-1.2013999999999214,0.0003000000001520675,0.00010000000020227162,-0.005015000000000214,-2.9999999995311555e-05,1.5000000004761205e-05,1412,1,0,1,0,1,0,1.3,4046.7355374380745,92.81681209766455,6861.645051745802,0,1413
1103.25,1.3,8.5,-2.6,3303.6199,91.58296,-1.2013999999999214,0.0,-0.0003000000001520675,-0.005049999999997112,-3.499999999689862e-05,-5.000000001587068e-06,1413,1,0,1,0,1,0,1.3,4046.2099959688826,92.81593950070722,6865.609395784376,0,1414
1103.75,1.3,8.5,-2.6,3302.4187,91.57788,-1.2011999999999716,0.0001999999999497959,0.0001999999999497959,-0.005080000000006635,-3.000000000952241e-05,4.9999999873762135e-06,1414,1,0,1,0,1,0,1.3,4045.684348409894,92.81506454699647,6869.572298382892,0,1415
1102.25,1.3,8.5,-2.6,3301.2178,91.57276,-1.2009000000002743,0.00029999999969732016,9.999999974752427e-05,-0.00511999999999091,-3.9999999984274837e-05,-9.999999974752427e-06,1415,1,0,1,0,1,0,1.3,4045.15859519774,92.81418721327684,6873.53375990135,0,1416
1103.25,1.3,8.5,-2.6,3300.017,91.567604,-1.200800000000072,0.00010000000020227162,-0.00019999999949504854,-0.005155999999999494,-3.600000000858472e-05,3.999999975690116e-06,1416,1,0,1,0,1,0,1.3,4044.632736626676,92.81330747918136,6877.493780459751,0,1417
1102.25,1.3,8.5,-2.6,3298.8167,91.562416,-1.2002999999999702,0.0005000000001018634,0.0003999999998995918,-0.005188000000003967,-3.2000000004472895e-05,4.0000000041118255e-06,1417,1,0,1,0,1,0,1.3,4044.1067732722145,92.81242532722143,6881.452360658094,0,1418
1099.25,1.3,8.5,-2.6,3297.6162,91.5572,-1.20049999999992,-0.0001999999999497959,-0.0007000000000516593,-0.005216000000004328,-2.800000000036107e-05,4.0000000041118255e-06,1418,1,0,1,0,1,0,1.3,4043.5807052149403,92.8115407427766,6885.40950025638,0,1419
1101.25,1.3,8.5,-2.6,3296.416,91.55193,-1.200199999999768,0.0003000000001520675,0.0005000000001018634,-0.005269999999995889,-5.39999999915608e-05,-2.599999999119973e-05,1419,1,0,1,0,1,0,1.3,4043.054532887324,92.81065369295774,6889.365199614608,0,1420
1101.75,1.3,8.5,-2.6,3295.216,91.546646,-1.2000000000002728,0.00019999999949504854,-0.00010000000065701897,-0.005284000000003175,-1.4000000007285962e-05,3.9999999984274837e-05,1420,1,0,1,0,1,0,1.3,4042.5282566502465,92.80976417311751,6893.319458972778,0,1421
1103.25,1.3,8.5,-2.6,3294.0164,91.54131,-1.1995999999999185,0.00040000000035433914,0.0002000000008592906,-0.005335999999999785,-5.199999999661031e-05,-3.799999998932435e-05,1421,1,0,1,0,1,0,1.3,4042.0018770042193,92.80887215189873,6897.272278810891,0,1422
1103.25,1.3,8.5,-2.6,3292.817,91.53595,-1.1993999999999687,0.0001999999999497959,-0.00020000000040454324,-0.005359999999996035,-2.3999999996249244e-05,2.800000000036107e-05,1422,1,0,1,0,1,0,1.3,4041.475394307801,92.80797761770906,6901.223659368947,0,1423
1104.75,1.3,8.5,-2.6,3291.6177,91.530556,-1.1993000000002212,9.999999974752427e-05,-0.00010000000020227162,-0.005393999999995458,-3.399999999942338e-05,-1.0000000003174137e-05,1423,1,0,1,0,1,0,1.3,4040.9488088483145,92.8070805519663,6905.173600766944,0,1424
1105.75,1.3,8.5,-2.6,3290.4185,91.525116,-1.1991999999995642,0.00010000000065701897,9.094947017729282e-13,-0.005440000000007217,-4.600000001175886e-05,-1.2000000012335477e-05,1424,1,0,1,0,1,0,1.3,4040.422120912281,92.8061809277193,6909.122103124884,0,1425
1105.5,1.3,8.5,-2.6,3289.2195,91.519646,-1.1990000000000691,0.00019999999949504854,9.999999883802957e-05,-0.005470000000002528,-2.9999999995311555e-05,1.6000000016447302e-05,1425,1,0,1,0,1,0,1.3,4039.89533085554,92.80527872931276,6913.069166682767,0,1426
1105.5,1.3,8.5,-2.6,3288.0208,91.514145,-1.1987000000003718,0.00029999999969732016,0.00010000000020227162,-0.005500999999995315,-3.09999999927868e-05,-9.999999974752427e-07,1426,1,0,1,0,1,0,1.3,4039.3684391030133,92.80437394043447,6917.014791800591,0,1427
1103.75,1.3,8.5,-2.6,3286.8223,91.5086,-1.1984999999999673,0.00020000000040454324,-9.999999929277692e-05,-0.005544999999997913,-4.400000000259752e-05,-1.300000000981072e-05,1427,1,0,1,0,1,0,1.3,4038.8414460084036,92.80346653571428,6920.9589787183595,0,1428
1102.25,1.3,8.5,-2.6,3285.624,91.50302,-1.1983000000000175,0.0001999999999497959,-4.547473508864641e-13,-0.005579999999994811,-3.499999999689862e-05,9.000000005698894e-06,1428,1,0,1,0,1,0,1.3,4038.3143519244227,92.80255649615115,6924.901727676069,0,1429
1102.5,1.3,8.5,-2.6,3284.426,91.49741,-1.1979999999998654,0.0003000000001520675,0.00010000000020227162,-0.005610000000004334,-3.000000000952241e-05,4.9999999873762135e-06,1429,1,0,1,0,1,0,1.3,4037.787157272727,92.80164380629371,6928.843039033722,0,1430
1101.25,1.3,8.5,-2.6,3283.2283,91.49176,-1.1976999999997133,0.0003000000001520675,0.0,-0.005650000000002819,-3.999999999848569e-05,-9.999999988963282e-06,1430,1,0,1,0,1,0,1.3,4037.2598624737943,92.80072844374563,6932.782913151316,0,1431
1102.25,1.3,8.5,-2.6,3282.0305,91.48608,-1.1978000000003703,-0.00010000000065701897,-0.0004000000008090865,-0.005679999999998131,-2.9999999995311555e-05,1.0000000003174137e-05,1431,1,0,1,0,1,0,1.3,4036.7324676675976,92.79981039315642,6936.721349908854,0,1432
1102.0,1.3,8.5,-2.6,3280.8333,91.480354,-1.1972000000000662,0.000600000000304135,0.000700000000961154,-0.005725999999995679,-4.5999999997548e-05,-1.6000000002236447e-05,1432,1,0,1,0,1,0,1.3,4036.2049734822053,92.79888962805303,6940.658350026334,0,1433
1101.25,1.3,8.5,-2.6,3279.636,91.474594,-1.1972999999998137,-9.999999974752427e-05,-0.0007000000000516593,-0.005760000000009313,-3.4000000013634235e-05,1.1999999983913767e-05,1433,1,0,1,0,1,0,1.3,4035.677380055788,92.79796613040446,6944.593913383756,0,1434
1100.25,1.3,8.5,-2.6,3278.439,91.468796,-1.1970000000001164,0.00029999999969732016,0.00039999999944484443,-0.005797999999998638,-3.799999998932435e-05,-3.999999975690116e-06,1434,1,0,1,0,1,0,1.3,4035.1496878048783,92.79703987944251,6948.528040341122,0,1435
1100.25,1.3,8.5,-2.6,3277.2424,91.46297,-1.196599999999762,0.00040000000035433914,0.00010000000065701897,-0.005825999999998999,-2.800000000036107e-05,9.999999988963282e-06,1435,1,0,1,0,1,0,1.3,4034.6218972144848,92.79611086142062,6952.460731378429,0,1436
1098.75,1.3,8.5,-2.6,3276.046,91.4571,-1.196400000000267,0.00019999999949504854,-0.0002000000008592906,-0.005870000000001596,-4.400000000259752e-05,-1.6000000002236447e-05,1436,1,0,1,0,1,0,1.3,4034.0940086290884,92.79517905149618,6956.391986735679,0,1437
1099.75,1.3,8.5,-2.6,3274.8496,91.451195,-1.1963999999998123,4.547473508864641e-13,-0.0001999999990403012,-0.005904999999998495,-3.499999999689862e-05,9.000000005698894e-06,1437,1,0,1,0,1,0,1.3,4033.5660222531296,92.7942444311544,6960.321806412872,0,1438
1098.75,1.3,8.5,-2.6,3273.6536,91.44525,-1.1959999999999127,0.0003999999998995918,0.00039999999944484443,-0.0059449999999969805,-3.999999999848569e-05,-5.000000001587068e-06,1438,1,0,1,0,1,0,1.3,4033.0379385684505,92.79330697845727,6964.250190890008,0,1439
1098.75,1.3,8.5,-2.6,3272.4578,91.43927,-1.195799999999963,0.0001999999999497959,-0.0001999999999497959,-0.00598000000000809,-3.500000001110948e-05,4.9999999873762135e-06,1439,1,0,1,0,1,0,1.3,4032.509757916667,92.79236667500001,6968.177140407086,0,1440
1099.25,1.3,8.5,-2.6,3271.262,91.43325,-1.195799999999963,0.0,-0.0001999999999497959,-0.006019999999992365,-3.9999999984274837e-05,-4.999999973165359e-06,1440,1,0,1,0,1,0,1.3,4031.981480499653,92.79142349895906,6972.1026549641065,0,1441
1099.25,1.3,8.5,-2.6,3270.0667,91.42719,-1.1953000000003158,0.0004999999996471161,0.0004999999996471161,-0.006060000000005061,-4.0000000012696546e-05,-2.842170943040401e-14,1441,1,0,1,0,1,0,1.3,4031.4531068654646,92.79047742857142,6976.026735161069,0,1442
1099.5,1.3,8.5,-2.6,3268.8716,91.421104,-1.1950999999999112,0.00020000000040454324,-0.0002999999992425728,-0.006085999999996261,-2.599999999119973e-05,1.4000000021496817e-05,1442,1,0,1,0,1,0,1.3,4030.924637352737,92.78952845183646,6979.949381237975,0,1443
1099.5,1.3,8.5,-2.6,3267.6768,91.41498,-1.1947999999997592,0.0003000000001520675,9.999999974752427e-05,-0.006123999999999796,-3.8000000003535206e-05,-1.2000000012335477e-05,1443,1,0,1,0,1,0,1.3,4030.3960723684213,92.78857654847646,6983.870593554823,0,1444
1098.75,1.3,8.5,-2.6,3266.482,91.408806,-1.194800000000214,-4.547473508864641e-13,-0.00030000000060681487,-0.006174000000001456,-5.000000000165983e-05,-1.1999999998124622e-05,1444,1,0,1,0,1,0,1.3,4029.867412110727,92.78762168996539,6987.7903721116145,0,1445
1099.25,1.3,8.5,-2.6,3265.2876,91.4026,-1.1943999999998596,0.00040000000035433914,0.0004000000008090865,-0.006205999999991718,-3.199999999026204e-05,1.8000000011397788e-05,1445,1,0,1,0,1,0,1.3,4029.338657053942,92.78666386030429,6991.708717388348,0,1446
1101.75,1.3,8.5,-2.6,3264.0933,91.39636,-1.194300000000112,9.999999974752427e-05,-0.00030000000060681487,-0.006240000000005352,-3.4000000013634235e-05,-2.000000023372195e-06,1446,1,0,1,0,1,0,1.3,4028.8098074637182,92.7857030421562,6995.625629505025,0,1447
1102.75,1.3,8.5,-2.6,3262.8994,91.390076,-1.1939000000002125,0.0003999999998995918,0.0003000000001520675,-0.00628400000000795,-4.400000000259752e-05,-9.999999988963282e-06,1447,1,0,1,0,1,0,1.3,4028.2808638121546,92.78473921132596,6999.541108941644,0,1448
1101.75,1.3,8.5,-2.6,3261.7058,91.38376,-1.1935999999996056,0.00030000000060681487,-9.999999929277692e-05,-0.006315999999998212,-3.199999999026204e-05,1.2000000012335477e-05,1448,1,0,1,0,1,0,1.3,4027.751826501035,92.78377235196686,7003.455156058206,0,1449
1100.25,1.3,8.5,-2.6,3260.5122,91.3774,-1.1936000000000604,-4.547473508864641e-13,-0.0003000000010615622,-0.0063600000000008095,-4.400000000259752e-05,-1.2000000012335477e-05,1449,1,0,1,0,1,0,1.3,4027.2226957241382,92.78280244,7007.367770854711,0,1450
1100.0,1.3,8.5,-2.6,3259.319,91.371,-1.1932000000001608,0.0003999999998995918,0.00040000000035433914,-0.006399999999999295,-3.999999999848569e-05,4.0000000041118255e-06,1450,1,0,1,0,1,0,1.3,4026.6934719503793,92.78182945416954,7011.278953811158,0,1451
1101.25,1.3,8.5,-2.6,3258.126,91.36457,-1.1929999999997563,0.00020000000040454324,-0.00019999999949504854,-0.006429999999994607,-2.9999999995311555e-05,1.0000000003174137e-05,1451,1,0,1,0,1,0,1.3,4026.1641555096417,92.7808533801653,7015.1887051675485,0,1452
1101.5,1.3,8.5,-2.6,3256.9333,91.3581,-1.192700000000059,0.00029999999969732016,9.999999929277692e-05,-0.006470000000007303,-4.0000000012696546e-05,-1.0000000017384991e-05,1452,1,0,1,0,1,0,1.3,4025.634746799725,92.77987419683413,7019.097025283881,0,1453
1101.75,1.3,8.5,-2.6,3255.741,91.351585,-1.1923000000001593,0.0003999999998995918,0.00010000000020227162,-0.006514999999993165,-4.4999999985861905e-05,-4.999999973165359e-06,1453,1,0,1,0,1,0,1.3,4025.105246286107,92.77889187964236,7023.003914640157,0,1454
1099.75,1.3,8.5,-2.6,3254.5486,91.34504,-1.1923999999999069,-9.999999974752427e-05,-0.0004999999996471161,-0.0065450000000026876,-3.000000000952241e-05,1.4999999976339495e-05,1454,1,0,1,0,1,0,1.3,4024.575654089347,92.77790641443299,7026.909373116375,0,1455
1100.25,1.3,8.5,-2.6,3253.3567,91.33845,-1.1919000000002598,0.0004999999996471161,0.0005999999993946403,-0.00659000000000276,-4.500000000007276e-05,-1.499999999055035e-05,1455,1,0,1,0,1,0,1.3,4024.0459707417585,92.77691777678572,7030.813401312536,0,1456
1101.75,1.3,8.5,-2.6,3252.165,91.331825,-1.1916999999998552,0.00020000000040454324,-0.0002999999992425728,-0.006624999999999659,-3.499999999689862e-05,1.0000000003174137e-05,1456,1,0,1,0,1,0,1.3,4023.5161965682905,92.77592594921072,7034.71599946864,0,1457
1102.75,1.3,8.5,-2.6,3250.9734,91.32516,-1.1916000000001077,9.999999974752427e-05,-0.00010000000065701897,-0.006664999999998145,-3.999999999848569e-05,-5.000000001587068e-06,1457,1,0,1,0,1,0,1.3,4022.986331824417,92.77493091083676,7038.617167704687,0,1458
1104.25,1.3,8.5,-2.6,3249.7822,91.31845,-1.1911999999997533,0.00040000000035433914,0.00030000000060681487,-0.006709999999998217,-4.500000000007276e-05,-5.000000001587068e-06,1458,1,0,1,0,1,0,1.3,4022.456376970528,92.7739326374229,7042.516906500676,0,1459
1105.25,1.3,8.5,-2.6,3248.5913,91.31171,-1.190900000000056,0.00029999999969732016,-0.00010000000065701897,-0.006739999999993529,-2.9999999995311555e-05,1.5000000004761205e-05,1459,1,0,1,0,1,0,1.3,4021.92633239726,92.77293111506849,7046.415216216608,0,1460
1104.75,1.3,8.5,-2.6,3247.4006,91.30492,-1.1907000000001062,0.0001999999999497959,-9.999999974752427e-05,-0.0067900000000094,-5.000000001587068e-05,-2.0000000020559128e-05,1460,1,0,1,0,1,0,1.3,4021.3961984257357,92.77192631622175,7050.312097092484,0,1461
1105.0,1.3,8.5,-2.6,3246.2102,91.298096,-1.1903999999999542,0.0003000000001520675,0.00010000000020227162,-0.006823999999994612,-3.3999999985212526e-05,1.6000000030658157e-05,1461,1,0,1,0,1,0,1.3,4020.865975444596,92.77091822435021,7054.207549488302,0,1462
1104.25,1.3,8.5,-2.6,3245.02,91.29123,-1.1902000000000044,0.0001999999999497959,-0.00010000000020227162,-0.006866000000002259,-4.200000000764703e-05,-8.000000022434506e-06,1462,1,0,1,0,1,0,1.3,4020.335663773069,92.7699068174983,7058.101573644063,0,1463
1103.25,1.3,8.5,-2.6,3243.83,91.284325,-1.1900000000000546,0.0001999999999497959,0.0,-0.00690500000000327,-3.900000000101045e-05,3.000000006636583e-06,1463,1,0,1,0,1,0,1.3,4019.805263729508,92.76889207581966,7061.9941697997665,0,1464
1102.75,1.3,8.5,-2.6,3242.6404,91.27738,-1.1895999999997002,0.00040000000035433914,0.00020000000040454324,-0.006945000000001755,-3.999999999848569e-05,-9.999999974752427e-07,1464,1,0,1,0,1,0,1.3,4019.274775767918,92.76787397883959,7065.885338435413,0,1465
1103.25,1.3,8.5,-2.6,3241.451,91.2704,-1.1894000000002052,0.00019999999949504854,-0.0002000000008592906,-0.006979999999998654,-3.499999999689862e-05,5.000000001587068e-06,1465,1,0,1,0,1,0,1.3,4018.744200204638,92.7668525095498,7069.775079791003,0,1466
1104.75,1.3,8.5,-2.6,3240.262,91.263374,-1.1889999999998508,0.00040000000035433914,0.0002000000008592906,-0.007025999999996202,-4.5999999997548e-05,-1.100000000064938e-05,1466,1,0,1,0,1,0,1.3,4018.213537491479,92.76582764349013,7073.663394346536,0,1467
1104.75,1.3,8.5,-2.6,3239.073,91.25632,-1.1890000000003056,-4.547473508864641e-13,-0.0004000000008090865,-0.007053999999996563,-2.800000000036107e-05,1.7999999997186933e-05,1467,1,0,1,0,1,0,1.3,4017.682787806539,92.76479936852861,7077.550282102011,0,1468
1104.75,1.3,8.5,-2.6,3237.8845,91.249214,-1.188499999999749,0.0005000000005566108,0.0005000000010113581,-0.007106000000007384,-5.200000001082117e-05,-2.40000000104601e-05,1468,1,0,1,0,1,0,1.3,4017.1519516678013,92.76376765622874,7081.43574365743,0,1469
1104.75,1.3,8.5,-2.6,3236.696,91.242065,-1.1885000000002037,-4.547473508864641e-13,-0.0005000000010113581,-0.007148999999998296,-4.299999999091142e-05,9.000000019909749e-06,1469,1,0,1,0,1,0,1.3,4016.6210292517003,92.76273248435375,7085.3197790127915,0,1470
1104.25,1.3,8.5,-2.6,3235.508,91.234886,-1.1880000000001019,0.0005000000001018634,0.0005000000005566108,-0.007178999999993607,-2.9999999995311555e-05,1.2999999995599865e-05,1470,1,0,1,0,1,0,1.3,4016.0900210740992,92.76169383956493,7089.202388768095,0,1471
1104.0,1.3,8.5,-2.6,3234.3203,91.22766,-1.1876999999999498,0.0003000000001520675,-0.0001999999999497959,-0.007226000000002841,-4.70000000092341e-05,-1.7000000013922545e-05,1471,1,0,1,0,1,0,1.3,4015.5589275135867,92.76065169701087,7093.083573283343,0,1472
1103.75,1.3,8.5,-2.6,3233.1328,91.22039,-1.1875,0.0001999999999497959,-0.00010000000020227162,-0.007270000000005439,-4.400000000259752e-05,3.000000006636583e-06,1472,1,0,1,0,1,0,1.3,4015.027748879837,92.75960603394434,7096.963332798533,0,1473
1102.25,1.3,8.5,-2.6,3231.9456,91.21309,-1.187199999999848,0.0003000000001520675,0.00010000000020227162,-0.00730000000000075,-2.9999999995311555e-05,1.4000000007285962e-05,1473,1,0,1,0,1,0,1.3,4014.496485549525,92.75855683717775,7100.841667673667,0,1474
1102.25,1.3,8.5,-2.6,3230.7585,91.205734,-1.1871000000001004,9.999999974752427e-05,-0.00020000000040454324,-0.007355999999987262,-5.5999999986511284e-05,-2.599999999119973e-05,1474,1,0,1,0,1,0,1.3,4013.965137762712,92.7575040759322,7104.718578028743,0,1475
1101.75,1.3,8.5,-2.6,3229.572,91.19835,-1.1864999999997963,0.000600000000304135,0.0005000000005566108,-0.0073840000000018335,-2.8000000014571924e-05,2.799999997193936e-05,1475,1,0,1,0,1,0,1.3,4013.433706097561,92.75644773848238,7108.594064583763,0,1476
1099.75,1.3,8.5,-2.6,3228.3855,91.19092,-1.186500000000251,-4.547473508864641e-13,-0.0006000000007588824,-0.0074299999999993815,-4.5999999997548e-05,-1.7999999982976078e-05,1476,1,0,1,0,1,0,1.3,4012.9021907244414,92.75538780094787,7112.468127338725,0,1477
1099.25,1.3,8.5,-2.6,3227.1995,91.18345,-1.1859999999996944,0.0005000000005566108,0.0005000000010113581,-0.007470000000012078,-4.0000000012696546e-05,5.999999984851456e-06,1477,1,0,1,0,1,0,1.3,4012.370592151556,92.7543242435724,7116.340766893631,0,1478
1099.75,1.3,8.5,-2.6,3226.0137,91.175934,-1.1858000000001994,0.00019999999949504854,-0.0003000000010615622,-0.007515999999995415,-4.599999998333715e-05,-5.9999999706406015e-06,1478,1,0,1,0,1,0,1.3,4011.838910682894,92.75325704259635,7120.211983488479,0,1479
1099.25,1.3,8.5,-2.6,3224.8281,91.16838,-1.1855999999997948,0.00020000000040454324,9.094947017729282e-13,-0.0075539999999989504,-3.8000000003535206e-05,7.999999979801942e-06,1479,1,0,1,0,1,0,1.3,4011.3071466216215,92.75218617972973,7124.081777363271,0,1480
1099.25,1.3,8.5,-2.6,3223.6428,91.16079,-1.1853000000000975,0.00029999999969732016,9.999999929277692e-05,-0.007589999999993324,-3.5999999994373866e-05,2.00000000916134e-06,1480,1,0,1,0,1,0,1.3,4010.7753003376097,92.75111163808238,7127.950148878006,0,1481
1099.0,1.3,8.5,-2.6,3222.458,91.15315,-1.1847999999999956,0.0005000000001018634,0.00020000000040454324,-0.007640000000009195,-5.000000001587068e-05,-1.4000000021496817e-05,1481,1,0,1,0,1,0,1.3,4010.2433723346826,92.75003339136302,7131.817098632684,0,1482
1099.0,1.3,8.5,-2.6,3221.2732,91.14548,-1.1847999999999956,0.0,-0.0005000000001018634,-0.007669999999990296,-2.99999999811007e-05,2.0000000034769982e-05,1482,1,0,1,0,1,0,1.3,4009.7113627781528,92.7489514268375,7135.682626627305,0,1483
1098.75,1.3,8.5,-2.6,3220.0889,91.13776,-1.1842999999998938,0.0005000000001018634,0.0005000000001018634,-0.007720000000006166,-5.000000001587068e-05,-2.0000000034769982e-05,1483,1,0,1,0,1,0,1.3,4009.1792721698116,92.74786571832884,7139.546733461869,0,1484
1097.25,1.3,8.5,-2.6,3218.9048,91.12999,-1.1841000000003987,0.00019999999949504854,-0.00030000000060681487,-0.007769999999993615,-4.999999998744897e-05,2.842170943040401e-14,1484,1,0,1,0,1,0,1.3,4008.6471008080807,92.74677623973065,7143.409419376377,0,1485
1096.25,1.3,8.5,-2.6,3217.721,91.122185,-1.183799999999792,0.00030000000060681487,0.00010000000111176632,-0.007805000000004725,-3.500000001110948e-05,1.4999999976339495e-05,1485,1,0,1,0,1,0,1.3,4008.1148490578735,92.74568297510093,7147.270684730827,0,1486
1094.25,1.3,8.5,-2.6,3216.5374,91.11434,-1.1835999999998421,0.0001999999999497959,-0.00010000000065701897,-0.00784500000000321,-3.999999999848569e-05,-4.9999999873762135e-06,1486,1,0,1,0,1,0,1.3,4007.5825172158707,92.74458590517821,7151.130529765221,0,1487
1094.75,1.3,8.5,-2.6,3215.3542,91.10645,-1.1831999999999425,0.0003999999998995918,0.0001999999999497959,-0.007890000000003283,-4.500000000007276e-05,-5.000000001587068e-06,1487,1,0,1,0,1,0,1.3,4007.050105712366,92.74348500739247,7154.988954959558,0,1488
1095.0,1.3,8.5,-2.6,3214.1714,91.09852,-1.182800000000043,0.0003999999998995918,0.0,-0.007930000000001769,-3.999999999848569e-05,5.000000001587068e-06,1488,1,0,1,0,1,0,1.3,4006.5176149764943,92.74238026259233,7158.8459607938385,0,1489
1096.25,1.3,8.5,-2.6,3212.9888,91.090546,-1.1826000000000931,0.0001999999999497959,-0.0001999999999497959,-0.007973999999990156,-4.399999998838666e-05,-3.999999989900971e-06,1489,1,0,1,0,1,0,1.3,4005.9850453020135,92.74127164899329,7162.701547508062,0,1490
1097.75,1.3,8.5,-2.6,3211.8064,91.08253,-1.1824000000001433,0.0001999999999497959,0.0,-0.008015999999997803,-4.200000000764703e-05,1.9999999807396307e-06,1490,1,0,1,0,1,0,1.3,4005.4523969818915,92.74015914621059,7166.555715342229,0,1491
1096.75,1.3,8.5,-2.6,3210.6243,91.07447,-1.1820999999999913,0.0003000000001520675,0.00010000000020227162,-0.0080600000000004,-4.400000000259752e-05,-1.9999999949504854e-06,1491,1,0,1,0,1,0,1.3,4004.919670375335,92.73904273257374,7170.408464656339,0,1492
1095.25,1.3,8.5,-2.6,3209.4426,91.06637,-1.1817000000000917,0.0003999999998995918,9.999999974752427e-05,-0.008099999999998886,-3.999999999848569e-05,4.0000000041118255e-06,1492,1,0,1,0,1,0,1.3,4004.386865907569,92.73792238914936,7174.259795930392,0,1493
1095.75,1.3,8.5,-2.6,3208.2612,91.05823,-1.1813999999999396,0.0003000000001520675,-9.999999974752427e-05,-0.008140000000011582,-4.0000000012696546e-05,-1.4210854715202004e-14,1493,1,0,1,0,1,0,1.3,4003.853983935743,92.73679809705489,7178.109709524389,0,1494
1096.25,1.3,8.5,-2.6,3207.08,91.05003,-1.1811999999999898,0.0001999999999497959,-0.00010000000020227162,-0.008199999999987995,-5.9999999976412255e-05,-1.999999996371571e-05,1494,1,0,1,0,1,0,1.3,4003.321024749164,92.73566982408028,7181.958205678328,0,1495
1096.25,1.3,8.5,-2.6,3205.8994,91.04181,-1.1806000000001404,0.0005999999998493877,0.0003999999998995918,-0.008220000000008554,-2.0000000020559128e-05,3.999999995585313e-05,1495,1,0,1,0,1,0,1.3,4002.787988903743,92.73453756483957,7185.805285112211,0,1496
1096.75,1.3,8.5,-2.6,3204.7188,91.03353,-1.1805999999996857,4.547473508864641e-13,-0.0005999999993946403,-0.008279999999999177,-5.999999999062311e-05,-3.999999997006398e-05,1496,1,0,1,0,1,0,1.3,4002.2548765531064,92.73340128724114,7189.650947826038,0,1497
1094.75,1.3,8.5,-2.6,3203.5386,91.025215,-1.1802000000002408,0.00039999999944484443,0.0003999999989900971,-0.008314999999996076,-3.499999999689862e-05,2.4999999993724487e-05,1497,1,0,1,0,1,0,1.3,4001.72168811749,92.73226097596795,7193.495194299808,0,1498
1096.75,1.3,8.5,-2.6,3202.359,91.01685,-1.1795999999999367,0.000600000000304135,0.0002000000008592906,-0.008364999999997735,-5.000000000165983e-05,-1.5000000004761205e-05,1498,1,0,1,0,1,0,1.3,4001.188424149433,92.73111660573716,7197.338025253521,0,1499
1095.75,1.3,8.5,-2.6,3201.1792,91.008446,-1.1797999999998865,-0.0001999999999497959,-0.0008000000002539309,-0.008403999999998746,-3.900000000101045e-05,1.100000000064938e-05,1499,1,0,1,0,1,0,1.3,4000.655084666667,92.72996815866667,7201.1794404471775,0,1500
1094.75,1.3,8.5,-2.6,3200.0,91.0,-1.179200000000037,0.0005999999998493877,0.0007999999997991836,-0.008446000000006393,-4.200000000764703e-05,-3.000000006636583e-06,1500,1,0,1,0,1,0,1.3,4000.1216702198535,92.72881561492338,7205.019440600778,0,1501
1093.75,1.3,8.5,-2.6,3198.821,90.99151,-1.1790000000000873,0.0001999999999497959,-0.0003999999998995918,-0.00848999999999478,-4.399999998838666e-05,-1.9999999807396307e-06,1501,1,0,1,0,1,0,1.3,3999.5881810918772,92.72765895339546,7208.858025954321,0,1502
1092.75,1.3,8.5,-2.6,3197.6423,90.98297,-1.1786999999999352,0.0003000000001520675,0.00010000000020227162,-0.00854000000001065,-5.000000001587068e-05,-6.00000002748402e-06,1502,1,0,1,0,1,0,1.3,3999.054617631404,92.72649814903527,7212.695196867808,0,1503
1092.25,1.3,8.5,-2.6,3196.464,90.974396,-1.1783000000000357,0.0003999999998995918,9.999999974752427e-05,-0.008573999999995863,-3.3999999985212526e-05,1.6000000030658157e-05,1503,1,0,1,0,1,0,1.3,3998.5209802526597,92.7253331875,7216.530953821238,0,1504
1089.75,1.3,8.5,-2.6,3195.2861,90.96577,-1.177900000000136,0.0003999999998995918,0.0,-0.008625999999992473,-5.199999999661031e-05,-1.8000000011397788e-05,1504,1,0,1,0,1,0,1.3,3997.9872693687707,92.7241640425249,7220.365297294612,0,1505
1090.0,1.3,8.5,-2.6,3194.1086,90.95711,-1.1774999999997817,0.00040000000035433914,4.547473508864641e-13,-0.008660000000006107,-3.4000000013634235e-05,1.7999999982976078e-05,1505,1,0,1,0,1,0,1.3,3997.453485391766,92.7229906998672,7224.198227767929,0,1506
1091.75,1.3,8.5,-2.4,3192.9312,90.948395,-1.1774000000000342,9.999999974752427e-05,-0.00030000000060681487,-0.008714999999995143,-5.499999998903604e-05,-2.0999999975401806e-05,1506,1,0,1,0,1,0,1.0999999999999999,3996.91962853351,92.72181313138685,7228.02974536119,0,1507
1092.75,1.3,8.5,-2.4,3191.7542,90.939644,-1.1770000000001346,0.0003999999998995918,0.0003000000001520675,-0.008751000000003728,-3.600000000858472e-05,1.899999998045132e-05,1507,1,0,1,0,1,0,1.0999999999999999,3996.385699204244,92.72063132161803,7231.859850554394,0,1508
1092.25,1.3,8.5,-2.4,3190.5776,90.930855,-1.1765999999997803,0.00040000000035433914,4.547473508864641e-13,-0.008789000000007263,-3.8000000003535206e-05,-1.9999999949504854e-06,1508,1,0,1,0,1,0,1.0999999999999999,3995.8516978131215,92.71944525381048,7235.688543827541,0,1509
1093.75,1.2,8.5,-2.4,3189.4014,90.92201,-1.1761999999998807,0.0003999999998995918,-4.547473508864641e-13,-0.008844999999993775,-5.5999999986511284e-05,-1.7999999982976078e-05,1509,1,0,1,0,1,0,1.2,3995.317624768212,92.71825489933775,7239.515825660633,0,1510
1092.25,1.2,8.5,-2.4,3188.2253,90.91314,-1.1761000000001332,9.999999974752427e-05,-0.0003000000001520675,-0.00887000000000171,-2.500000000793534e-05,3.099999997857594e-05,1510,1,0,1,0,1,0,1.2,3994.7834802779616,92.71706025016546,7243.3416961736675,0,1511
1094.75,1.2,8.5,-2.4,3187.0496,90.90422,-1.1757000000002336,0.0003999999998995918,0.0003000000001520675,-0.00892000000000337,-5.000000000165983e-05,-2.4999999993724487e-05,1511,1,0,1,0,1,0,1.2,3994.249264748677,92.71586128174603,7247.166155846646,0,1512
1094.75,1.2,8.5,-2.4,3185.8743,90.895256,-1.1752999999998792,0.00040000000035433914,4.547473508864641e-13,-0.008963999999991756,-4.399999998838666e-05,6.000000013273166e-06,1512,1,0,1,0,1,0,1.2,3993.7149785855913,92.71465797356245,7250.989205159568,0,1513
1096.25,1.2,8.5,-2.4,3184.6992,90.88625,-1.1750999999999294,0.0001999999999497959,-0.00020000000040454324,-0.009005999999999403,-4.200000000764703e-05,1.9999999807396307e-06,1513,1,0,1,0,1,0,1.2,3993.180622060766,92.71345030647292,7254.810844352433,0,1514
1096.25,1.2,8.5,-2.4,3183.5247,90.877205,-1.17450000000008,0.0005999999998493877,0.0003999999998995918,-0.009045000000000414,-3.900000000101045e-05,3.000000006636583e-06,1514,1,0,1,0,1,0,1.2,3992.6461957095707,92.71223826336633,7258.631074145243,0,1515
1096.0,1.2,8.5,-2.4,3182.3503,90.86812,-1.1743999999998778,0.00010000000020227162,-0.0004999999996471161,-0.0090849999999989,-3.999999999848569e-05,-9.999999974752427e-07,1515,1,0,1,0,1,0,1.2,3992.111699736148,92.71102182651714,7262.449894657996,0,1516
1094.75,1.2,8.5,-2.4,3181.1765,90.85899,-1.1738000000000284,0.0005999999998493877,0.0004999999996471161,-0.009129999999998972,-4.500000000007276e-05,-5.000000001587068e-06,1516,1,0,1,0,1,0,1.2,3991.577134673698,92.70980097495057,7266.267306610692,0,1517
1094.75,1.2,8.5,-2.4,3180.003,90.84982,-1.1734999999998763,0.0003000000001520675,-0.00029999999969732016,-0.009170000000011669,-4.0000000012696546e-05,4.9999999873762135e-06,1517,1,0,1,0,1,0,1.2,3991.0425008563902,92.70857569104085,7270.083310363332,0,1518
1095.25,1.2,8.5,-2.4,3178.8298,90.840614,-1.173200000000179,0.00029999999969732016,-4.547473508864641e-13,-0.009205999999991832,-3.599999998016301e-05,4.000000032533535e-06,1518,1,0,1,0,1,0,1.2,3990.5077986175115,92.707345959842,7273.897906275916,0,1519
1093.75,1.2,8.5,-2.4,3177.657,90.83137,-1.1727999999998246,0.00040000000035433914,0.00010000000065701897,-0.009243999999995367,-3.8000000003535206e-05,-2.000000023372195e-06,1519,1,0,1,0,1,0,1.2,3989.9730283552635,92.70611176513157,7277.7110948284435,0,1520
1091.75,1.2,8.5,-2.4,3176.4844,90.822075,-1.1726000000003296,0.00019999999949504854,-0.0002000000008592906,-0.009295000000008713,-5.1000000013345925e-05,-1.300000000981072e-05,1520,1,0,1,0,1,0,1.2,3989.4381903353055,92.70487308218277,7281.522876260915,0,1521
1092.25,1.2,8.5,-2.4,3175.3123,90.812744,-1.172099999999773,0.0005000000005566108,0.0003000000010615622,-0.009331000000003087,-3.5999999994373866e-05,1.500000001897206e-05,1521,1,0,1,0,1,0,1.2,3988.903285019711,92.70362989618921,7285.33325117333,0,1522
1091.25,1.2,8.5,-2.4,3174.1406,90.803375,-1.1716999999998734,0.0003999999998995918,-0.00010000000065701897,-0.009368999999992411,-3.799999998932435e-05,-1.9999999949504854e-06,1522,1,0,1,0,1,0,1.2,3988.368312803677,92.70238219107026,7289.142220045689,0,1523
1094.25,1.2,8.5,-2.4,3172.9692,90.79396,-1.171400000000176,0.00029999999969732016,-0.00010000000020227162,-0.00941500000000417,-4.600000001175886e-05,-8.000000022434506e-06,1523,1,0,1,0,1,0,1.2,3987.833274015748,92.70112994553806,7292.949783237991,0,1524
1094.25,1.2,8.5,-2.4,3171.798,90.784515,-1.1712000000002263,0.0001999999999497959,-9.999999974752427e-05,-0.009444999999999482,-2.9999999995311555e-05,1.6000000016447302e-05,1524,1,0,1,0,1,0,1.2,3987.298168918033,92.69987314885246,7296.755940990238,0,1525
1095.75,1.2,8.5,-2.4,3170.6274,90.775024,-1.1705999999999221,0.000600000000304135,0.00040000000035433914,-0.00949099999999703,-4.5999999997548e-05,-1.6000000002236447e-05,1525,1,0,1,0,1,0,1.2,3986.762998034076,92.69861177981652,7300.560694022428,0,1526
1095.75,1.2,8.5,-2.4,3169.4573,90.765495,-1.1700999999998203,0.0005000000001018634,-0.00010000000020227162,-0.009529000000000565,-3.8000000003535206e-05,7.999999994012796e-06,1526,1,0,1,0,1,0,1.2,3986.227761820563,92.69734582252784,7304.364042934561,0,1527
1095.75,1.2,8.5,-2.4,3168.2874,90.75593,-1.1698999999998705,0.0001999999999497959,-0.0003000000001520675,-0.009564999999994939,-3.5999999994373866e-05,2.00000000916134e-06,1527,1,0,1,0,1,0,1.2,3985.692460536649,92.69607526243456,7308.1659879666395,0,1528
1096.0,1.2,8.5,-2.4,3167.1177,90.746315,-1.1697000000003754,0.00019999999949504854,-4.547473508864641e-13,-0.00961500000001081,-5.000000001587068e-05,-1.4000000021496817e-05,1528,1,0,1,0,1,0,1.2,3985.157094440811,92.69480007586658,7311.966529358661,0,1529
1095.25,1.2,8.5,-2.4,3165.9487,90.73667,-1.168999999999869,0.0007000000005064066,0.0005000000010113581,-0.00964499999999191,-2.99999999811007e-05,2.0000000034769982e-05,1529,1,0,1,0,1,0,1.2,3984.6216641176466,92.69352025228757,7315.765667950626,0,1530
1096.75,1.2,8.5,-2.4,3164.7798,90.72699,-1.1689000000001215,9.999999974752427e-05,-0.0006000000007588824,-0.00968000000000302,-3.500000001110948e-05,-5.000000030008778e-06,1530,1,0,1,0,1,0,1.2,3984.086169758328,92.69223577792292,7319.563403862536,0,1531
1096.75,1.2,8.5,-2.4,3163.6116,90.71726,-1.168199999999615,0.0007000000005064066,0.0006000000007588824,-0.00973000000000468,-5.000000000165983e-05,-1.499999999055035e-05,1531,1,0,1,0,1,0,1.2,3983.5506119451693,92.69094662924282,7323.359737934389,0,1532
1096.25,1.2,8.5,-2.4,3162.4436,90.707504,-1.16800000000012,0.00019999999949504854,-0.0005000000010113581,-0.009755999999995879,-2.599999999119973e-05,2.40000000104601e-05,1532,1,0,1,0,1,0,1.2,3983.0149909328115,92.68965279843445,7327.154670406187,0,1533
1094.75,1.2,8.5,-2.4,3161.276,90.6977,-1.1676000000002205,0.0003999999998995918,0.00020000000040454324,-0.009804000000002588,-4.800000000670934e-05,-2.2000000015509613e-05,1533,1,0,1,0,1,0,1.2,3982.4793071056065,92.68835426336375,7330.948201757928,0,1534
1094.25,1.2,8.5,-2.4,3160.1086,90.68787,-1.167399999999816,0.00020000000040454324,-0.00019999999949504854,-0.009829999999993788,-2.599999999119973e-05,2.2000000015509613e-05,1534,1,0,1,0,1,0,1.2,3981.9435607166124,92.68705101628665,7334.740332229613,0,1535
1094.25,1.2,8.5,-2.4,3158.942,90.677986,-1.1666000000000167,0.0007999999997991836,0.0005999999993946403,-0.00988399999999956,-5.400000000577165e-05,-2.8000000014571924e-05,1535,1,0,1,0,1,0,1.2,3981.407752408854,92.68574303125,7338.531062781242,0,1536
1095.25,1.2,8.5,-2.4,3157.7756,90.668076,-1.166400000000067,0.0001999999999497959,-0.0005999999998493877,-0.00991000000000497,-2.6000000005410584e-05,2.800000000036107e-05,1536,1,0,1,0,1,0,1.2,3980.871882433312,92.68443030058555,7342.320393652815,0,1537
1095.0,1.2,8.5,-2.4,3156.6096,90.65813,-1.1660000000001673,0.0003999999998995918,0.0001999999999497959,-0.009945999999999344,-3.5999999994373866e-05,-9.999999988963282e-06,1537,1,0,1,0,1,0,1.2,3980.335951170351,92.68311281014303,7346.108325324333,0,1538
1094.25,1.2,8.5,-2.4,3155.444,90.64814,-1.165599999999813,0.00040000000035433914,4.547473508864641e-13,-0.009990000000001942,-4.400000000259752e-05,-8.000000008223651e-06,1538,1,0,1,0,1,0,1.2,3979.7999589993506,92.68179054061078,7349.894858275794,0,1539
1094.25,1.2,8.5,-2.4,3154.2788,90.638115,-1.1651999999999134,0.0003999999998995918,-4.547473508864641e-13,-0.01002499999999884,-3.499999999689862e-05,9.000000005698894e-06,1539,1,0,1,0,1,0,1.2,3979.263906298701,92.68046347857143,7353.6799929871995,0,1540
1094.75,1.2,8.5,-2.4,3153.114,90.62805,-1.1648000000000138,0.0003999999998995918,0.0,-0.010064999999997326,-3.999999999848569e-05,-5.000000001587068e-06,1540,1,0,1,0,1,0,1.2,3978.7277934458143,92.67913160739779,7357.4637299385495,0,1541
1094.5,1.2,8.5,-2.4,3151.9497,90.61796,-1.164299999999912,0.0005000000001018634,0.00010000000020227162,-0.010090000000005261,-2.500000000793534e-05,1.499999999055035e-05,1541,1,0,1,0,1,0,1.2,3978.191620881971,92.67779492023347,7361.246069729843,0,1542
1093.25,1.2,8.5,-2.4,3150.7856,90.60782,-1.1640999999999622,0.0001999999999497959,-0.0003000000001520675,-0.01013999999999271,-4.999999998744897e-05,-2.4999999979513632e-05,1542,1,0,1,0,1,0,1.2,3977.655388852884,92.6764533940376,7365.02701260108,0,1543
1092.25,1.2,8.5,-2.4,3149.622,90.59765,-1.163600000000315,0.0004999999996471161,0.00029999999969732016,-0.010170000000002233,-3.000000000952241e-05,1.9999999977926564e-05,1543,1,0,1,0,1,0,1.2,3977.1190977979277,92.67510701878238,7368.806559152263,0,1544
1093.25,1.2,8.5,-2.4,3148.459,90.58744,-1.163000000000011,0.000600000000304135,0.00010000000065701897,-0.010210000000000719,-3.999999999848569e-05,-9.999999988963282e-06,1544,1,0,1,0,1,0,1.2,3976.582748220065,92.67375577799352,7372.584710103389,0,1545
1093.0,1.2,8.5,-2.4,3147.2964,90.5772,-1.1625999999996566,0.00040000000035433914,-0.0001999999999497959,-0.01023999999999603,-2.9999999995311555e-05,1.0000000003174137e-05,1545,1,0,1,0,1,0,1.2,3976.0463404915913,92.67239966170763,7376.3614659344585,0,1546
1093.75,1.2,8.5,-2.4,3146.134,90.566925,-1.1624000000001615,0.00019999999949504854,-0.0002000000008592906,-0.01027500000000714,-3.500000001110948e-05,-5.000000015797923e-06,1546,1,0,1,0,1,0,1.2,3975.509874854557,92.671038656755,7380.136826885473,0,1547
1093.75,1.2,8.5,-2.4,3144.9722,90.55661,-1.1617999999998574,0.000600000000304135,0.0004000000008090865,-0.010314999999991414,-3.9999999984274837e-05,-4.999999973165359e-06,1547,1,0,1,0,1,0,1.2,3974.973351808785,92.66967274677003,7383.910793676431,0,1548
1093.75,1.2,8.5,-2.4,3143.8108,90.54626,-1.1613999999999578,0.0003999999998995918,-0.00020000000040454324,-0.010350000000002524,-3.500000001110948e-05,4.999999973165359e-06,1548,1,0,1,0,1,0,1.2,3974.4367717236923,92.66830191865719,7387.683366787334,0,1549
1094.75,1.2,8.5,-2.4,3142.65,90.53587,-1.1608000000001084,0.0005999999998493877,0.0001999999999497959,-0.01039000000000101,-3.999999999848569e-05,-4.9999999873762135e-06,1549,1,0,1,0,1,0,1.2,3973.900135096774,92.66692615612904,7391.454546938182,0,1550
1094.25,1.2,8.5,-2.4,3141.4893,90.52545,-1.1606999999999061,0.00010000000020227162,-0.0004999999996471161,-0.010419999999996321,-2.9999999995311555e-05,1.0000000003174137e-05,1550,1,0,1,0,1,0,1.2,3973.3634421018696,92.6655454493875,7395.224334248974,0,1551
1094.25,1.2,8.5,-2.4,3140.329,90.515,-1.1603000000000065,0.0003999999998995918,0.00029999999969732016,-0.010450000000005844,-3.000000000952241e-05,-1.4210854715202004e-14,1551,1,0,1,0,1,0,1.2,3972.8266931056705,92.6641597886598,7398.992729199709,0,1552
1094.25,1.2,8.5,-2.4,3139.1694,90.50451,-1.159599999999955,0.0007000000000516593,0.0003000000001520675,-0.01049000000000433,-3.999999999848569e-05,-9.999999988963282e-06,1552,1,0,1,0,1,0,1.2,3972.2898886670964,92.66276915775919,7402.759732630389,0,1553
1094.0,1.2,8.5,-2.4,3138.0103,90.49399,-1.1591000000003078,0.0004999999996471161,-0.00020000000040454324,-0.01051999999999964,-2.9999999995311555e-05,1.0000000003174137e-05,1553,1,0,1,0,1,0,1.2,3971.753029214929,92.66137354697554,7406.5253451410135,0,1554
1095.25,1.2,8.5,-2.4,3136.8516,90.48343,-1.1586999999999534,0.00040000000035433914,-9.999999929277692e-05,-0.010559999999998126,-3.999999999848569e-05,-1.0000000003174137e-05,1554,1,0,1,0,1,0,1.2,3971.2161151125406,92.65997294019292,7410.289567211583,0,1555
1094.25,1.2,8.5,-2.4,3135.693,90.47283,-1.1585999999997512,0.00010000000020227162,-0.0003000000001520675,-0.010599999999996612,-3.999999999848569e-05,0.0,1555,1,0,1,0,1,0,1.2,3970.6791465295632,92.65856732133676,7414.052398962096,0,1556
1094.25,1.2,8.5,-2.4,3134.5352,90.462204,-1.1578000000004067,0.0007999999993444362,0.0006999999991421646,-0.010626000000002023,-2.6000000005410584e-05,1.3999999993075107e-05,1556,1,0,1,0,1,0,1.2,3970.1421240847785,92.65715668336546,7417.813841352554,0,1557
1095.75,1.2,8.5,-2.4,3133.3777,90.451546,-1.1574999999998,0.00030000000060681487,-0.0004999999987376214,-0.010658000000006496,-3.2000000004472895e-05,-5.999999999062311e-06,1557,1,0,1,0,1,0,1.2,3969.6050480744548,92.65574101540437,7421.573894742955,0,1558
1095.5,1.2,8.5,-2.4,3132.2207,90.44085,-1.1570000000001528,0.0004999999996471161,0.0001999999990403012,-0.01069599999999582,-3.799999998932435e-05,-5.999999984851456e-06,1558,1,0,1,0,1,0,1.2,3969.067918922386,92.65432030275818,7425.332559733302,0,1559
1095.75,1.2,8.5,-2.4,3131.0642,90.43012,-1.156500000000051,0.0005000000001018634,4.547473508864641e-13,-0.010729999999995243,-3.399999999942338e-05,3.999999989900971e-06,1559,1,0,1,0,1,0,1.2,3968.530737051282,92.65289453333334,7429.089836923594,0,1560
1094.75,1.2,8.5,-2.4,3129.9082,90.419365,-1.155999999999949,0.0005000000001018634,0.0,-0.010755000000003179,-2.500000000793534e-05,8.999999991488039e-06,1560,1,0,1,0,1,0,1.2,3967.9935028827676,92.6514637008328,7432.845726913829,0,1561
1095.75,1.2,8.5,-2.4,3128.7524,90.40857,-1.1557999999999993,0.0001999999999497959,-0.0003000000001520675,-0.010795000000001664,-3.999999999848569e-05,-1.499999999055035e-05,1561,1,0,1,0,1,0,1.2,3967.456216645326,92.6500277893726,7436.600229944009,0,1562
1095.5,1.2,8.5,-2.4,3127.5974,90.39774,-1.1549999999997453,0.0008000000002539309,0.000600000000304135,-0.010829999999998563,-3.499999999689862e-05,5.000000001587068e-06,1562,1,0,1,0,1,0,1.2,3966.9188789507357,92.64858678630837,7440.353346974134,0,1563
1096.75,1.2,8.5,-2.4,3126.4426,90.38689,-1.1548000000002503,0.00019999999949504854,-0.0006000000007588824,-0.010850000000004911,-2.0000000006348273e-05,1.499999999055035e-05,1563,1,0,1,0,1,0,1.2,3966.381490025575,92.64714068861892,7444.1050782442035,0,1564
1098.25,1.2,8.5,-2.4,3125.2883,90.37599,-1.1542999999996937,0.0005000000005566108,0.0003000000010615622,-0.01089999999999236,-4.999999998744897e-05,-2.99999999811007e-05,1564,1,0,1,0,1,0,1.2,3965.8440502875396,92.6456894741214,7447.855424354217,0,1565
1098.0,1.2,8.5,-2.4,3124.1345,90.36507,-1.1538000000000466,0.0004999999996471161,-9.094947017729282e-13,-0.010919999999998709,-2.0000000006348273e-05,2.99999999811007e-05,1565,1,0,1,0,1,0,1.2,3965.306560153257,92.64423313984673,7451.604385904176,0,1566
1098.75,1.2,8.5,-2.4,3122.9812,90.35411,-1.1532999999999447,0.0005000000001018634,4.547473508864641e-13,-0.010959999999997194,-3.999999999848569e-05,-1.9999999992137418e-05,1566,1,0,1,0,1,0,1.2,3964.7690200382895,92.6427716700702,7455.3519634940785,0,1567
1099.75,1.2,8.5,-2.4,3121.8284,90.343124,-1.1528000000002976,0.0004999999996471161,-4.547473508864641e-13,-0.010986000000002605,-2.6000000005410584e-05,1.3999999993075107e-05,1567,1,0,1,0,1,0,1.2,3964.231430357143,92.64130505803573,7459.098157723926,0,1568
1099.75,1.2,8.5,-2.4,3120.676,90.3321,-1.1523999999999432,0.00040000000035433914,-9.999999929277692e-05,-0.01102400000000614,-3.8000000003535206e-05,-1.1999999998124622e-05,1568,1,0,1,0,1,0,1.2,3963.6937914595283,92.63983328935629,7462.842969073718,0,1569
1100.25,1.2,8.5,-2.4,3119.5242,90.321045,-1.1518000000000939,0.0005999999998493877,0.00019999999949504854,-0.011054999999998927,-3.09999999927868e-05,7.000000010748408e-06,1569,1,0,1,0,1,0,1.2,3963.156103821656,92.63835635414013,7466.5863982634555,0,1570
1101.75,1.2,8.5,-2.4,3118.3728,90.30997,-1.1513999999997395,0.00040000000035433914,-0.00019999999949504854,-0.011074999999991064,-1.9999999992137418e-05,1.100000000064938e-05,1570,1,0,1,0,1,0,1.2,3962.6183677912154,92.63687424952259,7470.328445773138,0,1571
1101.75,1.2,8.5,-2.4,3117.222,90.29885,-1.1507999999998901,0.0005999999998493877,0.00019999999949504854,-0.011120000000005348,-4.5000000014283614e-05,-2.5000000022146196e-05,1571,1,0,1,0,1,0,1.2,3962.080583842239,92.63538695674299,7474.069112322764,0,1572
1101.25,1.2,8.5,-2.4,3116.0715,90.287704,-1.1505000000001928,0.00029999999969732016,-0.0003000000001520675,-0.011145999999996548,-2.599999999119973e-05,1.9000000023083885e-05,1572,1,0,1,0,1,0,1.2,3961.5427522568343,92.6338944691672,7477.808398272336,0,1573
1102.25,1.2,8.5,-2.4,3114.9216,90.27653,-1.1498999999998887,0.000600000000304135,0.00030000000060681487,-0.01117400000001112,-2.8000000014571924e-05,-2.000000023372195e-06,1573,1,0,1,0,1,0,1.2,3961.0048735069886,92.63239677890725,7481.546304341852,0,1574
1102.25,1.2,8.5,-2.4,3113.7722,90.26531,-1.1494000000002416,0.0004999999996471161,-0.00010000000065701897,-0.011219999999994457,-4.599999998333715e-05,-1.7999999968765223e-05,1574,1,0,1,0,1,0,1.2,3960.466948,92.63089386666667,7485.282831131313,0,1575
1102.75,1.2,8.5,-2.4,3112.6233,90.254074,-1.148899999999685,0.0005000000005566108,9.094947017729282e-13,-0.011235999999996693,-1.6000000002236447e-05,2.99999999811007e-05,1575,1,0,1,0,1,0,1.2,3959.928976142132,92.6293857322335,7489.017979240719,0,1576
1103.25,1.2,8.5,-2.4,3111.4749,90.242805,-1.1484000000000378,0.0004999999996471161,-9.094947017729282e-13,-0.011268999999998641,-3.300000000194814e-05,-1.699999999971169e-05,1576,1,0,1,0,1,0,1.2,3959.3909583386176,92.62787236461637,7492.75174927007,0,1577
1103.25,1.2,8.5,-2.4,3110.327,90.23151,-1.147899999999936,0.0005000000001018634,4.547473508864641e-13,-0.011295000000004052,-2.6000000005410584e-05,6.999999996537554e-06,1577,1,0,1,0,1,0,1.2,3958.852894993663,92.6263537572877,7496.4841418193655,0,1578
1103.5,1.2,8.5,-2.4,3109.1794,90.22018,-1.1476000000002387,0.00029999999969732016,-0.00020000000040454324,-0.01133000000000095,-3.499999999689862e-05,-8.999999991488039e-06,1578,1,0,1,0,1,0,1.2,3958.314786383787,92.62482989803674,7500.215157248606,0,1579
1102.75,1.2,8.5,-2.4,3108.0325,90.20882,-1.146900000000187,0.0007000000000516593,0.00040000000035433914,-0.011359999999996262,-2.9999999995311555e-05,5.000000001587068e-06,1579,1,0,1,0,1,0,1.2,3957.7766330379745,92.6233007778481,7503.944796397792,0,1580
1101.25,1.2,8.5,-2.4,3106.886,90.197426,-1.1464999999998327,0.00040000000035433914,-0.00029999999969732016,-0.011394000000009896,-3.4000000013634235e-05,-4.00000001832268e-06,1580,1,0,1,0,1,0,1.2,3957.2384352941176,92.62176638519924,7507.673059746922,0,1581
1099.75,1.2,8.5,-2.4,3105.74,90.18601,-1.1460000000001855,0.0004999999996471161,9.999999929277692e-05,-0.011415999999996984,-2.1999999987087904e-05,1.2000000026546331e-05,1581,1,0,1,0,1,0,1.2,3956.700193552465,92.62022671618205,7511.399947895998,0,1582
1100.75,1.2,8.5,-2.4,3104.5945,90.17456,-1.145499999999629,0.0005000000005566108,9.094947017729282e-13,-0.011449999999996407,-3.399999999942338e-05,-1.2000000012335477e-05,1582,1,0,1,0,1,0,1.2,3956.1619082122547,92.61868175931774,7515.125461445018,0,1583
1100.5,1.2,8.5,-2.4,3103.4497,90.163086,-1.144800000000032,0.000699999999596912,0.0001999999990403012,-0.011473999999992657,-2.3999999996249244e-05,1.0000000003174137e-05,1583,1,0,1,0,1,0,1.2,3955.62357979798,92.6171315094697,7518.849601233984,0,1584
1100.5,1.2,8.5,-2.4,3102.3052,90.15158,-1.1445000000003347,0.00029999999969732016,-0.0003999999998995918,-0.01150600000001134,-3.200000001868375e-05,-8.000000022434506e-06,1584,1,0,1,0,1,0,1.2,3955.0852085804413,92.61557595646688,7522.5723676228945,0,1585
1100.25,1.2,8.5,-2.4,3101.1614,90.140045,-1.1437999999998283,0.0007000000005064066,0.0004000000008090865,-0.011534999999994966,-2.8999999983625457e-05,3.0000000350582923e-06,1585,1,0,1,0,1,0,1.2,3954.5467950819675,92.61401509205548,7526.2937614517505,0,1586
1099.75,1.2,8.5,-2.4,3100.018,90.12848,-1.1433999999999287,0.0003999999998995918,-0.00030000000060681487,-0.011565000000004488,-3.000000000952241e-05,-1.0000000258969521e-06,1586,1,0,1,0,1,0,1.2,3954.008339634531,92.6124489073724,7530.013783200551,0,1587
1099.25,1.2,8.5,-2.4,3098.8752,90.11689,-1.1428000000000793,0.0005999999998493877,0.0001999999999497959,-0.011589999999998213,-2.4999999993724487e-05,5.000000015797923e-06,1587,1,0,1,0,1,0,1.2,3953.469842695214,92.61087739672544,7533.732433589297,0,1588
1096.75,1.2,8.5,-2.4,3097.733,90.10526,-1.1421999999997752,0.000600000000304135,4.547473508864641e-13,-0.011629999999996699,-3.999999999848569e-05,-1.5000000004761205e-05,1588,1,0,1,0,1,0,1.2,3952.93130471995,92.60930054499684,7537.449713337988,0,1589
1095.25,1.2,8.5,-2.4,3096.591,90.09362,-1.1420000000002801,0.00019999999949504854,-0.0004000000008090865,-0.011639999999999873,-1.0000000003174137e-05,2.9999999995311555e-05,1589,1,0,1,0,1,0,1.2,3952.3927259119496,92.60771835597484,7541.165622686625,0,1590
1095.5,1.2,8.5,-2.4,3095.4497,90.08194,-1.1412999999997737,0.0007000000005064066,0.0005000000010113581,-0.011679999999998358,-3.999999999848569e-05,-2.9999999995311555e-05,1590,1,0,1,0,1,0,1.2,3951.8541067881833,92.60613081458202,7544.880162475207,0,1591
1094.25,1.2,8.5,-2.4,3094.309,90.07024,-1.1406999999999243,0.0005999999998493877,-0.00010000000065701897,-0.011700000000004707,-2.0000000006348273e-05,1.9999999992137418e-05,1591,1,0,1,0,1,0,1.2,3951.3154478015076,92.6045379183417,7548.593333423733,0,1592
1093.75,1.2,8.5,-2.4,3093.169,90.0585,-1.1400000000003274,0.000699999999596912,9.999999974752427e-05,-0.011740000000003192,-3.999999999848569e-05,-1.9999999992137418e-05,1592,1,0,1,0,1,0,1.2,3950.7767494664154,92.6029396522285,7552.305136372205,0,1593
1094.25,1.2,8.5,-2.4,3092.0293,90.046745,-1.1396999999997206,0.00030000000060681487,-0.0003999999989900971,-0.011754999999993743,-1.499999999055035e-05,2.500000000793534e-05,1593,1,0,1,0,1,0,1.2,3950.23801204517,92.60133601693852,7556.015571680623,0,1594
1093.25,1.2,8.5,-2.4,3090.8901,90.03496,-1.1392000000000735,0.0004999999996471161,0.0001999999990403012,-0.011785000000003265,-3.000000000952241e-05,-1.500000001897206e-05,1594,1,0,1,0,1,0,1.2,3949.6992359247647,92.59972700376176,7559.724639948986,0,1595
1093.5,1.2,8.5,-2.4,3089.7515,90.02314,-1.138600000000224,0.0005999999998493877,0.00010000000020227162,-0.011820000000000164,-3.499999999689862e-05,-4.9999999873762135e-06,1595,1,0,1,0,1,0,1.2,3949.1604215538846,92.59811260087719,7563.432341897294,0,1596
1094.25,1.2,8.5,-2.4,3088.6135,90.01131,-1.13799999999992,0.000600000000304135,4.547473508864641e-13,-0.011830000000003338,-1.0000000003174137e-05,2.4999999993724487e-05,1596,1,0,1,0,1,0,1.2,3948.6215693800877,92.59649281214777,7567.138678245547,0,1597
1092.25,1.2,8.5,-2.4,3087.476,89.999435,-1.137499999999818,0.0005000000001018634,-0.00010000000020227162,-0.0118749999999892,-4.4999999985861905e-05,-3.499999998268777e-05,1597,1,0,1,0,1,0,1.2,3948.082679787234,92.59486761952441,7570.843649593746,0,1598
1092.5,1.2,8.5,-2.4,3086.339,89.98754,-1.137000000000171,0.0004999999996471161,-4.547473508864641e-13,-0.011895000000009759,-2.0000000020559128e-05,2.4999999965302777e-05,1598,1,0,1,0,1,0,1.2,3947.543753158224,92.5932370206379,7574.54725654189,0,1599
1092.25,1.2,8.5,-2.4,3085.2026,89.975624,-1.1363999999998668,0.000600000000304135,0.00010000000065701897,-0.011915999999999372,-2.099999998961266e-05,-9.999999690535333e-07,1599,1,0,1,0,1,0,1.2,3947.0047899375,92.59160101249999,7578.24949980998,0,1600
1092.25,1.2,8.5,-2.4,3084.067,89.96368,-1.1356000000000677,0.0007999999997991836,0.00019999999949504854,-0.011943999999999733,-2.800000000036107e-05,-7.000000010748408e-06,1600,1,0,1,0,1,0,1.2,3946.4657906933166,92.58995958775766,7581.9503803580155,0,1601
1092.25,1.2,8.5,-2.4,3082.9316,89.951706,-1.1354000000001179,0.0001999999999497959,-0.0005999999998493877,-0.011973999999995044,-2.9999999995311555e-05,-1.9999999949504854e-06,1601,1,0,1,0,1,0,1.2,3945.9267556179775,92.58831273782772,7585.649898425996,0,1602
1092.75,1.2,8.5,-2.4,3081.7969,89.939705,-1.1347000000000662,0.0007000000000516593,0.0005000000001018634,-0.01200099999999793,-2.7000000002885827e-05,2.999999992425728e-06,1602,1,0,1,0,1,0,1.2,3945.3876852152216,92.58666045601996,7589.348054853922,0,1603
1094.25,1.2,8.5,-2.4,3080.6626,89.92768,-1.1342999999997119,0.00040000000035433914,-0.00029999999969732016,-0.01202500000000839,-2.40000000104601e-05,2.999999992425728e-06,1603,1,0,1,0,1,0,1.2,3944.848579800499,92.58500273753117,7593.044850121794,0,1604
1094.25,1.2,8.5,-2.4,3079.529,89.915634,-1.133600000000115,0.000699999999596912,0.0002999999992425728,-0.012045999999998003,-2.099999998961266e-05,3.0000000208474376e-06,1604,1,0,1,0,1,0,1.2,3944.309439875389,92.58333957943925,7596.740285069612,0,1605
1094.5,1.2,8.5,-2.4,3078.396,89.90356,-1.1329999999998108,0.000600000000304135,-9.999999929277692e-05,-0.012073999999998364,-2.800000000036107e-05,-7.000000010748408e-06,1605,1,0,1,0,1,0,1.2,3943.7702658779576,92.58167097447074,7600.434360417375,0,1606
1095.75,1.2,8.5,-2.4,3077.2634,89.89146,-1.132600000000366,0.00039999999944484443,-0.0002000000008592906,-0.012100000000003774,-2.6000000005410584e-05,1.9999999949504854e-06,1606,1,0,1,0,1,0,1.2,3943.2310581207216,92.5799969166148,7604.127076645083,0,1607
1094.25,1.2,8.5,-2.4,3076.1316,89.87933,-1.1317999999996573,0.0008000000007086783,0.00040000000126383384,-0.012129999999999086,-2.9999999995311555e-05,-3.999999989900971e-06,1607,1,0,1,0,1,0,1.2,3942.691817164179,92.57831739738806,7607.818434712737,0,1608
1093.25,1.2,8.5,-2.4,3075.0002,89.86718,-1.1314000000002125,0.00039999999944484443,-0.00040000000126383384,-0.012149999999991223,-1.9999999992137418e-05,1.0000000003174137e-05,1608,1,0,1,0,1,0,1.2,3942.1525433188317,92.5766324145432,7611.508435100337,0,1609
1092.75,1.2,8.5,-2.4,3073.8696,89.85501,-1.1305999999999585,0.0008000000002539309,0.0004000000008090865,-0.012170000000011783,-2.0000000020559128e-05,-2.842170943040401e-14,1609,1,0,1,0,1,0,1.2,3941.613237142857,92.57494196583852,7615.197078767883,0,1610
1091.75,1.2,8.5,-2.4,3072.7395,89.84281,-1.1300999999998567,0.0005000000001018634,-0.0003000000001520675,-0.012199999999992883,-2.99999999811007e-05,-9.999999960541572e-06,1610,1,0,1,0,1,0,1.2,3941.0738990068285,92.57324604283055,7618.884366315375,0,1611
1091.75,1.2,8.5,-2.4,3071.6099,89.83059,-1.1296000000002095,0.0004999999996471161,-4.547473508864641e-13,-0.012219999999999231,-2.0000000006348273e-05,9.999999974752427e-06,1611,1,0,1,0,1,0,1.2,3940.534529280397,92.57154464330026,7622.570298342812,0,1612
1092.0,1.2,8.5,-2.4,3070.4807,89.818344,-1.1291999999998552,0.00040000000035433914,-9.999999929277692e-05,-0.012246000000004642,-2.6000000005410584e-05,-5.999999999062311e-06,1612,1,0,1,0,1,0,1.2,3939.9951282703037,92.56983776131433,7626.254875330195,0,1613
1090.25,1.2,8.5,-2.4,3069.3523,89.80607,-1.128400000000056,0.0007999999997991836,0.00039999999944484443,-0.012273999999990792,-2.7999999986150215e-05,-1.9999999807396307e-06,1613,1,0,1,0,1,0,1.2,3939.455696530359,92.568125389715,7629.938098237524,0,1614
1090.25,1.2,8.5,-2.4,3068.2246,89.79378,-1.1277000000000044,0.0007000000000516593,-9.999999974752427e-05,-0.01229000000000724,-1.6000000016447302e-05,1.1999999969702912e-05,1614,1,0,1,0,1,0,1.2,3938.9162345510836,92.56640752879258,7633.619967904799,0,1615
1090.75,1.2,8.5,-2.4,3067.0972,89.781456,-1.1273999999998523,0.0003000000001520675,-0.0003999999998995918,-0.012323999999992452,-3.3999999985212526e-05,-1.7999999968765223e-05,1615,1,0,1,0,1,0,1.2,3938.376742574257,92.56468416769802,7637.300484692019,0,1616
1091.0,1.2,8.5,-2.4,3065.9707,89.76912,-1.1265000000003056,0.0008999999995467078,0.0005999999993946403,-0.012336000000004788,-1.2000000012335477e-05,2.199999997287705e-05,1616,1,0,1,0,1,0,1.2,3937.837221212121,92.56295530921459,7640.979649679186,0,1617
1091.75,1.2,8.5,-2.4,3064.8445,89.75675,-1.1261999999996988,0.00030000000060681487,-0.000599999998939893,-0.012370000000004211,-3.399999999942338e-05,-2.1999999987087904e-05,1617,1,0,1,0,1,0,1.2,3937.297670704573,92.56122094252163,7644.657463226298,0,1618
1091.75,1.2,8.5,-2.4,3063.719,89.74437,-1.1255000000001019,0.000699999999596912,0.0003999999989900971,-0.012379999999993174,-9.999999988963282e-06,2.40000000104601e-05,1618,1,0,1,0,1,0,1.2,3936.7580915379867,92.55948107164916,7648.333926173357,0,1619
1092.25,1.2,8.5,-2.4,3062.5942,89.73196,-1.1248000000000502,0.0007000000000516593,4.547473508864641e-13,-0.012410000000002697,-3.000000000952241e-05,-2.0000000020559128e-05,1619,1,0,1,0,1,0,1.2,3936.2184841975313,92.5577356882716,7652.009039360361,0,1620
1094.25,1.2,8.5,-2.4,3061.47,89.71952,-1.1242000000002008,0.0005999999998493877,-0.00010000000020227162,-0.012439999999998008,-2.9999999995311555e-05,1.4210854715202004e-14,1620,1,0,1,0,1,0,1.2,3935.6788491054904,92.5559847840839,7655.682803507312,0,1621
1094.75,1.2,8.5,-2.4,3060.3462,89.70707,-1.1237999999998465,0.00040000000035433914,-0.00019999999949504854,-0.012450000000001182,-1.0000000003174137e-05,1.9999999992137418e-05,1621,1,0,1,0,1,0,1.2,3935.1391865598025,92.55422836313194,7659.355219094209,0,1622
1094.75,1.2,8.5,-2.4,3059.2231,89.694595,-1.1230999999997948,0.0007000000000516593,0.00029999999969732016,-0.012474999999994907,-2.4999999993724487e-05,-1.499999999055035e-05,1622,1,0,1,0,1,0,1.2,3934.5994970425136,92.55246642020948,7663.0262869610515,0,1623
1095.25,1.2,8.5,-2.4,3058.1008,89.68209,-1.1222999999999956,0.0007999999997991836,9.999999974752427e-05,-0.01250500000000443,-3.000000000952241e-05,-5.000000015797923e-06,1623,1,0,1,0,1,0,1.2,3934.059781096059,92.55069894704434,7666.69600806784,0,1624
1095.25,1.2,8.5,-2.4,3056.979,89.66957,-1.1218000000003485,0.0004999999996471161,-0.0003000000001520675,-0.01252000000000919,-1.5000000004761205e-05,1.5000000004761205e-05,1624,1,0,1,0,1,0,1.2,3933.5200390769232,92.54892594461539,7670.364383014576,0,1625
1095.25,1.2,8.5,-2.4,3055.8577,89.65703,-1.121299999999792,0.0005000000005566108,9.094947017729282e-13,-0.012539999999987117,-1.9999999977926564e-05,-4.999999973165359e-06,1625,1,0,1,0,1,0,1.2,3932.9802713407134,92.54714741082411,7674.031412401257,0,1626
1095.5,1.2,8.5,-2.4,3054.737,89.64446,-1.1206999999999425,0.0005999999998493877,9.999999929277692e-05,-0.01257000000001085,-3.0000000023733264e-05,-1.00000000458067e-05,1626,1,0,1,0,1,0,1.2,3932.4404783036266,92.54536333743084,7677.697096947883,0,1627
1096.25,1.2,8.5,-2.4,3053.6172,89.63188,-1.119799999999941,0.0009000000000014552,0.0003000000001520675,-0.012579999999999814,-9.999999988963282e-06,2.0000000034769982e-05,1627,1,0,1,0,1,0,1.2,3931.9006605651102,92.54357372850123,7681.3614377344575,0,1628
1096.75,1.2,8.5,-2.4,3052.4978,89.61927,-1.1194000000000415,0.0003999999998995918,-0.0005000000001018634,-0.012609999999995125,-2.9999999995311555e-05,-2.0000000006348273e-05,1628,1,0,1,0,1,0,1.2,3931.3608184162063,92.54177857581337,7685.024435240977,0,1629
1097.25,1.2,8.5,-2.4,3051.3792,89.60664,-1.1186000000002423,0.0007999999997991836,0.0003999999998995918,-0.012630000000001473,-2.0000000006348273e-05,9.999999988963282e-06,1629,1,0,1,0,1,0,1.2,3930.820952392638,92.53997787730061,7688.686090427444,0,1630
1097.25,1.2,8.5,-2.4,3050.261,89.593994,-1.118199999999888,0.00040000000035433914,-0.00039999999944484443,-0.01264600000000371,-1.6000000002236447e-05,4.0000000041118255e-06,1630,1,0,1,0,1,0,1.2,3930.2810627835684,92.53817163335377,7692.346403773856,0,1631
1097.5,1.2,8.5,-2.4,3049.1436,89.58133,-1.1174000000000888,0.0007999999997991836,0.00039999999944484443,-0.012664000000000897,-1.7999999997186933e-05,-1.9999999949504854e-06,1631,1,0,1,0,1,0,1.2,3929.7411501225492,92.53635984313726,7696.005376240215,0,1632
1096.25,1.2,8.5,-2.4,3048.0266,89.568634,-1.1169999999997344,0.00040000000035433914,-0.00039999999944484443,-0.012695999999991159,-3.199999999026204e-05,-1.3999999993075107e-05,1632,1,0,1,0,1,0,1.2,3929.201214696877,92.53454249724435,7699.66300830652,0,1633
1095.25,1.2,8.5,-2.4,3046.9104,89.55592,-1.1161999999999352,0.0007999999997991836,0.00039999999944484443,-0.012714000000002557,-1.8000000011397788e-05,1.3999999978864253e-05,1633,1,0,1,0,1,0,1.2,3928.661257037944,92.53271959485923,7703.3193009327715,0,1634
1096.25,1.2,8.5,-2.4,3045.7947,89.5432,-1.1157000000002881,0.0004999999996471161,-0.0003000000001520675,-0.012720000000001619,-5.999999999062311e-06,1.2000000012335477e-05,1634,1,0,1,0,1,0,1.2,3928.121277492355,92.53089114250764,7706.97425471897,0,1635
1095.75,1.2,8.5,-2.4,3044.68,89.53045,-1.1147000000000844,0.0010000000002037268,0.0005000000005566108,-0.01274999999999693,-2.9999999995311555e-05,-2.3999999996249244e-05,1635,1,0,1,0,1,0,1.2,3927.5812767114917,92.52905713202934,7710.627870865114,0,1636
1095.25,1.2,8.5,-2.4,3043.5654,89.51768,-1.1145999999998821,0.00010000000020227162,-0.0009000000000014552,-0.012770000000003279,-2.0000000006348273e-05,9.999999988963282e-06,1636,1,0,1,0,1,0,1.2,3927.0412547953574,92.5272175613928,7714.2801494912055,0,1637
1095.0,1.2,8.5,-2.4,3042.452,89.50488,-1.1133999999997286,0.0012000000001535227,0.001099999999951251,-0.01279999999999859,-2.9999999995311555e-05,-9.999999988963282e-06,1637,1,0,1,0,1,0,1.2,3926.5012125152625,92.52537242246643,7717.931092037244,0,1638
1094.25,1.2,8.5,-2.4,3041.3389,89.49208,-1.1131000000000313,0.00029999999969732016,-0.0009000000004562025,-0.01279999999999859,0.0,2.9999999995311555e-05,1638,1,0,1,0,1,0,1.2,3925.9611500915194,92.52352172544235,7721.580698863228,0,1639
1096.25,1.2,8.5,-2.4,3040.2263,89.47925,-1.1126000000003842,0.0004999999996471161,0.0001999999999497959,-0.012830000000008113,-3.000000000952241e-05,-3.000000000952241e-05,1639,1,0,1,0,1,0,1.2,3925.4210678658537,92.52166546219513,7725.228970569159,0,1640
1096.25,1.2,8.5,-2.4,3039.1147,89.4664,-1.1115999999997257,0.0010000000006584742,0.0005000000010113581,-0.01285000000000025,-1.9999999992137418e-05,1.0000000017384991e-05,1640,1,0,1,0,1,0,1.2,3924.8809664838514,92.51980363071299,7728.875908355037,0,1641
1096.25,1.2,8.5,-2.4,3038.0037,89.45354,-1.1109999999998763,0.0005999999998493877,-0.0004000000008090865,-0.012859999999989213,-9.999999988963282e-06,1.0000000003174137e-05,1641,1,0,1,0,1,0,1.2,3924.34084634592,92.51793623507918,7732.521512940861,0,1642
1096.25,1.2,8.5,-2.4,3036.8933,89.44065,-1.110400000000027,0.0005999999998493877,0.0,-0.012889999999998736,-3.000000000952241e-05,-2.0000000020559128e-05,1642,1,0,1,0,1,0,1.2,3923.800707851491,92.51606326719416,7736.165785046632,0,1643
1096.0,1.2,8.5,-2.4,3035.7834,89.42775,-1.1099000000003798,0.0004999999996471161,-0.00010000000020227162,-0.01290000000000191,-1.0000000003174137e-05,2.0000000006348273e-05,1643,1,0,1,0,1,0,1.2,3923.2605513381995,92.51418473114356,7739.808725272349,0,1644
1095.75,1.2,8.5,-2.4,3034.6743,89.414825,-1.1090999999996711,0.0008000000007086783,0.0003000000010615622,-0.012925000000009845,-2.500000000793534e-05,-1.5000000004761205e-05,1644,1,0,1,0,1,0,1.2,3922.720377325228,92.51230062188449,7743.450334578013,0,1645
1096.25,1.2,8.5,-2.4,3033.566,89.401886,-1.1083000000003267,0.0007999999993444362,-1.3642420526593924e-12,-0.01293899999998871,-1.3999999978864253e-05,1.1000000029071089e-05,1645,1,0,1,0,1,0,1.2,3922.180186330498,92.51041094106925,7747.090613923625,0,1646
1096.5,1.2,8.5,-2.4,3032.458,89.38893,-1.1079999999997199,0.00030000000060681487,-0.0004999999987376214,-0.012956000000002632,-1.7000000013922545e-05,-3.0000000350582923e-06,1646,1,0,1,0,1,0,1.2,3921.639978567092,92.5085156885246,7750.729563669182,0,1647
1095.75,1.2,8.5,-2.4,3031.351,89.37595,-1.106999999999971,0.0009999999997489795,0.0006999999991421646,-0.012979999999998881,-2.3999999996249244e-05,-6.999999982326699e-06,1647,1,0,1,0,1,0,1.2,3921.09975467233,92.5066148598301,7754.3671850146875,0,1648
1093.75,1.2,8.5,-2.4,3030.2446,89.36296,-1.1064000000001215,0.0005999999998493877,-0.0003999999998995918,-0.012990000000002055,-1.0000000003174137e-05,1.3999999993075107e-05,1648,1,0,1,0,1,0,1.2,3920.559515039418,92.5047084590661,7758.003478680139,0,1649
1093.75,1.2,8.5,-2.4,3029.1387,89.34995,-1.1059000000000196,0.0005000000001018634,-9.999999974752427e-05,-0.013009999999994193,-1.9999999992137418e-05,-9.999999988963282e-06,1649,1,0,1,0,1,0,1.2,3920.01926,92.50279648424242,7761.6384452655375,0,1650
1092.75,1.2,8.5,-2.4,3028.0337,89.33692,-1.1050000000000182,0.0009000000000014552,0.0003999999998995918,-0.013030000000000541,-2.0000000006348273e-05,-1.4210854715202004e-14,1650,1,0,1,0,1,0,1.2,3919.4789901271956,92.50087893337371,7765.272085850884,0,1651
1092.75,1.2,8.5,-2.4,3026.9292,89.323875,-1.1044999999999163,0.0005000000001018634,-0.0003999999998995918,-0.013045000000005302,-1.5000000004761205e-05,5.000000001587068e-06,1651,1,0,1,0,1,0,1.2,3918.938705750605,92.49895580750606,7768.904401036176,0,1652
1092.25,1.2,8.5,-2.4,3025.8254,89.310814,-1.1037999999998647,0.0007000000000516593,0.0001999999999497959,-0.013061000000007539,-1.6000000002236447e-05,-9.999999974752427e-07,1652,1,0,1,0,1,0,1.2,3918.3984073200245,92.49702710707804,7772.535391661416,0,1653
1091.75,1.2,8.5,-2.4,3024.7224,89.29774,-1.1030000000000655,0.0007999999997991836,9.999999974752427e-05,-0.013073999999988928,-1.299999998138901e-05,3.0000000208474376e-06,1653,1,0,1,0,1,0,1.2,3917.858095344619,92.495092834341,7776.165058686603,0,1654
1088.75,1.2,8.5,-2.4,3023.62,89.28464,-1.102400000000216,0.0005999999998493877,-0.0001999999999497959,-0.01310000000000855,-2.600000001962144e-05,-1.3000000038232429e-05,1654,1,0,1,0,1,0,1.2,3917.3177702114804,92.4931529836858,7779.793402831736,0,1655
1087.75,1.2,8.5,-2.4,3022.5183,89.27153,-1.1016999999997097,0.0007000000005064066,0.00010000000065701897,-0.013109999999997513,-9.999999988963282e-06,1.6000000030658157e-05,1655,1,0,1,0,1,0,1.2,3916.77743236715,92.49120755917875,7783.420424936817,0,1656
1087.5,1.2,8.5,-2.4,3021.4175,89.2584,-1.100800000000163,0.0008999999995467078,0.0001999999990403012,-0.01313000000000386,-2.0000000006348273e-05,-1.0000000017384991e-05,1656,1,0,1,0,1,0,1.2,3916.237082377791,92.48925655884128,7787.046126081845,0,1657
1084.75,1.2,8.5,-2.4,3020.3171,89.245255,-1.1003999999998086,0.00040000000035433914,-0.0004999999991923687,-0.013144999999994411,-1.499999999055035e-05,5.000000015797923e-06,1657,1,0,1,0,1,0,1.2,3915.696720506635,92.48729998371532,7790.67050674682,0,1658
1085.75,1.2,8.5,-2.4,3019.2175,89.2321,-1.0996000000000095,0.0007999999997991836,0.00039999999944484443,-0.013154999999997585,-1.0000000003174137e-05,4.9999999873762135e-06,1658,1,0,1,0,1,0,1.2,3915.156347257384,92.48533783785413,7794.293567891743,0,1659
1084.75,1.2,8.5,-2.4,3018.1184,89.218925,-1.0991000000003623,0.0004999999996471161,-0.0003000000001520675,-0.013175000000003934,-2.0000000006348273e-05,-1.0000000003174137e-05,1659,1,0,1,0,1,0,1.2,3914.615962951807,92.48337011927711,7797.915310116612,0,1660
1085.75,1.2,8.5,-2.4,3017.0203,89.205734,-1.0980999999997039,0.0010000000006584742,0.0005000000010113581,-0.01319099999999196,-1.5999999988025593e-05,4.00000001832268e-06,1660,1,0,1,0,1,0,1.2,3914.07556821192,92.4813968284166,7801.53573462143,0,1661
1086.25,1.2,8.5,-2.4,3015.9229,89.19253,-1.097400000000107,0.000699999999596912,-0.0003000000010615622,-0.01320400000000177,-1.300000000981072e-05,2.9999999782148734e-06,1661,1,0,1,0,1,0,1.2,3913.535163477738,92.47941796750902,7805.154842246194,0,1662
1086.75,1.2,8.5,-2.4,3014.826,89.179306,-1.096900000000005,0.0005000000001018634,-0.00019999999949504854,-0.013224000000008118,-2.0000000006348273e-05,-6.999999996537554e-06,1662,1,0,1,0,1,0,1.2,3912.994749067949,92.47743353457606,7808.772633590906,0,1663
1088.25,1.2,8.5,-2.4,3013.7297,89.16607,-1.0963000000001557,0.0005999999998493877,9.999999974752427e-05,-0.013235999999992032,-1.1999999983913767e-05,8.000000022434506e-06,1663,1,0,1,0,1,0,1.2,3912.4543253605766,92.47544353245192,7812.389109375565,0,1664
1089.25,1.2,8.5,-2.4,3012.6343,89.15282,-1.0953999999996995,0.0009000000004562025,0.00030000000060681487,-0.013249999999999318,-1.4000000007285962e-05,-2.000000023372195e-06,1664,1,0,1,0,1,0,1.2,3911.9138929129126,92.47344796276276,7816.0042706801705,0,1665
1089.25,1.2,8.5,-2.4,3011.5398,89.13956,-1.0945000000001528,0.0008999999995467078,-9.094947017729282e-13,-0.013260000000002492,-1.0000000003174137e-05,4.0000000041118255e-06,1665,1,0,1,0,1,0,1.2,3911.3734522809123,92.47144682953181,7819.6181185847245,0,1666
1090.75,1.2,8.5,-2.4,3010.4458,89.126274,-1.094000000000051,0.0005000000001018634,-0.00039999999944484443,-0.013286000000007903,-2.6000000005410584e-05,-1.6000000002236447e-05,1666,1,0,1,0,1,0,1.2,3910.8330037792443,92.46944012717458,7823.2306536892265,0,1667
1090.75,1.2,8.5,-2.4,3009.3523,89.112976,-1.093499999999949,0.0005000000001018634,0.0,-0.013297999999991816,-1.1999999983913767e-05,1.4000000021496817e-05,1667,1,0,1,0,1,0,1.2,3910.2925477218228,92.46742785851318,7826.841876593675,0,1668
1090.75,1.2,8.5,-2.4,3008.2598,89.09967,-1.0925000000002,0.0009999999997489795,0.0004999999996471161,-0.01330600000000004,-8.000000008223651e-06,3.999999975690116e-06,1668,1,0,1,0,1,0,1.2,3909.75208472139,92.46541002875975,7830.451788498071,0,1669
1091.0,1.2,8.5,-2.4,3007.168,89.08635,-1.0917999999996937,0.0007000000005064066,-0.0002999999992425728,-0.013320000000007326,-1.4000000007285962e-05,-5.999999999062311e-06,1669,1,0,1,0,1,0,1.2,3909.211615209581,92.46338663952096,7834.060390242415,0,1670
1090.75,1.2,8.5,-2.4,3006.077,89.07301,-1.0909999999998945,0.0007999999997991836,9.999999929277692e-05,-0.013339999999999463,-1.9999999992137418e-05,-5.999999984851456e-06,1670,1,0,1,0,1,0,1.2,3908.67113967684,92.4613576888091,7837.667682786707,0,1671
1089.75,1.2,8.5,-2.4,3004.9866,89.05966,-1.090400000000045,0.0005999999998493877,-0.0001999999999497959,-0.013350000000002638,-1.0000000003174137e-05,9.999999988963282e-06,1671,1,0,1,0,1,0,1.2,3908.130658492823,92.45932318062201,7841.273666850947,0,1672
1091.25,1.2,8.5,-2.4,3003.8967,89.0463,-1.089900000000398,0.0004999999996471161,-0.00010000000020227162,-0.0133599999999916,-9.999999988963282e-06,1.4210854715202004e-14,1672,1,0,1,0,1,0,1.2,3907.590171966527,92.457283118948,7844.878343035134,0,1673
1091.0,1.2,8.5,-2.4,3002.8079,89.03293,-1.088799999999992,0.0011000000004059984,0.0006000000007588824,-0.013370000000008986,-1.0000000017384991e-05,-2.842170943040401e-14,1673,1,0,1,0,1,0,1.2,3907.0496807646355,92.45523750776583,7848.481712659269,0,1674
1090.75,1.2,8.5,-2.4,3001.7197,89.01954,-1.0881999999996879,0.000600000000304135,-0.0005000000001018634,-0.013389999999986912,-1.9999999977926564e-05,-9.999999960541572e-06,1674,1,0,1,0,1,0,1.2,3906.5091852537316,92.45318634507464,7852.083776443351,0,1675
1090.75,1.2,8.5,-2.4,3000.6323,89.006134,-1.0873999999998887,0.0007999999997991836,0.00019999999949504854,-0.01340600000000336,-1.6000000016447302e-05,3.999999961479261e-06,1675,1,0,1,0,1,0,1.2,3905.968685918854,92.45112963126492,7855.684535347381,0,1676
1090.25,1.2,8.5,-2.4,2999.5454,88.99272,-1.0869000000002416,0.0004999999996471161,-0.0003000000001520675,-0.013413999999997372,-7.999999994012796e-06,8.000000022434506e-06,1676,1,0,1,0,1,0,1.2,3905.428183064997,92.44906737149671,7859.28398997136,0,1677
1091.75,1.2,8.5,-2.4,2998.4595,88.979294,-1.0859000000000378,0.0010000000002037268,0.0005000000005566108,-0.013426000000009708,-1.2000000012335477e-05,-4.00000001832268e-06,1677,1,0,1,0,1,0,1.2,3904.887677294398,92.44699956853397,7862.882141515285,0,1678
1091.25,1.2,8.5,-2.4,2997.3743,88.96586,-1.0851999999999862,0.0007000000000516593,-0.0003000000001520675,-0.01343399999998951,-7.999999979801942e-06,4.000000032533535e-06,1678,1,0,1,0,1,0,1.2,3904.347169029184,92.44492622751638,7866.47899081916,0,1679
1091.75,1.2,8.5,-2.4,2996.2898,88.95241,-1.0844999999999345,0.0007000000000516593,0.0,-0.013450000000005957,-1.6000000016447302e-05,-8.00000003664536e-06,1679,1,0,1,0,1,0,1.2,3903.806658690476,92.44284734880952,7870.074538722982,0,1680
1090.75,1.2,8.5,-2.4,2995.206,88.93894,-1.0837999999998829,0.0007000000000516593,0.0,-0.013469999999998095,-1.9999999992137418e-05,-3.999999975690116e-06,1680,1,0,1,0,1,0,1.2,3903.2661466983936,92.44076293039856,7873.668786066752,0,1681
1090.75,1.2,8.5,-2.4,2994.123,88.92547,-1.0830000000000837,0.0007999999997991836,9.999999974752427e-05,-0.013469999999998095,0.0,1.9999999992137418e-05,1681,1,0,1,0,1,0,1.2,3902.7256335315096,92.43867298216409,7877.261733810469,0,1682
1089.25,1.2,8.5,-2.4,2993.0408,88.91198,-1.0821999999998297,0.0008000000002539309,4.547473508864641e-13,-0.013490000000004443,-2.0000000006348273e-05,-2.0000000006348273e-05,1682,1,0,1,0,1,0,1.2,3902.185119667261,92.43657750207961,7880.853382914135,0,1683
1087.75,1.2,8.5,-2.4,2991.9592,88.89848,-1.081600000000435,0.0005999999993946403,-0.0002000000008592906,-0.013499999999993406,-9.999999988963282e-06,1.0000000017384991e-05,1683,1,0,1,0,1,0,1.2,3901.644605463183,92.43447649406176,7884.443734097749,0,1684
1086.75,1.2,8.5,-2.4,2990.8784,88.88497,-1.0807999999997264,0.0008000000007086783,0.00020000000131403795,-0.013510000000010791,-1.0000000017384991e-05,-2.842170943040401e-14,1684,1,0,1,0,1,0,1.2,3901.104091394659,92.4323699620178,7888.032788321311,0,1685
1086.25,1.2,8.5,-2.4,2989.7983,88.87145,-1.0801000000001295,0.000699999999596912,-0.00010000000111176632,-0.013519999999999754,-9.999999988963282e-06,2.842170943040401e-14,1685,1,0,1,0,1,0,1.2,3900.5635778766314,92.43025790984579,7891.620546424821,0,1686
1088.25,1.2,8.5,-2.4,2988.7192,88.857925,-1.0790999999999258,0.0010000000002037268,0.00030000000060681487,-0.013525000000001342,-5.000000001587068e-06,4.9999999873762135e-06,1686,1,0,1,0,1,0,1.2,3900.0230655008895,92.42814034439834,7895.207009608281,0,1687
1089.25,1.2,8.5,-2.4,2987.6406,88.84438,-1.078599999999824,0.0005000000001018634,-0.0005000000001018634,-0.013544999999993479,-1.9999999992137418e-05,-1.499999999055035e-05,1687,1,0,1,0,1,0,1.2,3899.4825545616113,92.4260172636256,7898.792178471687,0,1688
1089.75,1.2,8.5,-2.4,2986.563,88.830826,-1.077600000000075,0.0009999999997489795,0.0004999999996471161,-0.013553999999999178,-9.000000005698894e-06,1.0999999986438525e-05,1688,1,0,1,0,1,0,1.2,3898.9420456483126,92.42388867199526,7902.376054215042,0,1689
1091.25,1.2,8.5,-2.4,2985.486,88.81727,-1.0770000000002256,0.0005999999998493877,-0.0003999999998995918,-0.01355600000000834,-2.00000000916134e-06,6.999999996537554e-06,1689,1,0,1,0,1,0,1.2,3898.401539112426,92.42175457810652,7905.958637558346,0,1690
1091.25,1.2,8.5,-2.4,2984.41,88.803696,-1.0760000000000218,0.0010000000002037268,0.00040000000035433914,-0.013573999999991315,-1.7999999982976078e-05,-1.5999999973814738e-05,1690,1,0,1,0,1,0,1.2,3897.8610355410997,92.4196149810763,7909.539929701597,0,1691
1091.25,1.2,8.5,-2.4,2983.3345,88.790115,-1.07549999999992,0.0005000000001018634,-0.0005000000001018634,-0.013581000000002064,-7.000000010748408e-06,1.099999997222767e-05,1691,1,0,1,0,1,0,1.2,3897.320535224586,92.41746988652483,7913.119931244797,0,1692
1091.0,1.2,8.5,-2.4,2982.2598,88.77652,-1.0747000000001208,0.0007999999997991836,0.00029999999969732016,-0.013594999999995139,-1.3999999993075107e-05,-6.999999982326699e-06,1692,1,0,1,0,1,0,1.2,3896.7800386296512,92.41531929592439,7916.698643147945,0,1693
1091.75,1.2,8.5,-2.4,2981.186,88.76292,-1.0737999999996646,0.0009000000004562025,0.00010000000065701897,-0.013600000000010937,-5.000000015797923e-06,8.999999977277184e-06,1693,1,0,1,0,1,0,1.2,3896.239546280992,92.41316321605667,7920.276066491043,0,1694
1093.25,1.2,8.5,-2.4,2980.113,88.749306,-1.0730000000003201,0.0007999999993444362,-0.00010000000111176632,-0.013613999999989801,-1.3999999978864253e-05,-8.99999996306633e-06,1694,1,0,1,0,1,0,1.2,3895.699058643068,92.41100164837758,7923.852202234088,0,1695
1095.75,1.2,8.5,-2.4,2979.0405,88.73569,-1.0724999999997635,0.0005000000005566108,-0.00029999999878782546,-0.013615999999998962,-2.00000000916134e-06,1.1999999969702912e-05,1695,1,0,1,0,1,0,1.2,3895.1585760023586,92.4088346014151,7927.427050977082,0,1696
1095.5,1.2,8.5,-2.4,2977.9692,88.72205,-1.0713000000000648,0.0011999999996987754,0.0006999999991421646,-0.013640000000009422,-2.40000000104601e-05,-2.200000000129876e-05,1696,1,0,1,0,1,0,1.2,3894.6180990571597,92.40666207071303,7931.000614160024,0,1697
1095.25,1.2,8.5,-2.4,2976.8984,88.70842,-1.070799999999963,0.0005000000001018634,-0.000699999999596912,-0.013629999999992037,1.0000000017384991e-05,3.400000002784509e-05,1697,1,0,1,0,1,0,1.2,3894.0776280918726,92.40448407184924,7934.572892382916,0,1698
1094.75,1.2,8.5,-2.4,2975.8286,88.69477,-1.069800000000214,0.0009999999997489795,0.0004999999996471161,-0.013649999999998386,-2.0000000006348273e-05,-3.0000000023733264e-05,1698,1,0,1,0,1,0,1.2,3893.5371636845202,92.40230060270748,7938.143886845755,0,1699
1093.75,1.2,8.5,-2.4,2974.7593,88.681114,-1.0692999999996573,0.0005000000005566108,-0.0004999999991923687,-0.013656000000011659,-6.000000013273166e-06,1.3999999993075107e-05,1699,1,0,1,0,1,0,1.2,3892.9967061176467,92.40011166941176,7941.7135981485435,0,1700
1093.5,1.2,8.5,-2.4,2973.691,88.66745,-1.068300000000363,0.0009999999992942321,0.0004999999987376214,-0.01366399999999146,-7.999999979801942e-06,-1.999999966528776e-06,1700,1,0,1,0,1,0,1.2,3892.4562559670785,92.39791727689594,7945.282027491281,0,1701
1094.75,1.2,8.5,-2.4,2972.6235,88.65378,-1.0674999999996544,0.0008000000007086783,-0.00019999999858555384,-0.013670000000004734,-6.000000013273166e-06,1.999999966528776e-06,1701,1,0,1,0,1,0,1.2,3891.9158136897768,92.39571743125734,7948.849175833967,0,1702
1092.75,1.2,8.5,-2.4,2971.5566,88.6401,-1.0669000000002598,0.0005999999993946403,-0.00020000000131403795,-0.013679999999993697,-9.999999988963282e-06,-3.999999975690116e-06,1702,1,0,1,0,1,0,1.2,3891.3753796241926,92.39351213623019,7952.415043896602,0,1703
1093.25,1.2,8.5,-2.4,2970.4907,88.62641,-1.065900000000056,0.0010000000002037268,0.0004000000008090865,-0.013689999999996871,-1.0000000003174137e-05,-1.4210854715202004e-14,1703,1,0,1,0,1,0,1.2,3890.834954342723,92.39130139553991,7955.979632879185,0,1704
1093.75,1.2,8.5,-2.4,2969.4258,88.61272,-1.0648999999998523,0.0010000000002037268,0.0,-0.013690000000011082,-1.4210854715202004e-14,9.999999988963282e-06,1704,1,0,1,0,1,0,1.2,3890.2945384164223,92.38908521876833,7959.542943981718,0,1705
1093.25,1.2,8.5,-2.4,2968.3613,88.599014,-1.0644999999999527,0.0003999999998995918,-0.000600000000304135,-0.013705999999999108,-1.5999999988025593e-05,-1.5999999973814738e-05,1705,1,0,1,0,1,0,1.2,3889.754132063306,92.38686360609613,7963.104977684199,0,1706
1093.25,1.2,8.5,-2.4,2967.2979,88.585304,-1.0634000000000015,0.001099999999951251,0.0007000000000516593,-0.01371000000000322,-4.0000000041118255e-06,1.1999999983913767e-05,1706,1,0,1,0,1,0,1.2,3889.2137359109547,92.38463656473346,7966.665735306629,0,1707
1093.25,1.2,8.5,-2.4,2966.235,88.57159,-1.0628999999998996,0.0005000000001018634,-0.0005999999998493877,-0.01371399999999312,-3.999999989900971e-06,1.4210854715202004e-14,1707,1,0,1,0,1,0,1.2,3888.673350234192,92.38240410187353,7970.225217449009,0,1708
1094.25,1.2,8.5,-2.4,2965.173,88.55786,-1.0620000000003529,0.0008999999995467078,0.00039999999944484443,-0.013729999999995357,-1.6000000002236447e-05,-1.2000000012335477e-05,1708,1,0,1,0,1,0,1.2,3888.132975541252,92.38016621767116,7973.783425191337,0,1709
1093.25,1.2,8.5,-2.4,2964.112,88.54413,-1.0609999999996944,0.0010000000006584742,0.00010000000111176632,-0.013730000000009568,-1.4210854715202004e-14,1.5999999988025593e-05,1709,1,0,1,0,1,0,1.2,3887.592612397661,92.37792292163742,7977.340359733615,0,1710
1093.0,1.2,8.5,-2.4,2963.0518,88.53039,-1.0601999999998952,0.0007999999997991836,-0.0002000000008592906,-0.013739999999998531,-9.999999988963282e-06,-9.999999974752427e-06,1710,1,0,1,0,1,0,1.2,3887.05226125073,92.37567421741672,7980.89602203584,0,1711
1092.25,1.2,8.5,-2.4,2961.9924,88.51665,-1.059400000000096,0.0007999999997991836,0.0,-0.013739999999998531,0.0,9.999999988963282e-06,1711,1,0,1,0,1,0,1.2,3886.511922546729,92.37342011448598,7984.450413058016,0,1712
1092.75,1.2,8.5,-2.4,2960.9338,88.5029,-1.0586000000002969,0.0007999999997991836,0.0,-0.013750000000001705,-1.0000000003174137e-05,-1.0000000003174137e-05,1712,1,0,1,0,1,0,1.2,3885.9715967308816,92.37116061646235,7988.003533760141,0,1713
1092.75,1.2,8.5,-2.4,2959.876,88.489136,-1.0577999999995882,0.0008000000007086783,9.094947017729282e-13,-0.01376399999999478,-1.3999999993075107e-05,-3.999999989900971e-06,1713,1,0,1,0,1,0,1.2,3885.431284247374,92.36889572462076,7991.555385102215,0,1714
1093.75,1.2,8.5,-2.4,2958.819,88.47538,-1.0570000000002437,0.0007999999993444362,-1.3642420526593924e-12,-0.013756000000000768,7.999999994012796e-06,2.1999999987087904e-05,1714,1,0,1,0,1,0,1.2,3884.8909855393586,92.36662545306123,7995.105968044239,0,1715
1094.25,1.2,8.5,-2.4,2957.763,88.46161,-1.05600000000004,0.0010000000002037268,0.0002000000008592906,-0.013770000000008054,-1.4000000007285962e-05,-2.200000000129876e-05,1715,1,0,1,0,1,0,1.2,3884.350701165501,92.36434980303031,7998.655283786211,0,1716
1095.25,1.2,8.5,-2.4,2956.7075,88.44784,-1.0554999999999382,0.0005000000001018634,-0.0005000000001018634,-0.013769999999993843,1.4210854715202004e-14,1.4000000021496817e-05,1716,1,0,1,0,1,0,1.2,3883.810431391963,92.36206878392545,8002.203332928133,0,1717
1093.75,1.2,8.5,-2.4,2955.653,88.43406,-1.0545000000001892,0.0009999999997489795,0.0004999999996471161,-0.013779999999997017,-1.0000000003174137e-05,-1.0000000017384991e-05,1717,1,0,1,0,1,0,1.2,3883.2701767753206,92.35978239930152,8005.750116670005,0,1718
1093.75,1.2,8.5,-2.4,2954.5996,88.42027,-1.0533999999997832,0.0011000000004059984,0.00010000000065701897,-0.013790000000000191,-1.0000000003174137e-05,0.0,1718,1,0,1,0,1,0,1.2,3882.7299379290284,92.35749065270507,8009.295636331825,0,1719
1091.75,1.2,8.5,-2.4,2953.5466,88.40648,-1.0529999999998836,0.0003999999998995918,-0.0007000000005064066,-0.013790000000000191,0.0,1.0000000003174137e-05,1719,1,0,1,0,1,0,1.2,3882.1897150581394,92.35519355348836,8012.839892393596,0,1720
1091.75,1.2,8.5,-2.4,2952.4949,88.392685,-1.0516999999999825,0.001299999999901047,0.0009000000000014552,-0.013795000000001778,-5.000000001587068e-06,-5.000000001587068e-06,1720,1,0,1,0,1,0,1.2,3881.64950889018,92.35289110807669,8016.382886415316,0,1721
1091.25,1.2,8.5,-2.4,2951.4436,88.37889,-1.051300000000083,0.0003999999998995918,-0.0009000000000014552,-0.013795000000001778,0.0,5.000000001587068e-06,1721,1,0,1,0,1,0,1.2,3881.109319628339,92.35058332578397,8019.924618876985,0,1722
1091.25,1.2,8.5,-2.4,2950.3933,88.36509,-1.0502999999998792,0.0010000000002037268,0.000600000000304135,-0.013800000000003365,-5.000000001587068e-06,-5.000000001587068e-06,1722,1,0,1,0,1,0,1.2,3880.5691478235635,92.34827021300057,8023.465090978603,0,1723
1091.5,1.2,8.5,-2.4,2949.344,88.35128,-1.0493000000001302,0.0009999999997489795,-4.547473508864641e-13,-0.013809999999992328,-9.999999988963282e-06,-4.9999999873762135e-06,1723,1,0,1,0,1,0,1.2,3880.028994025522,92.34595177320185,8027.004303920172,0,1724
1091.5,1.2,8.5,-2.4,2948.2954,88.33747,-1.0486000000000786,0.0007000000000516593,-0.00029999999969732016,-0.01381000000000654,-1.4210854715202004e-14,9.999999974752427e-06,1724,1,0,1,0,1,0,1.2,3879.488858608696,92.34362801565217,8030.54225854169,0,1725
1092.25,1.2,8.5,-2.4,2947.2478,88.323654,-1.0475999999998749,0.0010000000002037268,0.0003000000001520675,-0.01381599999999139,-5.999999984851456e-06,-5.9999999706406015e-06,1725,1,0,1,0,1,0,1.2,3878.94874212051,92.34129894611819,8034.0789560431585,0,1726
1093.25,1.2,8.5,-2.4,2946.201,88.30984,-1.0468000000000757,0.0007999999997991836,-0.00020000000040454324,-0.013814000000010651,1.9999999807396307e-06,7.999999965591087e-06,1726,1,0,1,0,1,0,1.2,3878.4086449913143,92.33896457498552,8037.614397384576,0,1727
1093.0,1.2,8.5,-2.4,2945.155,88.29601,-1.0459999999998217,0.0008000000002539309,4.547473508864641e-13,-0.013829999999998677,-1.5999999988025593e-05,-1.7999999968765223e-05,1727,1,0,1,0,1,0,1.2,3877.868567650463,92.33662490219906,8041.148583525944,0,1728
1093.75,1.2,8.5,-2.4,2944.1099,88.28219,-1.045100000000275,0.0008999999995467078,9.999999929277692e-05,-0.013819999999995503,1.0000000003174137e-05,2.599999999119973e-05,1728,1,0,1,0,1,0,1.2,3877.328510584153,92.33427994274146,8044.6815155472605,0,1729
1093.75,1.2,8.5,-2.4,2943.0657,88.26836,-1.0441999999998188,0.0009000000004562025,9.094947017729282e-13,-0.013829999999998677,-1.0000000003174137e-05,-2.0000000006348273e-05,1729,1,0,1,0,1,0,1.2,3876.7884742774563,92.3319297,8048.213194528527,0,1730
1096.25,1.2,8.5,-2.4,2942.0222,88.254524,-1.043500000000222,0.000699999999596912,-0.0002000000008592906,-0.013835999999997739,-5.999999999062311e-06,4.0000000041118255e-06,1730,1,0,1,0,1,0,1.2,3876.248459098787,92.32957417966493,8051.743621309744,0,1731
1096.25,1.2,8.5,-2.4,2940.9797,88.24069,-1.0425000000000182,0.0010000000002037268,0.00030000000060681487,-0.013834000000002789,1.9999999949504854e-06,7.999999994012796e-06,1731,1,0,1,0,1,0,1.2,3875.708465588915,92.32721339203233,8055.272797090912,0,1732
1095.25,1.2,8.5,-2.4,2939.938,88.22685,-1.0416999999997643,0.0008000000002539309,-0.0001999999999497959,-0.01384000000000185,-5.999999999062311e-06,-7.999999994012796e-06,1732,1,0,1,0,1,0,1.2,3875.1684941719564,92.32484734275822,8058.800722832028,0,1733
1095.0,1.2,8.5,-2.4,2938.8972,88.21301,-1.0408000000002176,0.0008999999995467078,9.999999929277692e-05,-0.01384000000000185,0.0,5.999999999062311e-06,1733,1,0,1,0,1,0,1.2,3874.6285453287196,92.3224760409458,8062.327399613096,0,1734
1092.75,1.2,8.5,-2.4,2937.8574,88.19917,-1.0398000000000138,0.0010000000002037268,0.00010000000065701897,-0.01384000000000185,0.0,0.0,1734,1,0,1,0,1,0,1.2,3874.088619596542,92.32009949567723,8065.852828634113,0,1735
1091.75,1.2,8.5,-2.4,2936.8184,88.185326,-1.03899999999976,0.0008000000002539309,-0.0001999999999497959,-0.013843999999991752,-3.999999989900971e-06,-3.999999989900971e-06,1735,1,0,1,0,1,0,1.2,3873.5487173963134,92.31771771370967,8069.377010855081,0,1736
1091.75,1.2,8.5,-2.4,2935.7803,88.17148,-1.0381000000002132,0.0008999999995467078,9.999999929277692e-05,-0.013846000000000913,-2.00000000916134e-06,1.9999999807396307e-06,1736,1,0,1,0,1,0,1.2,3873.008839205527,92.31533070293611,8072.899947355998,0,1737
1091.75,1.2,8.5,-2.4,2934.743,88.15763,-1.0372999999999593,0.0008000000002539309,-9.999999929277692e-05,-0.013850000000005025,-4.0000000041118255e-06,-1.9999999949504854e-06,1737,1,0,1,0,1,0,1.2,3872.4689854430376,92.31293847008054,8076.421639096866,0,1738
1093.25,1.2,8.5,-2.4,2933.7065,88.14378,-1.03650000000016,0.0007999999997991836,-4.547473508864641e-13,-0.013849999999990814,1.4210854715202004e-14,4.00000001832268e-06,1738,1,0,1,0,1,0,1.2,3871.9291565267395,92.31054102415182,8079.942087037683,0,1739
1093.25,1.2,8.5,-2.4,2932.6711,88.12993,-1.035399999999754,0.0011000000004059984,0.00030000000060681487,-0.013850000000005025,-1.4210854715202004e-14,-2.842170943040401e-14,1739,1,0,1,0,1,0,1.2,3871.389353045977,92.30813837413793,8083.461292498451,0,1740
1093.75,1.2,8.5,-2.4,2931.6365,88.11607,-1.034599999999955,0.0007999999997991836,-0.00030000000060681487,-0.013860000000008199,-1.0000000003174137e-05,-9.999999988963282e-06,1740,1,0,1,0,1,0,1.2,3870.8495754164273,92.3057305232625,8086.97925643917,0,1741
1093.5,1.2,8.5,-2.4,2930.6028,88.10223,-1.0336999999999534,0.0009000000000014552,0.00010000000020227162,-0.01383999999998764,2.0000000020559128e-05,3.0000000023733264e-05,1741,1,0,1,0,1,0,1.2,3870.3098241102184,92.30331749196326,8090.495979939839,0,1742
1093.5,1.2,8.5,-2.4,2929.57,88.08837,-1.032799999999952,0.0009000000000014552,0.0,-0.013860000000008199,-2.0000000020559128e-05,-4.0000000041118255e-05,1742,1,0,1,0,1,0,1.2,3869.7700995983932,92.30089927768215,8094.011464080459,0,1743
1094.25,1.2,8.5,-2.4,2928.538,88.07452,-1.0320000000001528,0.0007999999997991836,-0.00010000000020227162,-0.013849999999990814,1.0000000017384991e-05,3.000000003794412e-05,1743,1,0,1,0,1,0,1.2,3869.230402293578,92.29847589506882,8097.525709821029,0,1744
1093.75,1.2,8.5,-2.4,2927.507,88.06065,-1.030999999999949,0.0010000000002037268,0.00020000000040454324,-0.013870000000011373,-2.0000000020559128e-05,-3.000000003794412e-05,1744,1,0,1,0,1,0,1.2,3868.690732722063,92.29604734154728,8101.0387183615485,0,1745
1093.75,1.2,8.5,-2.4,2926.477,88.0468,-1.0300000000002,0.0009999999997489795,-4.547473508864641e-13,-0.013849999999990814,2.0000000020559128e-05,4.0000000041118255e-05,1745,1,0,1,0,1,0,1.2,3868.1510914089345,92.29361363745704,8104.550490902019,0,1746
1092.25,1.2,8.5,-2.4,2925.4478,88.03294,-1.0291999999999462,0.0008000000002539309,-0.00019999999949504854,-0.013860000000008199,-1.0000000017384991e-05,-3.000000003794412e-05,1746,1,0,1,0,1,0,1.2,3867.6114787635947,92.29117478591871,8108.0610284024415,0,1747
1093.25,1.2,8.5,-2.4,2924.4194,88.01909,-1.0283999999996922,0.0008000000002539309,0.0,-0.013849999999990814,1.0000000017384991e-05,2.0000000034769982e-05,1747,1,0,1,0,1,0,1.2,3867.0718951945078,92.28873080148742,8111.570331822813,0,1748
1094.75,1.2,8.5,-2.4,2923.392,88.00523,-1.027400000000398,0.0009999999992942321,0.0001999999990403012,-0.013860000000008199,-1.0000000017384991e-05,-2.0000000034769982e-05,1748,1,0,1,0,1,0,1.2,3866.532341223556,92.28628168724985,8115.078402363136,0,1749
1094.75,1.2,8.5,-2.4,2922.3655,87.99138,-1.0264999999999418,0.0009000000004562025,-9.999999883802957e-05,-0.013849999999990814,1.0000000017384991e-05,2.0000000034769982e-05,1749,1,0,1,0,1,0,1.2,3865.9928173142857,92.2838274577143,8118.585241103409,0,1750
1094.25,1.2,8.5,-2.4,2921.34,87.97752,-1.025499999999738,0.0010000000002037268,9.999999974752427e-05,-0.013860000000008199,-1.0000000017384991e-05,-2.0000000034769982e-05,1750,1,0,1,0,1,0,1.2,3865.4533239862935,92.28136811593376,8122.090849243634,0,1751
1095.25,1.2,8.5,-2.4,2920.3154,87.96367,-1.0246000000001914,0.0008999999995467078,-0.00010000000065701897,-0.013850000000005025,1.0000000003174137e-05,2.0000000020559128e-05,1751,1,0,1,0,1,0,1.2,3864.913861700913,92.27890367636986,8125.595227863809,0,1752
1095.25,1.2,8.5,-2.4,2919.2917,87.949814,-1.0236999999997352,0.0009000000004562025,9.094947017729282e-13,-0.013855999999989876,-5.999999984851456e-06,-1.5999999988025593e-05,1752,1,0,1,0,1,0,1.2,3864.3744309184253,92.27643414432401,8129.098378043935,0,1753
1093.75,1.2,8.5,-2.4,2918.2688,87.93596,-1.0229000000003907,0.0007999999993444362,-0.00010000000111176632,-0.013854000000009137,1.9999999807396307e-06,7.999999965591087e-06,1753,1,0,1,0,1,0,1.2,3863.835032041049,92.27395952964652,8132.600300744012,0,1754
1094.75,1.2,8.5,-2.4,2917.247,87.92211,-1.0217999999999847,0.0011000000004059984,0.0003000000010615622,-0.013849999999990814,4.00000001832268e-06,2.0000000375830496e-06,1754,1,0,1,0,1,0,1.2,3863.2956656410256,92.27147984330485,8136.10099728404,0,1755
1093.25,1.2,8.5,-2.4,2916.226,87.908264,-1.0209999999997308,0.0008000000002539309,-0.0003000000001520675,-0.013846000000000913,3.999999989900971e-06,-2.842170943040401e-14,1755,1,0,1,0,1,0,1.2,3862.7563321184507,92.26899509624145,8139.6004686240185,0,1756
1093.5,1.2,8.5,-2.4,2915.206,87.89441,-1.0199999999999818,0.0009999999997489795,0.00019999999949504854,-0.013854000000009137,-8.000000008223651e-06,-1.1999999998124622e-05,1756,1,0,1,0,1,0,1.2,3862.2170319863403,92.26650529254411,8143.098715963949,0,1757
1091.25,1.2,8.5,-2.4,2914.187,87.88057,-1.0190000000002328,0.0009999999997489795,0.0,-0.01383999999998764,1.4000000021496817e-05,2.2000000029720468e-05,1757,1,0,1,0,1,0,1.2,3861.6777657565412,92.26401044880545,8146.59574050383,0,1758
1089.75,1.2,8.5,-2.4,2913.169,87.86672,-1.018000000000029,0.0010000000002037268,4.547473508864641e-13,-0.013850000000005025,-1.0000000017384991e-05,-2.4000000038881808e-05,1758,1,0,1,0,1,0,1.2,3861.138533939739,92.26151056793634,8150.091543443662,0,1759
1089.25,1.2,8.5,-2.4,2912.1516,87.85288,-1.017399999999725,0.000600000000304135,-0.0003999999998995918,-0.01384000000000185,1.0000000003174137e-05,2.0000000020559128e-05,1759,1,0,1,0,1,0,1.2,3860.5993368181817,92.25900566420455,8153.586125503445,0,1760
1090.25,1.2,8.5,-2.4,2911.1353,87.83904,-1.0163000000002285,0.0010999999994965037,0.0004999999991923687,-0.01384000000000185,0.0,-1.0000000003174137e-05,1760,1,0,1,0,1,0,1.2,3860.0601749574107,92.25649574616695,8157.079488003179,0,1761
1089.25,1.2,8.5,-2.4,2910.12,87.8252,-1.0153000000000247,0.0010000000002037268,-9.999999929277692e-05,-0.01384000000000185,0.0,0.0,1761,1,0,1,0,1,0,1.2,3859.5210488649263,92.25398082236094,8160.571632142865,0,1762
1089.75,1.2,8.5,-2.4,2909.1057,87.81137,-1.014299999999821,0.0010000000002037268,0.0,-0.013829999999998677,1.0000000003174137e-05,1.0000000003174137e-05,1762,1,0,1,0,1,0,1.2,3858.9819590470793,92.25146090697675,8164.0625591225025,0,1763
1088.75,1.2,8.5,-2.4,2908.0923,87.79754,-1.0134000000002743,0.0008999999995467078,-0.00010000000065701897,-0.013829999999998677,0.0,-1.0000000003174137e-05,1763,1,0,1,0,1,0,1.2,3858.442905952381,92.24893600850339,8167.552270022091,0,1764
1087.25,1.2,8.5,-2.4,2907.0796,87.78371,-1.012699999999768,0.0007000000005064066,-0.0001999999990403012,-0.013829999999998677,0.0,0.0,1764,1,0,1,0,1,0,1.2,3857.903889915014,92.24640613541078,8171.040765681631,0,1765
1086.75,1.2,8.5,-2.4,2906.068,87.76988,-1.0115999999998166,0.001099999999951251,0.00039999999944484443,-0.013829999999998677,0.0,0.0,1765,1,0,1,0,1,0,1.2,3857.3649114949035,92.24387129614949,8174.528047421122,0,1766
1085.75,1.2,8.5,-2.4,2905.0576,87.75606,-1.0104000000001179,0.0011999999996987754,9.999999974752427e-05,-0.013819999999995503,1.0000000003174137e-05,1.0000000003174137e-05,1766,1,0,1,0,1,0,1.2,3856.8259713073003,92.24133150481042,8178.014116680564,0,1767
1085.75,1.2,8.5,-2.4,2904.0479,87.74224,-1.0097000000000662,0.0007000000000516593,-0.0004999999996471161,-0.013820000000009713,-1.4210854715202004e-14,-1.0000000017384991e-05,1767,1,0,1,0,1,0,1.2,3856.2870696832583,92.23878676979638,8181.498974299959,0,1768
1087.25,1.2,8.5,-2.4,2903.0393,87.728424,-1.008600000000115,0.001099999999951251,0.0003999999998995918,-0.01381599999999139,4.00000001832268e-06,4.000000032533535e-06,1768,1,0,1,0,1,0,1.2,3855.7482071791974,92.23623710175241,8184.982621599304,0,1769
1088.25,1.2,8.5,-2.4,2902.0315,87.714615,-1.007799999999861,0.0008000000002539309,-0.00029999999969732016,-0.013809000000009064,6.999999982326699e-06,2.9999999640040187e-06,1769,1,0,1,0,1,0,1.2,3855.209384180791,92.23368251299435,8188.465059538602,0,1770
1087.75,1.2,8.5,-2.4,2901.0247,87.700806,-1.006800000000112,0.0009999999997489795,0.00019999999949504854,-0.013808999999994853,1.4210854715202004e-14,-6.999999968115844e-06,1770,1,0,1,0,1,0,1.2,3854.670601185771,92.23112301185772,8191.946289317852,0,1771
1087.5,1.2,8.5,-2.4,2900.019,87.687004,-1.0057000000001608,0.001099999999951251,0.00010000000020227162,-0.013801999999998316,6.999999996537554e-06,6.999999982326699e-06,1771,1,0,1,0,1,0,1.2,3854.1318587471783,92.22855861060947,8195.426312257052,0,1772
1088.75,1.2,8.5,-2.4,2899.0142,87.67321,-1.0047999999997046,0.0009000000004562025,-0.00019999999949504854,-0.013794000000004303,7.999999994012796e-06,9.999999974752427e-07,1772,1,0,1,0,1,0,1.2,3853.5931573040043,92.22598932205301,8198.905129436205,0,1773
1089.25,1.2,8.5,-2.4,2898.0103,87.65942,-1.0039000000001579,0.0008999999995467078,-9.094947017729282e-13,-0.013790000000000191,4.0000000041118255e-06,-3.999999989900971e-06,1773,1,0,1,0,1,0,1.2,3853.0544972942503,92.22341515670801,8202.38274193531,0,1774
1089.25,1.2,8.5,-2.4,2897.0073,87.64562,-1.0029999999997017,0.0009000000004562025,9.094947017729282e-13,-0.013800000000003365,-1.0000000003174137e-05,-1.4000000007285962e-05,1774,1,0,1,0,1,0,1.2,3852.5158791549293,92.2208361171831,8205.859150834365,0,1775
1089.25,1.2,8.5,-2.4,2896.0056,87.63184,-1.0017000000002554,0.0012999999994462996,0.0003999999989900971,-0.013779999999997017,2.0000000006348273e-05,3.000000000952241e-05,1775,1,0,1,0,1,0,1.2,3851.9773035472977,92.21825222297296,8209.334357693375,0,1776
1087.75,1.2,8.5,-2.4,2895.0046,87.618065,-1.000999999999749,0.0007000000005064066,-0.000599999998939893,-0.01377499999999543,5.000000001587068e-06,-1.5000000004761205e-05,1776,1,0,1,0,1,0,1.2,3851.438770793472,92.21566348508723,8212.808363352335,0,1777
1087.75,1.2,8.5,-2.4,2894.0046,87.60429,-1.0,0.0009999999997489795,0.0002999999992425728,-0.01377499999999543,0.0,-5.000000001587068e-06,1777,1,0,1,0,1,0,1.2,3850.900281383577,92.21306991169854,8216.281169011247,0,1778
1088.75,1.2,8.5,-2.4,2893.0056,87.59052,-0.999000000000251,0.0009999999997489795,0.0,-0.013770000000008054,4.9999999873762135e-06,4.9999999873762135e-06,1778,1,0,1,0,1,0,1.2,3850.3618358066333,92.21047151377178,8219.75277587011,0,1779
1087.75,1.2,8.5,-2.4,2892.0078,87.57676,-0.9978000000000975,0.0012000000001535227,0.00020000000040454324,-0.01376000000000488,1.0000000003174137e-05,5.000000015797923e-06,1779,1,0,1,0,1,0,1.2,3849.8234346629215,92.20786830505618,8223.223185368928,0,1780
1089.25,1.2,8.5,-2.4,2891.0107,87.563,-0.9971000000000458,0.0007000000000516593,-0.0005000000001018634,-0.013759999999990669,1.4210854715202004e-14,-9.999999988963282e-06,1780,1,0,1,0,1,0,1.2,3849.285078270634,92.20526029365524,8226.692398347695,0,1781
1089.0,1.2,8.5,-2.4,2890.0146,87.549255,-0.9960999999998421,0.0010000000002037268,0.0003000000001520675,-0.013745000000000118,1.499999999055035e-05,1.4999999976339495e-05,1781,1,0,1,0,1,0,1.2,3848.7467671156005,92.20264749607183,8230.160416006416,0,1782
1088.75,1.2,8.5,-2.4,2889.0198,87.53551,-0.9947999999999411,0.001299999999901047,0.00029999999969732016,-0.013745000000000118,0.0,-1.499999999055035e-05,1782,1,0,1,0,1,0,1.2,3848.2085018508133,92.20002992035894,8233.62723990509,0,1783
1088.5,1.2,8.5,-2.4,2888.0256,87.521774,-0.9942000000000917,0.0005999999998493877,-0.0007000000000516593,-0.01373600000000863,8.999999991488039e-06,8.999999991488039e-06,1783,1,0,1,0,1,0,1.2,3847.670282735426,92.1974075795964,8237.092870763714,0,1784
1089.75,1.2,8.5,-2.4,2887.0327,87.50804,-0.9928999999997359,0.0013000000003557943,0.0007000000005064066,-0.013733999999999469,2.00000000916134e-06,-6.999999982326699e-06,1784,1,0,1,0,1,0,1.2,3847.132110420168,92.19478048291316,8240.557310142292,0,1785
1087.75,1.2,8.5,-2.4,2886.0405,87.494316,-0.992200000000139,0.000699999999596912,-0.0006000000007588824,-0.013723999999996295,1.0000000003174137e-05,7.999999994012796e-06,1785,1,0,1,0,1,0,1.2,3846.593985218365,92.19214864389697,8244.020558880822,0,1786
1087.25,1.2,8.5,-2.4,2885.0496,87.4806,-0.9909000000002379,0.001299999999901047,0.000600000000304135,-0.013716000000002282,7.999999994012796e-06,-2.00000000916134e-06,1786,1,0,1,0,1,0,1.2,3846.0559077783996,92.18951207498601,8247.482618539305,0,1787
1087.5,1.2,8.5,-2.4,2884.0596,87.46689,-0.9899999999997817,0.0009000000004562025,-0.00039999999944484443,-0.013709999999989009,6.000000013273166e-06,-1.9999999807396307e-06,1787,1,0,1,0,1,0,1.2,3845.51787852349,92.18687078747203,8250.94349019774,0,1788
1087.5,1.2,8.5,-2.4,2883.0706,87.453186,-0.9890000000000327,0.0009999999997489795,9.999999929277692e-05,-0.013704000000004157,5.999999984851456e-06,-2.842170943040401e-14,1788,1,0,1,0,1,0,1.2,3844.979897931805,92.18422479262156,8254.403175056126,0,1789
1087.5,1.2,8.5,-2.4,2882.0825,87.43949,-0.9881000000000313,0.0009000000000014552,-9.999999974752427e-05,-0.013695999999995934,8.000000008223651e-06,2.000000023372195e-06,1789,1,0,1,0,1,0,1.2,3844.441966424581,92.1815741027933,8257.861674194466,0,1790
1088.25,1.2,8.5,-2.4,2881.0957,87.425804,-0.9868000000001302,0.001299999999901047,0.0003999999998995918,-0.01368600000000697,9.999999988963282e-06,1.9999999807396307e-06,1790,1,0,1,0,1,0,1.2,3843.9040846454495,92.17891873143496,8261.31898917276,0,1791
1089.25,1.2,8.5,-2.4,2880.1096,87.412125,-0.9861000000000786,0.0007000000000516593,-0.0005999999998493877,-0.013678999999996222,7.000000010748408e-06,-2.9999999782148734e-06,1791,1,0,1,0,1,0,1.2,3843.3662529017856,92.17625869029018,8264.775120831006,0,1792
1089.75,1.2,8.5,-2.4,2879.1248,87.39845,-0.9847999999997228,0.0013000000003557943,0.000600000000304135,-0.013675000000006321,3.999999989900971e-06,-3.0000000208474376e-06,1792,1,0,1,0,1,0,1.2,3842.8284718349137,92.17359398940323,8268.230070729203,0,1793
1091.25,1.2,8.5,-2.4,2878.1406,87.38479,-0.9841999999998734,0.0005999999998493877,-0.0007000000005064066,-0.01366000000000156,1.5000000004761205e-05,1.1000000014860234e-05,1793,1,0,1,0,1,0,1.2,3842.2907416945372,92.17092464492754,8271.683839587353,0,1794
1089.75,1.2,8.5,-2.4,2877.1577,87.37113,-0.9828999999999724,0.001299999999901047,0.0007000000000516593,-0.01366000000000156,0.0,-1.5000000004761205e-05,1794,1,0,1,0,1,0,1.2,3841.7530631197774,92.16825066462397,8275.136428965458,0,1795
1090.25,1.2,8.5,-2.4,2876.176,87.35749,-0.9817000000002736,0.0011999999996987754,-0.00010000000020227162,-0.013639999999995212,2.0000000006348273e-05,2.0000000006348273e-05,1795,1,0,1,0,1,0,1.2,3841.21543669265,92.16557206737194,8278.587840303513,0,1796
1091.75,1.2,8.5,-2.4,2875.195,87.34385,-0.9809999999997672,0.0007000000005064066,-0.0004999999991923687,-0.013639999999995212,0.0,-2.0000000006348273e-05,1796,1,0,1,0,1,0,1.2,3840.6778627156373,92.16288886087925,8282.038074441523,0,1797
1089.25,1.2,8.5,-2.4,2874.215,87.33022,-0.9800000000000182,0.0009999999997489795,0.0002999999992425728,-0.013630000000006248,9.999999988963282e-06,9.999999988963282e-06,1797,1,0,1,0,1,0,1.2,3840.140341657397,92.16020105839821,8285.487132579485,0,1798
1089.25,1.2,8.5,-2.4,2873.2363,87.316605,-0.9787000000001171,0.001299999999901047,0.0003000000001520675,-0.013615000000001487,1.5000000004761205e-05,5.000000015797923e-06,1798,1,0,1,0,1,0,1.2,3839.602874152307,92.15750867593107,8288.9350162774,0,1799
1088.25,1.2,8.5,-2.4,2872.2585,87.30299,-0.9778000000001157,0.0009000000000014552,-0.0003999999998995918,-0.013615000000001487,0.0,-1.5000000004761205e-05,1799,1,0,1,0,1,0,1.2,3839.065460611111,92.15481172111112,8292.38172661527,0,1800
1086.75,1.2,8.5,-2.4,2871.2817,87.28939,-0.976799999999912,0.0010000000002037268,0.00010000000020227162,-0.013599999999996726,1.5000000004761205e-05,1.5000000004761205e-05,1800,1,0,1,0,1,0,1.2,3838.528101499167,92.1521102098834,8295.82726479309,0,1801
1086.25,1.2,8.5,-2.4,2870.3062,87.2758,-0.9755000000000109,0.001299999999901047,0.00029999999969732016,-0.013589999999993552,1.0000000003174137e-05,-5.000000001587068e-06,1801,1,0,1,0,1,0,1.2,3837.990797447281,92.14940415538291,8299.271632370865,0,1802
1085.75,1.2,8.5,-2.4,2869.3315,87.262215,-0.9747000000002117,0.0007999999997991836,-0.0005000000001018634,-0.013585000000006175,4.9999999873762135e-06,-5.000000015797923e-06,1802,1,0,1,0,1,0,1.2,3837.453548807543,92.14669356794232,8302.714830308592,0,1803
1087.25,1.2,8.5,-2.4,2868.358,87.24865,-0.9734999999996035,0.00120000000060827,0.0004000000008090865,-0.013564999999999827,2.0000000006348273e-05,1.500000001897206e-05,1803,1,0,1,0,1,0,1.2,3836.916356152993,92.14397846618625,8306.156860046274,0,1804
1086.75,1.2,8.5,-2.4,2867.3853,87.235085,-0.972700000000259,0.0007999999993444362,-0.00040000000126383384,-0.013564999999999827,0.0,-2.0000000006348273e-05,1804,1,0,1,0,1,0,1.2,3836.379219833795,92.14125885761773,8309.59772254391,0,1805
1086.25,1.2,8.5,-2.4,2866.4138,87.221535,-0.9715000000001055,0.0012000000001535227,0.0004000000008090865,-0.013549999999995066,1.5000000004761205e-05,1.5000000004761205e-05,1805,1,0,1,0,1,0,1.2,3835.8421404208198,92.1385347580288,8313.037419241497,0,1806
1086.25,1.2,8.5,-2.4,2865.4434,87.20799,-0.9703999999996995,0.0011000000004059984,-9.999999974752427e-05,-0.01354500000000769,4.9999999873762135e-06,-1.0000000017384991e-05,1806,1,0,1,0,1,0,1.2,3835.3051184283345,92.13580617764251,8316.475951459039,0,1807
1085.75,1.2,8.5,-2.4,2864.4739,87.194466,-0.9695000000001528,0.0008999999995467078,-0.0002000000008592906,-0.013523999999989655,2.100000001803437e-05,1.6000000030658157e-05,1807,1,0,1,0,1,0,1.2,3834.76815425885,92.13307313550884,8319.913320276533,0,1808
1086.75,1.2,8.5,-2.4,2863.5054,87.18095,-0.9684999999999491,0.0010000000002037268,0.00010000000065701897,-0.013516000000009853,7.999999979801942e-06,-1.3000000038232429e-05,1808,1,0,1,0,1,0,1.2,3834.231248369265,92.13033564344941,8323.34952689398,0,1809
1087.0,1.2,8.5,-2.4,2862.538,87.167435,-0.9673999999999978,0.001099999999951251,9.999999974752427e-05,-0.013514999999998167,1.0000000116860974e-06,-6.999999968115844e-06,1809,1,0,1,0,1,0,1.2,3833.694401270718,92.12759370939227,8326.784572631383,0,1810
1088.25,1.2,8.5,-2.4,2861.5718,87.15394,-0.9661999999998443,0.0012000000001535227,0.00010000000020227162,-0.013494999999991819,2.0000000006348273e-05,1.8999999994662176e-05,1810,1,0,1,0,1,0,1.2,3833.157613528437,92.12484735173936,8330.218458928739,0,1811
1088.25,1.2,8.5,-2.4,2860.6067,87.14046,-0.9651000000003478,0.0010999999994965037,-0.00010000000065701897,-0.013480000000001269,1.499999999055035e-05,-5.000000015797923e-06,1811,1,0,1,0,1,0,1.2,3832.6208856512144,92.12209658609271,8333.651187106047,0,1812
1087.75,1.2,8.5,-2.4,2859.6426,87.12698,-0.9640999999996893,0.0010000000006584742,-9.999999883802957e-05,-0.013480000000001269,0.0,-1.499999999055035e-05,1812,1,0,1,0,1,0,1.2,3832.084218091561,92.11934141974628,8337.08275836331,0,1813
1086.75,1.2,8.5,-2.4,2858.6794,87.11352,-0.9632000000001426,0.0008999999995467078,-0.00010000000111176632,-0.013460000000009131,1.9999999992137418e-05,1.9999999992137418e-05,1813,1,0,1,0,1,0,1.2,3831.5476112458655,92.1165818710033,8340.513173780528,0,1814
1086.5,1.2,8.5,-2.4,2857.7175,87.10007,-0.9618999999997868,0.0013000000003557943,0.0004000000008090865,-0.013449999999991746,1.0000000017384991e-05,-9.999999974752427e-06,1814,1,0,1,0,1,0,1.2,3831.011065730028,92.11381795261707,8343.942434917697,0,1815
1086.5,1.2,8.5,-2.4,2856.7566,87.08663,-0.9609000000000378,0.0009999999997489795,-0.00030000000060681487,-0.013440000000002783,9.999999988963282e-06,-2.842170943040401e-14,1815,1,0,1,0,1,0,1.2,3830.4745819933923,92.11104967731278,8347.370542974822,0,1816
1085.25,1.2,8.5,-2.4,2855.7966,87.073204,-0.9600000000000364,0.0009000000000014552,-9.999999974752427e-05,-0.013425999999995497,1.4000000007285962e-05,4.00000001832268e-06,1816,1,0,1,0,1,0,1.2,3829.938160429279,92.10827705998899,8350.7974990319,0,1817
1083.25,1.2,8.5,-2.4,2854.838,87.05979,-0.9585999999999331,0.0014000000001033186,0.0005000000001018634,-0.013413999999997372,1.1999999998124622e-05,-2.00000000916134e-06,1817,1,0,1,0,1,0,1.2,3829.4018017051703,92.10550011441144,8354.223304768931,0,1818
1084.25,1.2,8.5,-2.4,2853.8801,87.04639,-0.9579000000003361,0.000699999999596912,-0.0007000000005064066,-0.013400000000004297,1.3999999993075107e-05,1.9999999949504854e-06,1818,1,0,1,0,1,0,1.2,3828.865506102254,92.10271885541505,8357.647961025918,0,1819
1083.25,1.2,8.5,-2.4,2852.9236,87.033005,-0.9564999999997781,0.001400000000558066,0.000700000000961154,-0.013384999999999536,1.5000000004761205e-05,1.0000000116860974e-06,1819,1,0,1,0,1,0,1.2,3828.3292742857143,92.09993329835164,8361.071469482858,0,1820
1084.25,1.2,8.5,-2.4,2851.968,87.01963,-0.9556000000002314,0.0008999999995467078,-0.0005000000010113581,-0.013374999999996362,1.0000000003174137e-05,-5.000000001587068e-06,1820,1,0,1,0,1,0,1.2,3827.793106644701,92.09714345579351,8364.493831219754,0,1821
1083.25,1.2,8.5,-2.4,2851.0137,87.00626,-0.9542999999998756,0.0013000000003557943,0.0004000000008090865,-0.013370000000008986,4.9999999873762135e-06,-5.000000015797923e-06,1821,1,0,1,0,1,0,1.2,3827.2570037870473,92.09434933754117,8367.915047796601,0,1822
1080.75,1.2,8.5,-2.4,2850.0603,86.99292,-0.9533999999998741,0.0009000000000014552,-0.00040000000035433914,-0.013339999999999463,3.000000000952241e-05,2.5000000022146196e-05,1822,1,0,1,0,1,0,1.2,3826.7209660998356,92.09155096708722,8371.335120293405,0,1823
1080.5,1.2,8.5,-2.4,2849.108,86.97958,-0.9522999999999229,0.001099999999951251,0.0001999999999497959,-0.013339999999999463,0.0,-3.000000000952241e-05,1823,1,0,1,0,1,0,1.2,3826.1849940789475,92.08874835142545,8374.754050030162,0,1824
1079.75,1.2,8.5,-2.4,2848.1567,86.96626,-0.9513000000001739,0.0009999999997489795,-0.00010000000020227162,-0.013319999999993115,2.0000000006348273e-05,2.0000000006348273e-05,1824,1,0,1,0,1,0,1.2,3825.6490881643836,92.08594150849315,8378.171838206874,0,1825
1080.75,1.2,8.5,-2.4,2847.2065,86.95296,-0.9502000000002226,0.001099999999951251,0.00010000000020227162,-0.013300000000000978,1.9999999992137418e-05,-1.4210854715202004e-14,1825,1,0,1,0,1,0,1.2,3825.113248849945,92.08313045618839,8381.588486143539,0,1826
1080.25,1.2,8.5,-2.4,2846.2576,86.93966,-0.9488999999998668,0.0013000000003557943,0.00020000000040454324,-0.013300000000000978,0.0,-1.9999999992137418e-05,1826,1,0,1,0,1,0,1.2,3824.5774767378216,92.08031520142309,8385.00399540016,0,1827
1080.75,1.2,8.5,-2.4,2845.3098,86.926384,-0.9477999999999156,0.001099999999951251,-0.00020000000040454324,-0.013276000000004728,2.3999999996249244e-05,2.3999999996249244e-05,1827,1,0,1,0,1,0,1.2,3824.0417723194746,92.07749576422319,8388.418367296734,0,1828
1080.75,1.2,8.5,-2.4,2844.363,86.91312,-0.9468000000001666,0.0009999999997489795,-0.00010000000020227162,-0.013263999999992393,1.2000000012335477e-05,-1.1999999983913767e-05,1828,1,0,1,0,1,0,1.2,3823.5061360306177,92.07467215800985,8391.831603033264,0,1829
1081.75,1.2,8.5,-2.4,2843.4172,86.89987,-0.9457999999999629,0.0010000000002037268,4.547473508864641e-13,-0.013249999999999318,1.3999999993075107e-05,1.9999999807396307e-06,1829,1,0,1,0,1,0,1.2,3822.9705683060106,92.07184439726775,8395.243703809749,0,1830
1082.25,1.2,8.5,-2.4,2842.4727,86.886635,-0.9445000000000618,0.001299999999901047,0.00029999999969732016,-0.013235000000008768,1.499999999055035e-05,9.999999974752427e-07,1830,1,0,1,0,1,0,1.2,3822.4350697433097,92.06901249699618,8398.654671186187,0,1831
1082.25,1.2,8.5,-2.4,2841.5293,86.87341,-0.9433999999996558,0.0011000000004059984,-0.00019999999949504854,-0.013224999999991383,1.0000000017384991e-05,-4.999999973165359e-06,1831,1,0,1,0,1,0,1.2,3821.8996408296944,92.0661764694323,8402.06450648258,0,1832
1082.25,1.2,8.5,-2.4,2840.587,86.86021,-0.9423000000001593,0.0010999999994965037,-9.094947017729282e-13,-0.013200000000011869,2.4999999979513632e-05,1.499999996212864e-05,1832,1,0,1,0,1,0,1.2,3821.3642820512823,92.06333633497,8405.473211018929,0,1833
1082.5,1.2,8.5,-2.4,2839.6458,86.84702,-0.9412000000002081,0.001099999999951251,4.547473508864641e-13,-0.013189999999994484,1.0000000017384991e-05,-1.499999996212864e-05,1833,1,0,1,0,1,0,1.2,3820.82899389313,92.06049210577972,8408.88078611523,0,1834
1082.5,1.2,8.5,-2.4,2838.7056,86.83385,-0.9402000000000044,0.0010000000002037268,-9.999999974752427e-05,-0.013170000000002346,1.9999999992137418e-05,9.999999974752427e-06,1834,1,0,1,0,1,0,1.2,3820.293776784741,92.05764379945504,8412.28723297149,0,1835
1083.75,1.2,8.5,-2.4,2837.7666,86.82069,-0.9389999999998508,0.0012000000001535227,0.0001999999999497959,-0.013159999999999172,1.0000000003174137e-05,-9.999999988963282e-06,1835,1,0,1,0,1,0,1.2,3819.7586312636167,92.05479142810456,8415.692553027702,0,1836
1082.75,1.2,8.5,-2.4,2836.8286,86.80755,-0.9380000000001019,0.0009999999997489795,-0.00020000000040454324,-0.013139999999992824,2.0000000006348273e-05,1.0000000003174137e-05,1836,1,0,1,0,1,0,1.2,3819.223557757213,92.05193500925422,8419.096747483869,0,1837
1080.25,1.2,8.5,-2.4,2835.8918,86.79442,-0.9367999999999483,0.0012000000001535227,0.00020000000040454324,-0.01313000000000386,9.999999988963282e-06,-1.0000000017384991e-05,1837,1,0,1,0,1,0,1.2,3818.6885568008706,92.04907455495103,8422.499817779993,0,1838
1080.0,1.2,8.5,-2.4,2834.9563,86.78131,-0.9355000000000473,0.001299999999901047,9.999999974752427e-05,-0.013109999999997513,2.0000000006348273e-05,1.0000000017384991e-05,1838,1,0,1,0,1,0,1.2,3818.153628983143,92.04621008265362,8425.90176547607,0,1839
1080.25,1.2,8.5,-2.4,2834.0217,86.76821,-0.9346000000000458,0.0009000000000014552,-0.0003999999998995918,-0.01310000000000855,9.999999988963282e-06,-1.0000000017384991e-05,1839,1,0,1,0,1,0,1.2,3817.6187746739133,92.04334160434783,8429.302591652104,0,1840
1079.25,1.2,8.5,-2.4,2833.0884,86.755135,-0.93329999999969,0.0013000000003557943,0.00040000000035433914,-0.013075000000000614,2.500000000793534e-05,1.500000001897206e-05,1840,1,0,1,0,1,0,1.2,3817.0839944595327,92.04046914014123,8432.702297868093,0,1841
1079.75,1.2,8.5,-2.4,2832.1562,86.74208,-0.9322000000001935,0.0010999999994965037,-0.0002000000008592906,-0.013054999999994266,2.0000000006348273e-05,-5.000000001587068e-06,1841,1,0,1,0,1,0,1.2,3816.549288816504,92.03759270738327,8436.100885444035,0,1842
1078.75,1.2,8.5,-2.4,2831.225,86.729034,-0.9311999999999898,0.0010000000002037268,-9.999999929277692e-05,-0.013046000000002778,8.999999991488039e-06,-1.1000000014860234e-05,1842,1,0,1,0,1,0,1.2,3816.0146581660333,92.03471231741726,8439.498355579934,0,1843
1080.25,1.2,8.5,-2.4,2830.2952,86.71601,-0.9297999999998865,0.0014000000001033186,0.0003999999998995918,-0.013024000000001479,2.200000000129876e-05,1.300000000981072e-05,1843,1,0,1,0,1,0,1.2,3815.480103145336,92.03182798861172,8442.894709955788,0,1844
1079.25,1.2,8.5,-2.4,2829.3665,86.702995,-0.9286999999999352,0.001099999999951251,-0.0003000000001520675,-0.01301499999999578,9.000000005698894e-06,-1.2999999995599865e-05,1844,1,0,1,0,1,0,1.2,3814.945624227642,92.02893973224933,8446.289949891598,0,1845
1079.0,1.2,8.5,-2.4,2828.4387,86.69001,-0.9277999999999338,0.0009000000000014552,-0.0001999999999497959,-0.012985000000000468,2.9999999995311555e-05,2.099999998961266e-05,1845,1,0,1,0,1,0,1.2,3814.4112217768143,92.02604757096425,8449.684076467363,0,1846
1079.0,1.2,8.5,-2.4,2827.5122,86.67703,-0.9265000000000327,0.001299999999901047,0.0003999999998995918,-0.012979999999998881,5.000000001587068e-06,-2.4999999993724487e-05,1846,1,0,1,0,1,0,1.2,3813.876896372496,92.02315151380617,8453.077091243083,0,1847
1077.25,1.2,8.5,-2.4,2826.587,86.66408,-0.9252000000001317,0.001299999999901047,0.0,-0.01295000000000357,2.9999999995311555e-05,2.4999999993724487e-05,1847,1,0,1,0,1,0,1.2,3813.3426485930736,92.02025158333333,8456.46899577876,0,1848
1078.25,1.2,8.5,-2.4,2825.6626,86.65114,-0.9243999999998778,0.0008000000002539309,-0.0004999999996471161,-0.012940000000000396,1.0000000003174137e-05,-1.9999999992137418e-05,1848,1,0,1,0,1,0,1.2,3812.8084787452676,92.0173477912385,8459.859791034392,0,1849
1078.75,1.2,8.5,-2.4,2824.7395,86.638214,-0.9230999999999767,0.001299999999901047,0.0004999999996471161,-0.01292599999999311,1.4000000007285962e-05,4.0000000041118255e-06,1849,1,0,1,0,1,0,1.2,3812.2743874054054,92.01444015135134,8463.249478569978,0,1850
1079.25,1.2,8.5,-2.4,2823.8176,86.62531,-0.9219000000002779,0.0011999999996987754,-0.00010000000020227162,-0.012904000000006022,2.1999999987087904e-05,7.999999979801942e-06,1850,1,0,1,0,1,0,1.2,3811.740375094543,92.01152868179362,8466.638059825522,0,1851
1080.75,1.2,8.5,-2.4,2822.8967,86.612434,-0.9209000000000742,0.0010000000002037268,-0.00019999999949504854,-0.01287600000000566,2.800000000036107e-05,6.000000013273166e-06,1851,1,0,1,0,1,0,1.2,3811.206442224622,92.0086134038877,8470.025536001021,0,1852
1081.25,1.2,8.5,-2.4,2821.9773,86.59957,-0.9193999999997686,0.0015000000003055902,0.0005000000001018634,-0.012863999999993325,1.2000000012335477e-05,-1.5999999988025593e-05,1852,1,0,1,0,1,0,1.2,3810.6725894765245,92.00569433027522,8473.411908896476,0,1853
1082.25,1.2,8.5,-2.4,2821.0588,86.58672,-0.9185000000002219,0.0008999999995467078,-0.0006000000007588824,-0.01285000000000025,1.3999999993075107e-05,1.9999999807396307e-06,1853,1,0,1,0,1,0,1.2,3810.138817206041,92.0027714746494,8476.797179591887,0,1854
1082.0,1.2,8.5,-2.4,2820.1416,86.5739,-0.9171999999998661,0.0013000000003557943,0.0004000000008090865,-0.012820000000004939,2.9999999995311555e-05,1.6000000002236447e-05,1854,1,0,1,0,1,0,1.2,3809.6051259838277,91.99984485929919,8480.181349647253,0,1855
1082.0,1.2,8.5,-2.4,2819.2253,86.56109,-0.9162999999998647,0.0009000000000014552,-0.00040000000035433914,-0.012810000000001764,1.0000000003174137e-05,-1.9999999992137418e-05,1855,1,0,1,0,1,0,1.2,3809.071516163793,91.99691449568965,8483.564420142577,0,1856
1079.75,1.2,8.5,-2.4,2818.3105,86.5483,-0.9148000000000138,0.0014999999998508429,0.0005999999998493877,-0.012789999999995416,2.0000000006348273e-05,1.0000000003174137e-05,1856,1,0,1,0,1,0,1.2,3808.537988422186,91.99398040064621,8486.946392877855,0,1857
1079.25,1.2,8.5,-2.4,2817.3967,86.53553,-0.9138000000002648,0.0009999999997489795,-0.0005000000001018634,-0.012770000000003279,1.9999999992137418e-05,-1.4210854715202004e-14,1857,1,0,1,0,1,0,1.2,3808.004543164693,91.99104259095802,8490.32726905309,0,1858
1078.25,1.2,8.5,-2.4,2816.4841,86.52278,-0.9125999999996566,0.00120000000060827,0.0002000000008592906,-0.01274999999999693,2.0000000006348273e-05,1.4210854715202004e-14,1858,1,0,1,0,1,0,1.2,3807.4711809037117,91.98810108337815,8493.707050108282,0,1859
1078.25,1.2,8.5,-2.4,2815.5728,86.510056,-0.9113000000002103,0.0012999999994462996,9.999999883802957e-05,-0.01272399999999152,2.6000000005410584e-05,5.999999999062311e-06,1859,1,0,1,0,1,0,1.2,3806.9379022043013,91.98515589784945,8497.08573760343,0,1860
1076.75,1.2,8.5,-2.4,2814.6626,86.497345,-0.9101999999998043,0.0011000000004059984,-0.0001999999990403012,-0.01271100000001013,1.299999998138901e-05,-1.3000000024021574e-05,1860,1,0,1,0,1,0,1.2,3806.4047075228373,91.98220704728641,8500.463332858533,0,1861
1076.5,1.2,8.5,-2.4,2813.7534,86.48466,-0.9092000000000553,0.0009999999997489795,-0.00010000000065701897,-0.01268499999999051,2.600000001962144e-05,1.3000000038232429e-05,1861,1,0,1,0,1,0,1.2,3805.8715972610094,91.97925455155746,8503.839837073594,0,1862
1074.25,1.2,8.5,-2.4,2812.8457,86.47199,-0.9077000000002045,0.0014999999998508429,0.0005000000001018634,-0.012669999999999959,1.499999999055035e-05,-1.1000000029071089e-05,1862,1,0,1,0,1,0,1.2,3805.33857208803,91.976298424584,8507.21525204861,0,1863
1074.25,1.2,8.5,-2.4,2811.939,86.45934,-0.9067000000000007,0.0010000000002037268,-0.0004999999996471161,-0.012650000000007822,1.9999999992137418e-05,5.000000001587068e-06,1863,1,0,1,0,1,0,1.2,3804.8056324034337,91.97333868293993,8510.589578983583,0,1864
1073.25,1.2,8.5,-2.4,2811.0334,86.44672,-0.9056000000000495,0.001099999999951251,9.999999974752427e-05,-0.0126199999999983,3.000000000952241e-05,1.0000000017384991e-05,1864,1,0,1,0,1,0,1.2,3804.272778659518,91.97037534852547,8513.962819198512,0,1865
1073.75,1.2,8.5,-2.4,2810.1292,86.43411,-0.9041999999999462,0.0014000000001033186,0.0003000000001520675,-0.012609999999995125,1.0000000003174137e-05,-2.0000000006348273e-05,1865,1,0,1,0,1,0,1.2,3803.7400114683815,91.96740843247588,8517.3349743734,0,1866
1075.25,1.2,8.5,-2.4,2809.226,86.421524,-0.9031999999997424,0.0010000000002037268,-0.0003999999998995918,-0.012585999999998876,2.3999999996249244e-05,1.3999999993075107e-05,1866,1,0,1,0,1,0,1.2,3803.2073312265666,91.96443795340117,8520.706045708243,0,1867
1075.25,1.2,8.5,-2.4,2808.3242,86.408966,-0.9018000000000939,0.0013999999996485712,0.00039999999944484443,-0.012557999999998515,2.800000000036107e-05,4.0000000041118255e-06,1867,1,0,1,0,1,0,1.2,3802.6747385438975,91.96146393201285,8524.07603488304,0,1868
1074.25,1.2,8.5,-2.4,2807.4233,86.39642,-0.9009000000000924,0.0009000000000014552,-0.0004999999996471161,-0.01254600000000039,1.1999999998124622e-05,-1.6000000002236447e-05,1868,1,0,1,0,1,0,1.2,3802.14223376137,91.95848638041733,8527.444942977798,0,1869
1074.5,1.2,8.5,-2.4,2806.524,86.3839,-0.8993000000000393,0.0016000000000531145,0.0007000000000516593,-0.01252000000000919,2.599999999119973e-05,1.3999999993075107e-05,1869,1,0,1,0,1,0,1.2,3801.609817593583,91.95550531818182,8530.812771912511,0,1870
1075.75,1.2,8.5,-2.4,2805.6257,86.37141,-0.8982999999998356,0.0010000000002037268,-0.0005999999998493877,-0.012489999999999668,3.000000000952241e-05,4.00000001832268e-06,1870,1,0,1,0,1,0,1.2,3801.0774904329237,91.95252076696953,8534.179522887182,0,1871
1074.25,1.2,8.5,-2.4,2804.7285,86.35893,-0.8971999999998843,0.001099999999951251,9.999999974752427e-05,-0.012479999999996494,1.0000000003174137e-05,-2.0000000006348273e-05,1871,1,0,1,0,1,0,1.2,3800.545252724359,91.94953273771368,8537.545197221807,0,1872
1074.75,1.2,8.5,-2.4,2803.8328,86.34648,-0.8957000000000335,0.0014999999998508429,0.0003999999998995918,-0.012450000000001182,2.9999999995311555e-05,1.9999999992137418e-05,1872,1,0,1,0,1,0,1.2,3800.0131051254675,91.94654125200213,8540.909796716393,0,1873
1074.25,1.2,8.5,-2.4,2802.938,86.334045,-0.894800000000032,0.0009000000000014552,-0.0005999999998493877,-0.012434999999996421,1.5000000004761205e-05,-1.499999999055035e-05,1873,1,0,1,0,1,0,1.2,3799.481047972252,91.94354632337247,8544.273322450932,0,1874
1073.75,1.2,8.5,-2.4,2802.0447,86.32164,-0.8933000000001812,0.0014999999998508429,0.0005999999998493877,-0.01240500000000111,2.9999999995311555e-05,1.499999999055035e-05,1874,1,0,1,0,1,0,1.2,3798.94908192,91.94054797333332,8547.63577622543,0,1875
1073.5,1.2,8.5,-2.4,2801.1523,86.30926,-0.892399999999725,0.0009000000004562025,-0.0005999999993946403,-0.012380000000007385,2.4999999993724487e-05,-5.000000001587068e-06,1875,1,0,1,0,1,0,1.2,3798.4172073027717,91.93754622068231,8550.997159119886,0,1876
1073.25,1.2,8.5,-2.4,2800.2612,86.29689,-0.8911000000002787,0.0012999999994462996,0.0003999999989900971,-0.01236999999999,1.0000000017384991e-05,-1.4999999976339495e-05,1876,1,0,1,0,1,0,1.2,3797.8854246670217,91.9345410761854,8554.357472694299,0,1877
1073.25,1.2,8.5,-2.4,2799.3716,86.28455,-0.8895999999999731,0.0015000000003055902,0.0002000000008592906,-0.0123400000000089,2.99999999811007e-05,1.999999996371571e-05,1877,1,0,1,0,1,0,1.2,3797.3537346645367,91.93153256123536,8557.716718748668,0,1878
1073.25,1.2,8.5,-2.4,2798.483,86.27224,-0.8885999999997694,0.0010000000002037268,-0.0005000000001018634,-0.012309999999999377,3.000000000952241e-05,2.842170943040401e-14,1878,1,0,1,0,1,0,1.2,3796.822137679617,91.92852069717935,8561.074898482995,0,1879
1071.75,1.2,8.5,-2.4,2797.5955,86.25994,-0.8875000000002728,0.0010999999994965037,9.999999929277692e-05,-0.012299999999996203,1.0000000003174137e-05,-2.0000000006348273e-05,1879,1,0,1,0,1,0,1.2,3796.290634148936,91.92550549468085,8564.43201321728,0,1880
1072.25,1.2,8.5,-2.4,2796.7095,86.24767,-0.8859999999999673,0.0015000000003055902,0.0004000000008090865,-0.012270000000000891,2.9999999995311555e-05,1.9999999992137418e-05,1880,1,0,1,0,1,0,1.2,3795.7592247208936,91.9224869750133,8567.788064751523,0,1881
1071.25,1.2,8.5,-2.4,2795.8245,86.23543,-0.8849999999997635,0.0010000000002037268,-0.0005000000001018634,-0.01224000000000558,2.9999999995311555e-05,0.0,1881,1,0,1,0,1,0,1.2,3795.227909776833,91.9194651594049,8571.143054285722,0,1882
1072.25,1.2,8.5,-2.4,2794.941,86.22321,-0.8835000000003674,0.0014999999993960955,0.0004999999991923687,-0.012219999999999231,2.0000000006348273e-05,-9.999999988963282e-06,1882,1,0,1,0,1,0,1.2,3794.6966899628255,91.91644006372809,8574.49698361988,0,1883
1073.25,1.2,8.5,-2.4,2794.0583,86.21101,-0.8826999999996588,0.0008000000007086783,-0.0006999999986874172,-0.012199999999992883,2.0000000006348273e-05,0.0,1883,1,0,1,0,1,0,1.2,3794.165565552017,91.91341170382165,8577.849853713995,0,1884
1073.0,1.2,8.5,-2.4,2793.1772,86.198845,-0.8811000000000604,0.0015999999995983671,0.0007999999988896889,-0.012164999999995985,3.499999999689862e-05,1.499999999055035e-05,1884,1,0,1,0,1,0,1.2,3793.6345372413793,91.91038010344828,8581.201666488067,0,1885
1073.0,1.2,8.5,-2.4,2792.2974,86.18669,-0.8798000000001593,0.001299999999901047,-0.00029999999969732016,-0.012155000000007021,9.999999988963282e-06,-2.500000000793534e-05,1885,1,0,1,0,1,0,1.2,3793.1036055673385,91.90734527306469,8584.552423502097,0,1886
1072.75,1.2,8.5,-2.4,2791.4185,86.174576,-0.8788999999997031,0.0009000000004562025,-0.00039999999944484443,-0.01211399999999685,4.100000001017179e-05,3.100000002120851e-05,1886,1,0,1,0,1,0,1.2,3792.5727708532063,91.90430723953365,8587.902125836084,0,1887
1072.75,1.2,8.5,-2.4,2790.541,86.162476,-0.8775000000000546,0.0013999999996485712,0.0004999999991923687,-0.012100000000003774,1.3999999993075107e-05,-2.700000001709668e-05,1887,1,0,1,0,1,0,1.2,3792.042033686441,91.90126601536016,8591.25077517003,0,1888
1072.75,1.2,8.5,-2.4,2789.6648,86.1504,-0.8762000000001535,0.001299999999901047,-9.999999974752427e-05,-0.012075999999993314,2.40000000104601e-05,1.0000000017384991e-05,1888,1,0,1,0,1,0,1.2,3791.511394600318,91.89822161831657,8594.598373063935,0,1889
1072.25,1.2,8.5,-2.4,2788.79,86.13835,-0.8748000000000502,0.0014000000001033186,0.00010000000020227162,-0.012050000000002115,2.599999999119973e-05,1.9999999807396307e-06,1889,1,0,1,0,1,0,1.2,3790.980854179894,91.89517406719577,8597.944921197797,0,1890
1072.25,1.2,8.5,-2.4,2787.9163,86.126335,-0.873700000000099,0.001099999999951251,-0.0003000000001520675,-0.012015000000005216,3.499999999689862e-05,9.000000005698894e-06,1890,1,0,1,0,1,0,1.2,3790.450412850344,91.89212338551032,8601.290420891617,0,1891
1073.75,1.2,8.5,-2.4,2787.0437,86.114334,-0.872599999999693,0.0011000000004059984,4.547473508864641e-13,-0.01200099999999793,1.4000000007285962e-05,-2.099999998961266e-05,1891,1,0,1,0,1,0,1.2,3789.920071035941,91.88906958562367,8604.634873465395,0,1892
1075.25,1.2,8.5,-2.4,2786.1726,86.10236,-0.8711000000002969,0.0014999999993960955,0.0003999999989900971,-0.011973999999995044,2.7000000002885827e-05,1.2999999995599865e-05,1892,1,0,1,0,1,0,1.2,3789.3898293713683,91.88601268674063,8607.978280719131,0,1893
1074.75,1.2,8.5,-2.4,2785.3025,86.09042,-0.8701000000000931,0.0010000000002037268,-0.0004999999991923687,-0.011940000000009832,3.3999999985212526e-05,6.999999982326699e-06,1893,1,0,1,0,1,0,1.2,3788.8596882259767,91.88295271172123,8611.320643852825,0,1894
1075.0,1.2,8.5,-2.4,2784.4338,86.07851,-0.8686999999999898,0.0014000000001033186,0.0003999999998995918,-0.01191000000000031,3.000000000952241e-05,-3.999999975690116e-06,1894,1,0,1,0,1,0,1.2,3788.3296481794196,91.87988968126649,8614.661964546478,0,1895
1074.25,1.2,8.5,-2.4,2783.5664,86.06661,-0.867399999999634,0.0013000000003557943,-9.999999974752427e-05,-0.011899999999997135,1.0000000003174137e-05,-2.0000000006348273e-05,1895,1,0,1,0,1,0,1.2,3787.799709757384,91.87682360548524,8618.00224436009,0,1896
1074.75,1.2,8.5,-2.4,2782.7004,86.05475,-0.8659999999999854,0.0013999999996485712,9.999999929277692e-05,-0.01185999999999865,3.999999999848569e-05,2.9999999995311555e-05,1896,1,0,1,0,1,0,1.2,3787.269873537164,91.87375451027938,8621.34148497366,0,1897
1076.25,1.2,8.5,-2.4,2781.8354,86.04291,-0.8650000000002365,0.0009999999997489795,-0.0003999999998995918,-0.011839999999992301,2.0000000006348273e-05,-1.9999999992137418e-05,1897,1,0,1,0,1,0,1.2,3786.7401398840884,91.8706824109589,8624.679687587188,0,1898
1077.75,1.2,8.5,-2.4,2780.972,86.0311,-0.8633999999997286,0.0016000000005078618,0.0006000000007588824,-0.0118100000000112,2.99999999811007e-05,9.999999974752427e-06,1898,1,0,1,0,1,0,1.2,3786.210509478673,91.86760732806741,8628.016854120675,0,1899
1077.75,1.2,8.5,-2.4,2780.1096,86.01931,-0.8624000000004344,0.0009999999992942321,-0.0006000000012136297,-0.011789999999990641,2.0000000020559128e-05,-9.999999960541572e-06,1899,1,0,1,0,1,0,1.2,3785.680982684211,91.8645292768421,8631.35298577412,0,1900
1078.75,1.2,8.5,-2.4,2779.2485,86.00755,-0.8610999999996238,0.0013000000008105417,0.00030000000151630957,-0.01176000000000954,2.99999999811007e-05,9.999999960541572e-06,1900,1,0,1,0,1,0,1.2,3785.1515600210414,91.86144827774856,8634.688084107524,0,1901
1079.25,1.2,8.5,-2.4,2778.3887,85.99583,-0.8598000000001775,0.0012999999994462996,-1.3642420526593924e-12,-0.011719999999996844,4.0000000012696546e-05,1.0000000031595846e-05,1901,1,0,1,0,1,0,1.2,3784.6222420084123,91.85836435646688,8638.022150680887,0,1902
1080.25,1.2,8.5,-2.4,2777.5303,85.98412,-0.8584000000000742,0.0014000000001033186,0.00010000000065701897,-0.01170999999999367,1.0000000003174137e-05,-3.000000000952241e-05,1902,1,0,1,0,1,0,1.2,3784.0930292170256,91.85527752285864,8641.355187174207,0,1903
1077.75,1.2,8.5,-2.4,2776.6729,85.97245,-0.8573999999998705,0.0010000000002037268,-0.0003999999998995918,-0.011670000000009395,3.9999999984274837e-05,2.99999999811007e-05,1903,1,0,1,0,1,0,1.2,3783.563922006302,91.852187802521,8644.687194787488,0,1904
1076.75,1.2,8.5,-2.4,2775.817,85.9608,-0.8559000000000196,0.0014999999998508429,0.0004999999996471161,-0.011649999999988836,2.0000000020559128e-05,-1.999999996371571e-05,1904,1,0,1,0,1,0,1.2,3783.0349209973756,91.84909521049869,8648.018175320727,0,1905
1076.25,1.2,8.5,-2.4,2774.9624,85.94918,-0.8546000000001186,0.001299999999901047,-0.0001999999999497959,-0.011620000000007735,2.99999999811007e-05,9.999999960541572e-06,1905,1,0,1,0,1,0,1.2,3782.5060267051417,91.84599976705141,8651.348130333925,0,1906
1076.25,1.2,8.5,-2.4,2774.109,85.93759,-0.8533999999999651,0.0012000000001535227,-9.999999974752427e-05,-0.011589999999998213,3.000000000952241e-05,2.842170943040401e-14,1906,1,0,1,0,1,0,1.2,3781.977239590981,91.84290149239644,8654.677061267083,0,1907
1076.75,1.2,8.5,-2.4,2773.2568,85.92603,-0.8521999999998116,0.0012000000001535227,0.0,-0.011560000000002901,2.9999999995311555e-05,-1.4210854715202004e-14,1907,1,0,1,0,1,0,1.2,3781.4485601153037,91.8398004067086,8658.0049695602,0,1908
1077.25,1.2,8.5,-2.4,2772.4062,85.9145,-0.8506000000002132,0.0015999999995983671,0.00039999999944484443,-0.011529999999993379,3.000000000952241e-05,1.4210854715202004e-14,1908,1,0,1,0,1,0,1.2,3780.9199889470924,91.83669653012048,8661.331857133275,0,1909
1077.0,1.2,8.5,-2.4,2771.5566,85.90299,-0.8496000000000095,0.0010000000002037268,-0.0005999999993946403,-0.011510000000001241,1.9999999992137418e-05,-1.0000000017384991e-05,1909,1,0,1,0,1,0,1.2,3780.39152643979,91.83358987748692,8664.65772518631,0,1910
1075.25,1.2,8.5,-2.4,2770.7085,85.89152,-0.8480999999997039,0.0015000000003055902,0.0005000000001018634,-0.011470000000002756,3.999999999848569e-05,2.0000000006348273e-05,1910,1,0,1,0,1,0,1.2,3779.8631732077447,91.83048047409733,8667.982575519303,0,1911
1076.75,1.2,8.5,-2.4,2769.8616,85.88007,-0.8469000000000051,0.0011999999996987754,-0.00030000000060681487,-0.011449999999996407,2.0000000006348273e-05,-1.9999999992137418e-05,1911,1,0,1,0,1,0,1.2,3779.3349297071127,91.82736833472804,8671.306409572257,0,1912
1077.0,1.2,8.5,-2.4,2769.016,85.86865,-0.845600000000104,0.001299999999901047,0.00010000000020227162,-0.011420000000001096,2.9999999995311555e-05,9.999999988963282e-06,1912,1,0,1,0,1,0,1.2,3778.806796445374,91.82425347935181,8674.629228905169,0,1913
1077.0,1.2,8.5,-2.4,2768.1719,85.85727,-0.8441000000002532,0.0014999999998508429,0.0001999999999497959,-0.01138000000000261,3.999999999848569e-05,1.0000000003174137e-05,1913,1,0,1,0,1,0,1.2,3778.278774033438,91.82113593312435,8677.951035318041,0,1914
1078.25,1.2,8.5,-2.4,2767.3289,85.84591,-0.8429999999998472,0.0011000000004059984,-0.00039999999944484443,-0.011359999999996262,2.0000000006348273e-05,-1.9999999992137418e-05,1914,1,0,1,0,1,0,1.2,3777.7508628720625,91.81801571070496,8681.271830130872,0,1915
1077.75,1.2,8.5,-2.4,2766.4873,85.83459,-0.8416000000001986,0.0013999999996485712,0.0002999999992425728,-0.011319999999997776,3.999999999848569e-05,1.9999999992137418e-05,1915,1,0,1,0,1,0,1.2,3777.2230635177452,91.81489283716076,8684.591615023664,0,1916
1076.75,1.2,8.5,-2.4,2765.647,85.82329,-0.8402999999998428,0.0013000000003557943,-9.999999929277692e-05,-0.011300000000005639,1.9999999992137418e-05,-2.0000000006348273e-05,1916,1,0,1,0,1,0,1.2,3776.695376473657,91.81176732707355,8687.910391556416,0,1917
1077.75,1.3,8.5,-2.4,2764.8079,85.81202,-0.8391000000001441,0.0011999999996987754,-0.00010000000065701897,-0.011269999999996116,3.000000000952241e-05,1.0000000017384991e-05,1917,1,0,1,0,1,0,1.0999999999999999,3776.167802189781,91.80863920020856,8691.228161169127,0,1918
1077.25,1.3,8.5,-2.4,2763.9702,85.80078,-0.837699999999586,0.001400000000558066,0.0002000000008592906,-0.011240000000000805,2.9999999995311555e-05,-1.4210854715202004e-14,1918,1,0,1,0,1,0,1.0999999999999999,3775.640341219385,91.80550847628973,8694.544925541797,0,1919
1077.25,1.3,8.5,-2.4,2763.1338,85.78957,-0.8364000000001397,0.0012999999994462996,-0.00010000000111176632,-0.011210000000005493,2.9999999995311555e-05,0.0,1919,1,0,1,0,1,0,1.0999999999999999,3775.1129940625,91.802375175,8697.860686234428,0,1920
1077.75,1.3,8.5,-2.4,2762.2988,85.778404,-0.8350000000000364,0.0014000000001033186,0.00010000000065701897,-0.011166000000002896,4.400000000259752e-05,1.4000000007285962e-05,1920,1,0,1,0,1,0,1.0999999999999999,3774.5857612701716,91.79923932326913,8701.175444927017,0,1921
1077.5,1.3,8.5,-2.4,2761.465,85.76726,-0.8337999999998829,0.0012000000001535227,-0.0001999999999497959,-0.011144000000001597,2.200000000129876e-05,-2.200000000129876e-05,1921,1,0,1,0,1,0,1.0999999999999999,3774.058643288241,91.79610093652445,8704.489203059567,0,1922
1076.75,1.3,8.5,-2.4,2760.6328,85.75614,-0.8322000000002845,0.0015999999995983671,0.00039999999944484443,-0.011119999999991137,2.40000000104601e-05,2.00000000916134e-06,1922,1,0,1,0,1,0,1.0999999999999999,3773.531640769631,91.79296003120126,8707.80196255208,0,1923
1077.75,1.3,8.5,-2.4,2759.8018,85.74506,-0.8309999999996762,0.00120000000060827,-0.0003999999989900971,-0.011080000000006862,3.9999999984274837e-05,1.5999999973814738e-05,1923,1,0,1,0,1,0,1.0999999999999999,3773.0047541580043,91.78981663201664,8711.113724844548,0,1924
1078.25,1.3,8.5,-2.4,2758.972,85.73402,-0.8297999999999774,0.0011999999996987754,-9.094947017729282e-13,-0.011039999999994166,4.0000000012696546e-05,2.842170943040401e-14,1924,1,0,1,0,1,0,1.0999999999999999,3772.477983896104,91.78667076363637,8714.42449137698,0,1925
1078.25,1.3,8.5,-2.4,2758.1436,85.72299,-0.8284000000003289,0.0013999999996485712,0.0001999999999497959,-0.011030000000005202,9.999999988963282e-06,-3.0000000023733264e-05,1925,1,0,1,0,1,0,1.0999999999999999,3771.951330529595,91.78352243509866,8717.73426382937,0,1926
1079.25,1.3,8.5,-2.4,2757.3167,85.712006,-0.8269000000000233,0.0015000000003055902,0.00010000000065701897,-0.010983999999993443,4.600000001175886e-05,3.6000000022795575e-05,1926,1,0,1,0,1,0,1.0999999999999999,3771.424794654904,91.78037167410483,8721.04304400172,0,1927
1079.5,1.3,8.5,-2.4,2756.491,85.70106,-0.8256999999998698,0.0012000000001535227,-0.0003000000001520675,-0.010946000000004119,3.799999998932435e-05,-8.000000022434506e-06,1927,1,0,1,0,1,0,1.0999999999999999,3770.8983767116183,91.77721850414937,8724.350833334032,0,1928
1079.5,1.3,8.5,-2.4,2755.6665,85.69013,-0.824500000000171,0.0011999999996987754,-4.547473508864641e-13,-0.010930000000001883,1.6000000002236447e-05,-2.1999999987087904e-05,1928,1,0,1,0,1,0,1.0999999999999999,3770.3720771384137,91.7740629372732,8727.657633266304,0,1929
1081.75,1.3,8.5,-2.4,2754.8435,85.679245,-0.8229999999998654,0.0015000000003055902,0.00030000000060681487,-0.01088500000000181,4.500000000007276e-05,2.8999999997836312e-05,1929,1,0,1,0,1,0,1.0999999999999999,3769.845896528497,91.77090500051814,8730.963445598538,0,1930
1080.75,1.3,8.5,-2.4,2754.022,85.66839,-0.8215000000000146,0.0014999999998508429,-4.547473508864641e-13,-0.010854999999992287,3.000000000952241e-05,-1.499999999055035e-05,1930,1,0,1,0,1,0,1.0999999999999999,3769.319835473848,91.76774471310202,8734.26827213073,0,1931
1080.5,1.3,8.5,-2.4,2753.2017,85.65756,-0.820299999999861,0.0012000000001535227,-0.00029999999969732016,-0.010829999999998563,2.4999999993724487e-05,-5.000000015797923e-06,1931,1,0,1,0,1,0,1.0999999999999999,3768.7938944099383,91.76458209161491,8737.572114302884,0,1932
1081.25,1.3,8.5,-2.4,2752.3826,85.64677,-0.8191000000001623,0.0011999999996987754,-4.547473508864641e-13,-0.010790000000000077,3.999999999848569e-05,1.5000000004761205e-05,1932,1,0,1,0,1,0,1.0999999999999999,3768.26807377134,91.76141716037247,8740.874973554999,0,1933
1079.75,1.3,8.5,-2.4,2751.565,85.63601,-0.8175999999998567,0.0015000000003055902,0.00030000000060681487,-0.010760000000004766,2.9999999995311555e-05,-1.0000000003174137e-05,1933,1,0,1,0,1,0,1.0999999999999999,3767.742374146846,91.75824993846949,8744.176851687074,0,1934
1080.25,1.3,8.5,-2.4,2750.7488,85.62529,-0.8162000000002081,0.0013999999996485712,-0.00010000000065701897,-0.01071999999999207,4.0000000012696546e-05,1.0000000017384991e-05,1934,1,0,1,0,1,0,1.0999999999999999,3767.2167960723514,91.7550804501292,8747.47775037911,0,1935
1080.75,1.3,8.5,-2.4,2749.9338,85.61459,-0.8150000000000546,0.0012000000001535227,-0.00019999999949504854,-0.010699999999999932,1.9999999992137418e-05,-2.0000000020559128e-05,1935,1,0,1,0,1,0,1.0999999999999999,3766.691339979339,91.75190870919421,8750.777671071106,0,1936
1080.5,1.3,8.5,-2.4,2749.1204,85.603935,-0.8134000000000015,0.0016000000000531145,0.0003999999998995918,-0.010654999999999859,4.500000000007276e-05,2.500000000793534e-05,1936,1,0,1,0,1,0,1.0999999999999999,3766.1660065049045,91.74873474238514,8754.076615683065,0,1937
1080.75,1.3,8.5,-2.6,2748.308,85.593315,-0.8123999999997977,0.0010000000002037268,-0.0005999999998493877,-0.01062000000000296,3.499999999689862e-05,-1.0000000003174137e-05,1937,1,0,1,0,1,0,1.3,3765.640795975232,91.74555857120744,8757.374585414984,0,1938
1081.25,1.3,8.5,-2.6,2747.4973,85.582726,-0.8106999999999971,0.0016999999998006388,0.000699999999596912,-0.010589000000010174,3.09999999927868e-05,-4.0000000041118255e-06,1938,1,0,1,0,1,0,1.3,3765.1157090768434,91.74238021505931,8760.671582306863,0,1939
1079.75,1.3,8.5,-2.6,2746.688,85.57217,-0.8092999999998938,0.0014000000001033186,-0.00029999999969732016,-0.010555999999994015,3.300000001615899e-05,2.000000023372195e-06,1939,1,0,1,0,1,0,1.3,3764.590746340206,91.7391996943299,8763.967608038703,0,1940
1078.75,1.3,8.5,-2.6,2745.88,85.561646,-0.8079999999999927,0.001299999999901047,-0.00010000000020227162,-0.010524000000003753,3.199999999026204e-05,-1.0000000258969521e-06,1940,1,0,1,0,1,0,1.3,3764.0659082431735,91.73601702885111,8767.262664170506,0,1941
1078.75,1.3,8.5,-2.6,2745.0732,85.55116,-0.806800000000294,0.0011999999996987754,-0.00010000000020227162,-0.010486000000000217,3.8000000003535206e-05,6.000000013273166e-06,1941,1,0,1,0,1,0,1.3,3763.5411952111226,91.7328322415036,8770.55675214227,0,1942
1078.25,1.4,8.5,-2.6,2744.268,85.54071,-0.8051999999997861,0.0016000000005078618,0.0004000000008090865,-0.010449999999991633,3.600000000858472e-05,-1.9999999949504854e-06,1942,1,0,1,0,1,0,1.2000000000000002,3763.016607874421,91.72964535409162,8773.849873873995,0,1943
1078.0,1.4,8.5,-2.6,2743.464,85.53029,-0.8040000000000873,0.0011999999996987754,-0.0004000000008090865,-0.010420000000010532,2.99999999811007e-05,-6.00000002748402e-06,1943,1,0,1,0,1,0,1.2000000000000002,3762.4921466563787,91.72645638528806,8777.14203080568,0,1944
1078.0,1.4,8.5,-2.6,2742.6616,85.519905,-0.8024000000000342,0.0016000000000531145,0.00040000000035433914,-0.010384999999999422,3.500000001110948e-05,5.000000030008778e-06,1944,1,0,1,0,1,0,1.2000000000000002,3761.96781218509,91.7232653562982,8780.433224857328,0,1945
1077.25,1.4,8.5,-2.6,2741.8604,85.50956,-0.8011999999998807,0.0012000000001535227,-0.0003999999998995918,-0.010345000000000937,3.999999999848569e-05,4.9999999873762135e-06,1945,1,0,1,0,1,0,1.2000000000000002,3761.443604881809,91.72007229085303,8783.723457468937,0,1946
1079.25,1.4,8.5,-2.6,2741.0605,85.49925,-0.7998999999999796,0.001299999999901047,9.999999974752427e-05,-0.010309999999989827,3.500000001110948e-05,-4.9999999873762135e-06,1946,1,0,1,0,1,0,1.2000000000000002,3760.919525218285,91.71687721006677,8787.01273020051,0,1947
1080.75,1.4,8.5,-2.6,2740.2622,85.488976,-0.7982999999999265,0.0016000000000531145,0.0003000000001520675,-0.010274000000009664,3.599999998016301e-05,9.999999690535333e-07,1947,1,0,1,0,1,0,1.2000000000000002,3760.3955738193017,91.71368013552362,8790.301044972042,0,1948
1080.75,1.4,8.5,-2.6,2739.4653,85.47874,-0.7969000000002779,0.0013999999996485712,-0.00020000000040454324,-0.010235999999991918,3.800000001774606e-05,2.0000000375830496e-06,1948,1,0,1,0,1,0,1.2000000000000002,3759.871751205747,91.71048108978964,8793.588403463536,0,1949
1079.75,1.4,8.5,-2.6,2738.6697,85.46853,-0.7955999999999221,0.0013000000003557943,-9.999999929277692e-05,-0.010210000000000719,2.599999999119973e-05,-1.2000000026546331e-05,1949,1,0,1,0,1,0,1.2000000000000002,3759.3480578461536,91.70728008923078,8796.874807234992,0,1950
1080.0,1.4,8.5,-2.6,2737.8755,85.45836,-0.7941999999998188,0.0014000000001033186,9.999999974752427e-05,-0.010170000000002233,3.999999999848569e-05,1.4000000007285962e-05,1950,1,0,1,0,1,0,1.2000000000000002,3758.824494259354,91.7040771573552,8800.16025796641,0,1951
1078.75,1.4,8.5,-2.6,2737.0828,85.448235,-0.792699999999968,0.0014999999998508429,9.999999974752427e-05,-0.01012500000000216,4.500000000007276e-05,5.000000001587068e-06,1951,1,0,1,0,1,0,1.2000000000000002,3758.301061014344,91.70087232018442,8803.44475745779,0,1952
1078.25,1.4,8.5,-2.6,2736.2913,85.43813,-0.7915000000002692,0.0011999999996987754,-0.0003000000001520675,-0.010104999999995812,2.0000000006348273e-05,-2.4999999993724487e-05,1952,1,0,1,0,1,0,1.2000000000000002,3757.7777585253452,91.69766559088582,8806.728307149133,0,1953
1077.25,1.4,8.5,-2.6,2735.5015,85.42808,-0.7898000000000138,0.0017000000002553861,0.0005000000005566108,-0.010050000000006776,5.499999998903604e-05,3.499999998268777e-05,1953,1,0,1,0,1,0,1.2000000000000002,3757.254587461617,91.69445700051178,8810.010909080436,0,1954
1076.75,1.4,8.5,-2.6,2734.713,85.41805,-0.788499999999658,0.0013000000003557943,-0.0003999999998995918,-0.010030000000000427,2.0000000006348273e-05,-3.499999998268777e-05,1954,1,0,1,0,1,0,1.2000000000000002,3756.731548286445,91.69124656214834,8813.292564811703,0,1955
1077.25,1.4,8.5,-2.6,2733.9255,85.40807,-0.7875000000003638,0.0009999999992942321,-0.0003000000010615622,-0.009979999999998768,5.000000000165983e-05,2.9999999995311555e-05,1955,1,0,1,0,1,0,1.2000000000000002,3756.2086413087936,91.68803430419223,8816.57327554293,0,1956
1077.5,1.4,8.5,-2.6,2733.14,85.398125,-0.7854999999999563,0.0020000000004074536,0.0010000000011132215,-0.009945000000001869,3.499999999689862e-05,-1.5000000004761205e-05,1956,1,0,1,0,1,0,1.2000000000000002,3755.6858673479815,91.68482024731732,8819.853043674122,0,1957
1075.25,1.4,8.5,-2.6,2732.3555,85.388214,-0.7844999999997526,0.0010000000002037268,-0.0010000000002037268,-0.009910999999988235,3.4000000013634235e-05,-9.99999983264388e-07,1957,1,0,1,0,1,0,1.2000000000000002,3755.16322671093,91.68160441164453,8823.131870405276,0,1958
1075.0,1.4,8.5,-2.6,2731.5725,85.37834,-0.7829999999999018,0.0014999999998508429,0.0004999999996471161,-0.009874000000010597,3.6999999977638254e-05,2.9999999640040187e-06,1958,1,0,1,0,1,0,1.2000000000000002,3754.640719959163,91.67838681878509,8826.40975753639,0,1959
1074.75,1.4,8.5,-2.6,2730.791,85.36851,-0.7815000000000509,0.0014999999998508429,0.0,-0.009829999999993788,4.400000001680837e-05,7.000000039170118e-06,1959,1,0,1,0,1,0,1.2000000000000002,3754.1183476530614,91.67516749387755,8829.686706867467,0,1960
1074.25,1.4,8.5,-2.6,2730.011,85.35871,-0.7800000000002001,0.0014999999998508429,0.0,-0.009799999999998477,2.9999999995311555e-05,-1.4000000021496817e-05,1960,1,0,1,0,1,0,1.2000000000000002,3753.5961103518616,91.67194645486995,8832.96272019851,0,1961
1075.25,1.4,8.5,-2.6,2729.2324,85.34895,-0.7786000000000968,0.0014000000001033186,-9.999999974752427e-05,-0.009759999999999991,3.999999999848569e-05,1.0000000003174137e-05,1961,1,0,1,0,1,0,1.2000000000000002,3753.0740085626912,91.66872372477064,8836.237799209512,0,1962
1074.25,1.4,8.5,-2.6,2728.455,85.33923,-0.7773999999999432,0.0012000000001535227,-0.0001999999999497959,-0.009720000000001505,3.999999999848569e-05,0.0,1962,1,0,1,0,1,0,1.2000000000000002,3752.55204268976,91.665499326541,8839.511945340479,0,1963
1073.25,1.4,8.5,-2.6,2727.6792,85.32955,-0.7757999999998901,0.0016000000000531145,0.0003999999998995918,-0.00968000000000302,3.999999999848569e-05,0.0,1963,1,0,1,0,1,0,1.2000000000000002,3752.030213340122,91.66227328309573,8842.785160511407,0,1964
1073.25,1.4,8.5,-2.6,2726.9048,85.31991,-0.7744000000002416,0.0013999999996485712,-0.00020000000040454324,-0.009640000000004534,3.999999999848569e-05,0.0,1964,1,0,1,0,1,0,1.2000000000000002,3751.5085210178117,91.6590456173028,8846.057446402298,0,1965
1071.25,1.5,8.5,-2.6,2726.1318,85.3103,-0.7729999999996835,0.001400000000558066,9.094947017729282e-13,-0.009609999999995011,3.000000000952241e-05,-9.999999988963282e-06,1965,1,0,1,0,1,0,1.1,3750.9869662258393,91.65581634689724,8849.328804693152,0,1966
1072.75,1.5,8.5,-2.6,2725.3604,85.300735,-0.7714000000000851,0.0015999999995983671,0.0001999999990403012,-0.009564999999994939,4.500000000007276e-05,1.499999999055035e-05,1966,1,0,1,0,1,0,1.1,3750.46554956787,91.65258549720387,8852.59923730397,0,1967
1073.25,1.5,8.5,-2.6,2724.5903,85.291214,-0.7701000000001841,0.001299999999901047,-0.00029999999969732016,-0.009521000000006552,4.399999998838666e-05,-1.0000000116860974e-06,1967,1,0,1,0,1,0,1.1,3749.9442714939023,91.64935309298781,8855.868745794749,0,1968
1073.75,1.5,8.5,-2.6,2723.8218,85.28172,-0.7684999999996762,0.0016000000005078618,0.00030000000060681487,-0.009493999999989455,2.700000001709668e-05,-1.699999997128998e-05,1968,1,0,1,0,1,0,1.1,3749.423132605383,91.64611915033012,8859.137332085493,0,1969
1073.75,1.5,8.5,-2.6,2723.0544,85.27228,-0.7674000000001797,0.0010999999994965037,-0.0005000000010113581,-0.009440000000012105,5.3999999977349944e-05,2.6999999960253263e-05,1969,1,0,1,0,1,0,1.1,3748.902133248731,91.64288369898478,8862.4049974962,0,1970
1074.0,1.5,8.5,-2.6,2722.2888,85.26287,-0.7656000000001768,0.0018000000000029104,0.0007000000005064066,-0.009409999999988372,3.0000000023733264e-05,-2.399999995361668e-05,1970,1,0,1,0,1,0,1.1,3748.38127412481,91.63964675646879,8865.67174418687,0,1971
1074.0,1.5,8.5,-2.6,2721.5244,85.2535,-0.7644000000000233,0.0012000000001535227,-0.0005999999998493877,-0.009370000000004097,3.9999999984274837e-05,9.999999960541572e-06,1971,1,0,1,0,1,0,1.1,3747.8605556288035,91.63640834533469,8868.937573597503,0,1972
1075.25,1.5,8.5,-2.6,2720.7617,85.24418,-0.7626999999997679,0.0017000000002553861,0.0005000000001018634,-0.009320000000002437,5.000000000165983e-05,1.0000000017384991e-05,1972,1,0,1,0,1,0,1.1,3747.339978408515,91.63316849315763,8872.2024877681,0,1973
1075.25,1.5,8.5,-2.6,2720.0002,85.234886,-0.7615000000000691,0.0011999999996987754,-0.0005000000005566108,-0.009293999999997027,2.6000000005410584e-05,-2.3999999996249244e-05,1973,1,0,1,0,1,0,1.1,3746.8195428571426,91.62992721529889,8875.46648813866,0,1974
1074.25,1.5,8.5,-2.6,2719.2402,85.22564,-0.7599999999997635,0.0015000000003055902,0.00030000000060681487,-0.009246000000004528,4.799999999249849e-05,2.1999999987087904e-05,1974,1,0,1,0,1,0,1.1,3746.299249518987,91.62668453822785,8878.729576509182,0,1975
1072.75,1.5,8.5,-2.6,2718.4817,85.21644,-0.7585000000003674,0.0014999999993960955,-9.094947017729282e-13,-0.00919999999999277,4.600000001175886e-05,-1.9999999807396307e-06,1975,1,0,1,0,1,0,1.1,3745.779098937247,91.62344048734818,8881.99175467967,0,1976
1072.75,1.5,8.5,-2.6,2717.7249,85.20727,-0.7567999999996573,0.0017000000007101335,0.00020000000131403795,-0.009170000000011669,2.99999999811007e-05,-1.6000000030658157e-05,1976,1,0,1,0,1,0,1.1,3745.2590917551843,91.62019507991907,8885.25302469012,0,1977
1072.5,1.5,8.5,-2.6,2716.9692,85.19814,-0.7557000000001608,0.0010999999994965037,-0.0006000000012136297,-0.009129999999998972,4.0000000012696546e-05,1.0000000031595846e-05,1977,1,0,1,0,1,0,1.1,3744.7392283114254,91.61694833822042,8888.513387860536,0,1978
1071.25,1.5,8.5,-2.6,2716.215,85.189064,-0.7541999999998552,0.0015000000003055902,0.0004000000008090865,-0.0090759999999932,5.400000000577165e-05,1.3999999993075107e-05,1978,1,0,1,0,1,0,1.1,3744.219509146033,91.6137002915614,8891.772845990914,0,1979
1069.25,1.5,8.5,-2.6,2715.4624,85.18002,-0.7526000000002568,0.0015999999995983671,9.999999929277692e-05,-0.009044000000002939,3.199999999026204e-05,-2.2000000015509613e-05,1979,1,0,1,0,1,0,1.1,3743.699934848485,91.6104509580808,8895.031401001255,0,1980
1069.75,1.5,8.5,-2.6,2714.7112,85.17102,-0.7511999999996988,0.001400000000558066,-0.0001999999990403012,-0.009000000000000341,4.400000000259752e-05,1.2000000012335477e-05,1980,1,0,1,0,1,0,1.1,3743.180505906108,91.60720036193842,8898.289054571562,0,1981
1069.5,1.5,8.5,-2.6,2713.9617,85.16206,-0.7495000000003529,0.0016999999993458914,0.00029999999878782546,-0.008960000000001855,3.999999999848569e-05,-4.0000000041118255e-06,1981,1,0,1,0,1,0,1.1,3742.6612229566094,91.60394852522705,8901.545808741832,0,1982
1068.25,1.5,8.5,-2.6,2713.2134,85.153145,-0.7482999999997446,0.00120000000060827,-0.0004999999987376214,-0.008915000000001783,4.500000000007276e-05,5.000000001587068e-06,1982,1,0,1,0,1,0,1.1,3742.142086384266,91.60069547251639,8904.801664952067,0,1983
1069.25,1.5,8.5,-2.6,2712.4666,85.14427,-0.7467999999998938,0.0014999999998508429,0.0002999999992425728,-0.008874999999989086,4.0000000012696546e-05,-4.9999999873762135e-06,1983,1,0,1,0,1,0,1.1,3741.6230967237902,91.59744122580645,8908.056625002266,0,1984
1069.75,1.5,8.5,-2.6,2711.7212,85.13544,-0.7454000000002452,0.0013999999996485712,-0.00010000000020227162,-0.008830000000003224,4.4999999985861905e-05,4.999999973165359e-06,1984,1,0,1,0,1,0,1.1,3741.1042544584384,91.59418580957178,8911.310690572427,0,1985
1068.25,1.5,8.5,-2.6,2710.9775,85.12665,-0.7436999999999898,0.0017000000002553861,0.00030000000060681487,-0.008790000000004738,3.999999999848569e-05,-4.9999999873762135e-06,1985,1,0,1,0,1,0,1.1,3740.585560221551,91.59092924572003,8914.563863702555,0,1986
1069.25,1.5,8.5,-2.6,2710.235,85.1179,-0.7424999999998363,0.0012000000001535227,-0.0005000000001018634,-0.008749999999992042,4.0000000012696546e-05,1.4210854715202004e-14,1986,1,0,1,0,1,0,1.1,3740.067014393558,91.58767155611476,8917.816145832645,0,1987
1069.25,1.5,8.5,-2.6,2709.4944,85.10919,-0.7406000000000859,0.0018999999997504347,0.000699999999596912,-0.008710000000007767,3.9999999984274837e-05,-2.842170943040401e-14,1987,1,0,1,0,1,0,1.1,3739.548617706237,91.58441276257545,8921.067539242702,0,1988
1068.25,1.5,8.5,-2.8,2708.7551,85.10053,-0.7393000000001848,0.001299999999901047,-0.0005999999998493877,-0.008659999999991896,5.000000001587068e-05,1.0000000031595846e-05,1988,1,0,1,0,1,0,1.2999999999999998,3739.0303705882357,91.58115289190548,8924.318045492722,0,1989
1066.75,1.5,8.5,-2.8,2708.017,85.09191,-0.7381000000000313,0.0012000000001535227,-9.999999974752427e-05,-0.008620000000007622,3.9999999984274837e-05,-1.0000000031595846e-05,1989,1,0,1,0,1,0,1.2999999999999998,3738.5122734170855,91.57789196582915,8927.567666022707,0,1990
1066.75,1.5,8.5,-2.8,2707.2808,85.083336,-0.7361999999998261,0.001900000000205182,0.0007000000000516593,-0.008573999999995863,4.600000001175886e-05,6.00000002748402e-06,1990,1,0,1,0,1,0,1.2999999999999998,3737.9943269211453,91.57463000904067,8930.816403112656,0,1991
1066.5,1.5,8.5,-2.8,2706.546,85.07481,-0.7348000000001775,0.0013999999996485712,-0.0005000000005566108,-0.008526000000003364,4.799999999249849e-05,1.9999999807396307e-06,1991,1,0,1,0,1,0,1.2999999999999998,3737.476531576305,91.57136704718876,8934.06425844257,0,1992
1065.75,1.5,8.5,-2.8,2705.8127,85.066315,-0.7332999999998719,0.0015000000003055902,0.00010000000065701897,-0.008494999999996367,3.100000000699765e-05,-1.6999999985500835e-05,1992,1,0,1,0,1,0,1.2999999999999998,3736.958887907677,91.5681030973407,8937.31123381245,0,1993
1064.25,1.5,8.5,-2.8,2705.0808,85.05787,-0.7318999999997686,0.0014000000001033186,-0.00010000000020227162,-0.008445000000008918,4.999999998744897e-05,1.899999998045132e-05,1993,1,0,1,0,1,0,1.2999999999999998,3736.4413963891675,91.56483818605818,8940.557330902293,0,1994
1064.25,1.6,8.5,-2.8,2704.3503,85.04947,-0.73050000000012,0.0013999999996485712,-4.547473508864641e-13,-0.008399999999994634,4.5000000014283614e-05,-4.999999973165359e-06,1994,1,0,1,0,1,0,1.1999999999999997,3735.9240574937344,91.56157233734336,8943.802551392102,0,1995
1064.25,1.6,8.5,-2.8,2703.6216,85.041115,-0.7287000000001171,0.0018000000000029104,0.00040000000035433914,-0.008354999999994561,4.500000000007276e-05,-1.4210854715202004e-14,1995,1,0,1,0,1,0,1.1999999999999997,3735.4068718937874,91.5583055751503,8947.046897441876,0,1996
1064.25,1.6,8.5,-2.8,2702.8943,85.0328,-0.7273000000000138,0.0014000000001033186,-0.0003999999998995918,-0.008315000000010286,3.9999999984274837e-05,-5.000000015797923e-06,1996,1,0,1,0,1,0,1.1999999999999997,3734.88984006009,91.55503792088132,8950.290370731615,0,1997
1064.25,1.6,8.5,-2.8,2702.1685,85.024536,-0.7257999999997082,0.0015000000003055902,0.00010000000020227162,-0.00826399999999694,5.1000000013345925e-05,1.1000000029071089e-05,1997,1,0,1,0,1,0,1.1999999999999997,3734.3729625125125,91.5517694014014,8953.53297306132,0,1998
1064.25,1.6,8.5,-2.8,2701.444,85.01631,-0.7245000000002619,0.0012999999994462996,-0.0002000000008592906,-0.008225999999993405,3.8000000003535206e-05,-1.300000000981072e-05,1998,1,0,1,0,1,0,1.1999999999999997,3733.8562396698353,91.54850003701851,8956.774705990989,0,1999
1064.75,1.6,8.5,-2.8,2700.7212,85.00813,-0.7228000000000065,0.0017000000002553861,0.0004000000008090865,-0.008180000000010068,4.599999998333715e-05,7.999999979801942e-06,1999,1,0,1,0,1,0,1.1999999999999997,3733.33967215,91.545229852,8960.015571560623,0,2000
1063.75,1.6,8.5,-2.8,2700.0,85.0,-0.7211999999999534,0.0016000000000531145,-0.00010000000020227162,-0.008129999999994197,5.000000001587068e-05,4.000000032533535e-06,2000,1,0,1,0,1,0,1.1999999999999997,3732.82326051974,91.54195887256373,8963.255571690222,0,2001
1063.75,1.6,8.5,-2.8,2699.2803,84.99191,-0.7197000000001026,0.0014999999998508429,-0.00010000000020227162,-0.008089999999995712,3.999999999848569e-05,-1.0000000017384991e-05,2001,1,0,1,0,1,0,1.1999999999999997,3732.307005294705,91.53868711988011,8966.494708179789,0,2002
1063.25,1.6,8.5,-2.8,2698.562,84.98387,-0.7182999999999993,0.0014000000001033186,-9.999999974752427e-05,-0.008040000000008263,4.999999998744897e-05,9.999999988963282e-06,2002,1,0,1,0,1,0,1.1999999999999997,3731.7909069395905,91.53541462006989,8969.73298270932,0,2003
1063.5,1.6,8.5,-2.8,2697.8452,84.97587,-0.7167999999996937,0.0015000000003055902,0.00010000000020227162,-0.007999999999995566,4.0000000012696546e-05,-9.999999974752427e-06,2003,1,0,1,0,1,0,1.1999999999999997,3731.274965968064,91.53214139421158,8972.970397078816,0,2004
1064.25,1.6,8.5,-2.8,2697.13,84.96792,-0.7152000000000953,0.0015999999995983671,9.999999929277692e-05,-0.007949999999993906,5.000000000165983e-05,9.999999988963282e-06,2004,1,0,1,0,1,0,1.1999999999999997,3730.7591829426433,91.52886746832918,8976.206953208279,0,2005
1063.25,1.6,8.5,-2.8,2696.4163,84.96001,-0.7137000000002445,0.0014999999998508429,-9.999999974752427e-05,-0.007910000000009632,3.9999999984274837e-05,-1.0000000017384991e-05,2005,1,0,1,0,1,0,1.1999999999999997,3730.243558374875,91.52559286340977,8979.442652897706,0,2006
1062.25,1.6,8.5,-2.8,2695.7039,84.95214,-0.7123999999998887,0.0013000000003557943,-0.00019999999949504854,-0.007869999999996935,4.0000000012696546e-05,2.842170943040401e-14,2006,1,0,1,0,1,0,1.1999999999999997,3729.7280926756353,91.52231760039861,8982.6774977071,0,2007
1061.25,1.6,8.5,-2.8,2694.9932,84.94432,-0.710700000000088,0.0016999999998006388,0.00039999999944484443,-0.007819999999995275,5.000000000165983e-05,9.999999988963282e-06,2007,1,0,1,0,1,0,1.1999999999999997,3729.212786454183,91.51904170517929,8985.91148967646,0,2008
1061.5,1.6,8.5,-2.8,2694.284,84.93655,-0.7091999999997824,0.0015000000003055902,-0.00019999999949504854,-0.007770000000007826,4.999999998744897e-05,-1.4210854715202004e-14,2008,1,0,1,0,1,0,1.1999999999999997,3728.6976402190144,91.51576520358387,8989.144630605786,0,2009
1063.25,1.6,8.5,-2.8,2693.576,84.92882,-0.7080000000000837,0.0011999999996987754,-0.00030000000060681487,-0.00772999999999513,4.0000000012696546e-05,-9.999999974752427e-06,2009,1,0,1,0,1,0,1.1999999999999997,3728.1826543283582,91.5124881164179,8992.376921935076,0,2010
1060.75,1.6,8.5,-2.8,2692.8696,84.92113,-0.7064000000000306,0.0016000000000531145,0.00040000000035433914,-0.007689999999996644,3.999999999848569e-05,-1.4210854715202004e-14,2010,1,0,1,0,1,0,1.1999999999999997,3727.6678293386376,91.50921046444554,8995.608365584334,0,2011
1060.25,1.6,8.5,-2.8,2692.1648,84.91348,-0.7047999999999774,0.0016000000000531145,0.0,-0.007649999999998158,3.999999999848569e-05,0.0,2011,1,0,1,0,1,0,1.1999999999999997,3727.153165805169,91.50593226838967,8998.838963473558,0,2012
1059.25,1.6,8.5,-2.8,2691.4612,84.90588,-0.7035999999998239,0.0012000000001535227,-0.0003999999998995918,-0.007600000000010709,4.999999998744897e-05,9.999999988963282e-06,2012,1,0,1,0,1,0,1.1999999999999997,3726.6386640834576,91.50265355389965,9002.068717042748,0,2013
1059.0,1.6,8.5,-2.8,2690.7593,84.89832,-0.7019000000000233,0.0016999999998006388,0.0004999999996471161,-0.007559999999998013,4.0000000012696546e-05,-9.999999974752427e-06,2013,1,0,1,0,1,0,1.1999999999999997,3726.124324776564,91.49937434160874,9005.297628331906,0,2014
1058.75,1.6,8.5,-2.8,2690.0586,84.89081,-0.7007000000003245,0.0011999999996987754,-0.0005000000001018634,-0.007509999999996353,5.000000000165983e-05,9.999999988963282e-06,2014,1,0,1,0,1,0,1.1999999999999997,3725.6101482382132,91.49609465707196,9008.525698781028,0,2015
1059.0,1.6,8.5,-2.8,2689.3596,84.88333,-0.6990000000000691,0.0017000000002553861,0.0005000000005566108,-0.007480000000001041,2.9999999995311555e-05,-2.0000000006348273e-05,2015,1,0,1,0,1,0,1.1999999999999997,3725.0961350694442,91.49281451587301,9011.752930430117,0,2016
1059.25,1.6,8.5,-2.8,2688.6619,84.8759,-0.6976999999997133,0.0013000000003557943,-0.0003999999998995918,-0.0074299999999993815,5.000000000165983e-05,2.0000000006348273e-05,2016,1,0,1,0,1,0,1.1999999999999997,3724.58228567179,91.48953394348042,9014.979324839172,0,2017
1059.0,1.6,8.5,-2.8,2687.9656,84.868515,-0.6963000000000648,0.0013999999996485712,9.999999929277692e-05,-0.007384999999999309,4.500000000007276e-05,-5.000000001587068e-06,2017,1,0,1,0,1,0,1.1999999999999997,3724.06860049554,91.4862529628345,9018.204883688195,0,2018
1056.75,1.6,8.5,-2.8,2687.2705,84.86117,-0.6950999999999112,0.0012000000001535227,-0.00019999999949504854,-0.007345000000000823,3.999999999848569e-05,-5.000000001587068e-06,2018,1,0,1,0,1,0,1.1999999999999997,3723.555079891035,91.48297159435364,9021.429608417184,0,2019
1055.25,1.6,8.5,-2.8,2686.5771,84.85387,-0.6934000000001106,0.0016999999998006388,0.0004999999996471161,-0.00730000000000075,4.500000000007276e-05,5.000000001587068e-06,2019,1,0,1,0,1,0,1.1999999999999997,3723.0417244554455,91.47968986089109,9024.65350106614,0,2020
1054.25,1.6,8.5,-2.8,2685.885,84.8466,-0.6920999999997548,0.0013000000003557943,-0.00039999999944484443,-0.007270000000005439,2.9999999995311555e-05,-1.5000000004761205e-05,2020,1,0,1,0,1,0,1.1999999999999997,3722.5285345868383,91.47640777783276,9027.876563195063,0,2021
1054.75,1.6,8.5,-2.8,2685.1943,84.839386,-0.6907000000001062,0.0013999999996485712,9.999999929277692e-05,-0.007213999999990506,5.6000000014932994e-05,2.600000001962144e-05,2021,1,0,1,0,1,0,1.1999999999999997,3722.015510731949,91.47312537339268,9031.098796483951,0,2022
1057.75,1.6,8.5,-2.8,2684.5051,84.83221,-0.6892000000002554,0.0014999999998508429,0.00010000000020227162,-0.007176000000001181,3.799999998932435e-05,-1.8000000025608642e-05,2022,1,0,1,0,1,0,1.1999999999999997,3721.5026533860605,91.46984266683144,9034.320202732808,0,2023
1056.75,1.6,8.5,-2.8,2683.8171,84.82507,-0.6879999999996471,0.00120000000060827,-0.0002999999992425728,-0.007140000000006808,3.5999999994373866e-05,-1.9999999949504854e-06,2023,1,0,1,0,1,0,1.1999999999999997,3720.9899628952567,91.4665596763834,9037.540783381632,0,2024
1057.0,1.6,8.5,-2.8,2683.1306,84.81798,-0.686500000000251,0.0014999999993960955,0.00029999999878782546,-0.007089999999990937,5.000000001587068e-05,1.4000000021496817e-05,2024,1,0,1,0,1,0,1.1999999999999997,3720.4774397530864,91.4632764271605,9040.760540230422,0,2025
1056.25,1.6,8.5,-2.8,2682.4453,84.81092,-0.6853000000000975,0.0012000000001535227,-0.0002999999992425728,-0.007060000000009836,2.99999999811007e-05,-2.0000000034769982e-05,2025,1,0,1,0,1,0,1.1999999999999997,3719.9650843040477,91.45999293435341,9043.979474719179,0,2026
1056.25,1.6,8.5,-2.8,2681.7615,84.80391,-0.6837999999997919,0.0015000000003055902,0.0003000000001520675,-0.0070099999999939655,5.000000001587068e-05,2.0000000034769982e-05,2026,1,0,1,0,1,0,1.1999999999999997,3719.4528970399606,91.45670922298964,9047.197588647903,0,2027
1056.25,1.6,8.5,-2.8,2681.079,84.796936,-0.6824999999998909,0.001299999999901047,-0.00020000000040454324,-0.006973999999999592,3.5999999994373866e-05,-1.4000000021496817e-05,2027,1,0,1,0,1,0,1.1999999999999997,3718.940878353057,91.45342531114399,9050.414883576595,0,2028
1055.25,1.6,8.5,-2.8,2680.398,84.79,-0.68100000000004,0.0014999999998508429,0.0001999999999497959,-0.006935999999996056,3.8000000003535206e-05,2.00000000916134e-06,2028,1,0,1,0,1,0,1.1999999999999997,3718.4290287333665,91.4501412178413,9053.631361305255,0,2029
1056.25,1.6,8.5,-2.8,2679.7183,84.78311,-0.679700000000139,0.001299999999901047,-0.0001999999999497959,-0.006890000000012719,4.599999998333715e-05,7.999999979801942e-06,2029,1,0,1,0,1,0,1.1999999999999997,3717.9173485714286,91.44685696600985,9056.84702339388,0,2030
1055.25,1.6,8.5,-2.8,2679.0398,84.77626,-0.6784999999999854,0.0012000000001535227,-9.999999974752427e-05,-0.006850000000000023,4.0000000012696546e-05,-5.9999999706406015e-06,2030,1,0,1,0,1,0,1.1999999999999997,3717.4058382077797,91.44357257557854,9060.061871282474,0,2031
1055.0,1.6,8.5,-2.8,2678.3628,84.76945,-0.6770000000001346,0.0014999999998508429,0.00029999999969732016,-0.006809999999987326,4.0000000012696546e-05,0.0,2031,1,0,1,0,1,0,1.1999999999999997,3716.894498129921,91.440288066437,9063.275906771036,0,2032
1053.75,1.6,8.5,-2.8,2677.687,84.76268,-0.6757999999999811,0.0012000000001535227,-0.00029999999969732016,-0.006770000000003051,3.9999999984274837e-05,-2.842170943040401e-14,2032,1,0,1,0,1,0,1.1999999999999997,3716.383328676832,91.4370034584358,9066.489131299566,0,2033
1054.25,1.6,8.5,-2.8,2677.0127,84.75594,-0.6742999999996755,0.0015000000003055902,0.0003000000001520675,-0.00674000000000774,2.9999999995311555e-05,-9.999999988963282e-06,2033,1,0,1,0,1,0,1.1999999999999997,3715.8723303343168,91.43371876647001,9069.701546668062,0,2034
1053.75,1.6,8.5,-2.8,2676.3394,84.74925,-0.6733000000003813,0.0009999999992942321,-0.0005000000010113581,-0.006689999999991869,5.000000001587068e-05,2.0000000020559128e-05,2034,1,0,1,0,1,0,1.1999999999999997,3715.3615033415235,91.43043401523342,9072.913154076527,0,2035
1054.25,1.6,8.5,-2.8,2675.6677,84.7426,-0.6716999999998734,0.0016000000005078618,0.0006000000012136297,-0.006650000000007594,3.9999999984274837e-05,-1.0000000031595846e-05,2035,1,0,1,0,1,0,1.1999999999999997,3714.850848231827,91.42714922445973,9076.123955444958,0,2036
1053.75,1.6,8.5,-2.8,2674.997,84.735985,-0.6707000000001244,0.0009999999997489795,-0.0006000000007588824,-0.006614999999996485,3.500000001110948e-05,-4.999999973165359e-06,2036,1,0,1,0,1,0,1.1999999999999997,3714.3403652430043,91.42386441138929,9079.333951973358,0,2037
1054.0,1.6,8.5,-2.8,2674.328,84.729416,-0.668999999999869,0.0017000000002553861,0.0007000000005064066,-0.006568999999998937,4.5999999997548e-05,1.0999999986438525e-05,2037,1,0,1,0,1,0,1.1999999999999997,3713.830054955839,91.4205795986261,9082.543145701726,0,2038
1054.0,1.6,8.5,-2.8,2673.66,84.72288,-0.66800000000012,0.0009999999997489795,-0.0007000000005064066,-0.006535999999996989,3.300000000194814e-05,-1.2999999995599865e-05,2038,1,0,1,0,1,0,1.1999999999999997,3713.31991760667,91.41729480235409,9085.751537830061,0,2039
1054.75,1.6,8.5,-2.8,2672.9934,84.71638,-0.6666000000000167,0.0014000000001033186,0.00040000000035433914,-0.006500000000002615,3.5999999994373866e-05,2.999999992425728e-06,2039,1,0,1,0,1,0,1.1999999999999997,3712.809953627451,91.41401004019608,9088.959130038365,0,2040
1053.75,1.6,8.5,-2.8,2672.328,84.70992,-0.6653999999998632,0.0012000000001535227,-0.0001999999999497959,-0.006460000000004129,3.999999999848569e-05,4.0000000041118255e-06,2040,1,0,1,0,1,0,1.1999999999999997,3712.300163351298,91.41072533170015,9092.165923766637,0,2041
1053.75,1.6,8.5,-2.8,2671.6638,84.7035,-0.6642000000001644,0.0011999999996987754,-4.547473508864641e-13,-0.0064199999999914326,4.0000000012696546e-05,1.4210854715202004e-14,2041,1,0,1,0,1,0,1.1999999999999997,3711.7905471106756,91.4074406963761,9095.371920454876,0,2042
1053.25,1.6,8.5,-2.8,2671.001,84.69712,-0.6627999999996064,0.001400000000558066,0.0002000000008592906,-0.006380000000007158,3.9999999984274837e-05,-2.842170943040401e-14,2042,1,0,1,0,1,0,1.1999999999999997,3711.281105335291,91.40415615369555,9098.577121783084,0,2043
1055.25,1.6,8.5,-2.8,2670.3396,84.69077,-0.6614000000004125,0.001399999999193824,-1.3642420526593924e-12,-0.006349999999997635,3.000000000952241e-05,-9.999999974752427e-06,2043,1,0,1,0,1,0,1.1999999999999997,3710.7718384540117,91.40087171819961,9101.78152943126,0,2044
1055.25,1.6,8.5,-2.8,2669.6792,84.68447,-0.6603999999997541,0.0010000000006584742,-0.00039999999853534973,-0.0062999999999959755,5.000000000165983e-05,1.9999999992137418e-05,2044,1,0,1,0,1,0,1.1999999999999997,3710.2627466992662,91.39758741418093,9104.985144599406,0,2045
1056.25,1.6,8.5,-2.8,2669.02,84.6782,-0.6592000000000553,0.0011999999996987754,0.0001999999990403012,-0.006270000000000664,2.9999999995311555e-05,-2.0000000006348273e-05,2045,1,0,1,0,1,0,1.1999999999999997,3709.753830400782,91.39430325610948,9108.18796872752,0,2046
1057.25,1.6,8.5,-2.8,2668.3623,84.67197,-0.6577000000002045,0.0014999999998508429,0.0003000000001520675,-0.006230000000002178,3.999999999848569e-05,1.0000000003174137e-05,2046,1,0,1,0,1,0,1.1999999999999997,3709.2450900341964,91.39101926331216,9111.3900036156,0,2047
1056.75,1.6,8.5,-2.8,2667.7056,84.66577,-0.6567000000000007,0.0010000000002037268,-0.0004999999996471161,-0.006200000000006867,2.9999999995311555e-05,-1.0000000003174137e-05,2047,1,0,1,0,1,0,1.1999999999999997,3708.7365258300783,91.38773545019531,9114.59125046365,0,2048
1056.5,1.6,8.5,-2.8,2667.0503,84.659615,-0.6552999999998974,0.0014000000001033186,0.0003999999998995918,-0.006154999999992583,4.5000000014283614e-05,1.500000001897206e-05,2048,1,0,1,0,1,0,1.1999999999999997,3708.2281382137626,91.38445183845778,9117.791710951667,0,2049
1056.25,1.6,8.5,-2.8,2666.396,84.653496,-0.6542999999996937,0.0010000000002037268,-0.0003999999998995918,-0.006118999999998209,3.5999999994373866e-05,-9.000000019909749e-06,2049,1,0,1,0,1,0,1.1999999999999997,3707.719927414634,91.38116844536584,9120.991386279655,0,2050
1054.75,1.6,8.5,-2.8,2665.7432,84.647415,-0.6528000000002976,0.0014999999993960955,0.0004999999991923687,-0.006081000000008885,3.799999998932435e-05,1.9999999949504854e-06,2050,1,0,1,0,1,0,1.1999999999999997,3707.211893905412,91.37788528912725,9124.190278247612,0,2051
1056.25,1.6,8.5,-2.8,2665.0913,84.641365,-0.6518999999998414,0.0009000000004562025,-0.000599999998939893,-0.006050000000001887,3.100000000699765e-05,-6.999999982326699e-06,2051,1,0,1,0,1,0,1.1999999999999997,3706.7040378654974,91.37460238450292,9127.388387935536,0,2052
1056.5,1.6,8.5,-2.8,2664.441,84.63536,-0.650300000000243,0.0015999999995983671,0.0006999999991421646,-0.006004999999987604,4.5000000014283614e-05,1.4000000007285962e-05,2052,1,0,1,0,1,0,1.1999999999999997,3706.196359814905,91.37131975304433,9130.585717263428,0,2053
1056.25,1.6,8.5,-2.8,2663.7915,84.62939,-0.6494999999999891,0.0008000000002539309,-0.0007999999993444362,-0.005970000000004916,3.499999998268777e-05,-1.0000000031595846e-05,2053,1,0,1,0,1,0,1.1999999999999997,3705.6888598831547,91.36803741139241,9133.78226719129,0,2054
1056.25,1.6,8.5,-2.8,2663.1433,84.62344,-0.6481999999996333,0.0013000000003557943,0.0005000000001018634,-0.0059499999999985675,2.0000000006348273e-05,-1.4999999976339495e-05,2054,1,0,1,0,1,0,1.1999999999999997,3705.1815384428223,91.36475536885644,9136.978039279122,0,2055
1056.5,1.6,8.5,-2.6,2662.4963,84.617546,-0.6470000000003893,0.001199999999244028,-0.00010000000111176632,-0.005893999999997845,5.600000000072214e-05,3.5999999994373866e-05,2055,1,0,1,0,1,0,1.0,3704.6743958171205,91.36147365223736,9140.173034966921,0,2056
1056.75,1.5,8.5,-2.6,2661.8506,84.61168,-0.6456999999995787,0.0013000000008105417,0.00010000000156651367,-0.005865999999997484,2.800000000036107e-05,-2.800000000036107e-05,2056,1,0,1,0,1,0,1.1,3704.1674323772486,91.35819227467186,9143.36725581469,0,2057
1057.75,1.5,8.5,-2.6,2661.206,84.60585,-0.6446000000000822,0.0010999999994965037,-0.00020000000131403795,-0.0058300000000031105,3.5999999994373866e-05,7.999999994012796e-06,2057,1,0,1,0,1,0,1.1,3703.6606483965015,91.3549112531584,9146.560703142428,0,2058
1055.25,1.5,8.5,-2.6,2660.5625,84.60005,-0.643500000000131,0.001099999999951251,4.547473508864641e-13,-0.005800000000007799,2.9999999995311555e-05,-5.999999999062311e-06,2058,1,0,1,0,1,0,1.1,3703.1540441476445,91.35163060174843,9149.753378270136,0,2059
1056.75,1.5,8.5,-2.6,2659.9204,84.59429,-0.6421000000000276,0.0014000000001033186,0.0003000000001520675,-0.005759999999995102,4.0000000012696546e-05,1.0000000017384991e-05,2059,1,0,1,0,1,0,1.1,3702.6476200485436,91.34835033932039,9152.945282877812,0,2060
1055.75,1.5,8.5,-2.6,2659.279,84.58857,-0.641399999999976,0.0007000000000516593,-0.0007000000000516593,-0.005719999999996617,3.999999999848569e-05,-1.4210854715202004e-14,2060,1,0,1,0,1,0,1.1,3702.141376176613,91.34507048471616,9156.136417805457,0,2061
1055.75,1.5,9.5,-2.6,2658.6392,84.58288,-0.6397999999999229,0.0016000000000531145,0.0009000000000014552,-0.005690000000001305,2.9999999995311555e-05,-1.0000000003174137e-05,2061,1,0,1,0,1,0,1.1,3701.635313045587,91.34179105189136,9159.326784973071,0,2062
1058.75,1.5,9.5,-2.6,2658.0002,84.577225,-0.6390000000001237,0.0007999999997991836,-0.0008000000002539309,-0.0056550000000044065,3.499999999689862e-05,5.000000001587068e-06,2062,1,0,1,0,1,0,1.1,3701.129430780417,91.33851205719826,9162.516385340656,0,2063
1059.25,1.5,9.5,-2.6,2657.3625,84.5716,-0.6376999999997679,0.0013000000003557943,0.0005000000005566108,-0.005624999999994884,3.000000000952241e-05,-4.9999999873762135e-06,2063,1,0,1,0,1,0,1.1,3700.623729748062,91.33523351453488,9165.70522046821,0,2064
1059.25,1.5,9.5,-2.6,2656.726,84.56602,-0.6365000000000691,0.0011999999996987754,-0.00010000000065701897,-0.005580000000009022,4.4999999985861905e-05,1.4999999976339495e-05,2064,1,0,1,0,1,0,1.1,3700.118210266344,91.33195544503631,9168.893291795732,0,2065
1059.5,1.5,9.5,-2.6,2656.0906,84.56046,-0.6354000000001179,0.001099999999951251,-9.999999974752427e-05,-0.005559999999988463,2.0000000020559128e-05,-2.4999999965302777e-05,2065,1,0,1,0,1,0,1.1,3699.6128726040656,91.32867785769604,9172.080600643223,0,2066
1060.75,1.5,9.5,-2.6,2655.456,84.55495,-0.6345999999998639,0.0008000000002539309,-0.00029999999969732016,-0.005510000000001014,4.999999998744897e-05,2.9999999966889845e-05,2066,1,0,1,0,1,0,1.1,3699.1077168843735,91.32540077600386,9175.267147970686,0,2067
1060.75,1.5,9.5,-2.6,2654.823,84.54946,-0.6330000000002656,0.0015999999995983671,0.0007999999993444362,-0.005490000000008877,1.9999999992137418e-05,-2.9999999995311555e-05,2067,1,0,1,0,1,0,1.1,3698.602743617021,91.32212420889749,9178.452935698117,0,2068
1059.75,1.5,9.5,-2.6,2654.1907,84.54401,-0.6322999999997592,0.0007000000005064066,-0.0008999999990919605,-0.00544999999999618,4.0000000012696546e-05,2.0000000020559128e-05,2068,1,0,1,0,1,0,1.1,3698.0979528757853,91.31884817496375,9181.637964665519,0,2069
1057.75,1.5,9.5,-2.6,2653.5598,84.53859,-0.6309000000001106,0.0013999999996485712,0.0006999999991421646,-0.005420000000000869,2.9999999995311555e-05,-1.0000000017384991e-05,2069,1,0,1,0,1,0,1.1,3697.5933450724638,91.31557268792271,9184.822236552889,0,2070
1056.75,1.5,9.5,-2.6,2652.9297,84.53321,-0.6300999999998567,0.0008000000002539309,-0.0005999999993946403,-0.005380000000002383,3.999999999848569e-05,1.0000000003174137e-05,2070,1,0,1,0,1,0,1.1,3697.0889203283436,91.31229776629647,9188.00575232023,0,2071
1055.75,1.5,9.5,-2.6,2652.3008,84.527855,-0.6289000000001579,0.0011999999996987754,0.00039999999944484443,-0.0053549999999944475,2.500000000793534e-05,-1.499999999055035e-05,2071,1,0,1,0,1,0,1.1,3696.5846789575294,91.30902342133206,9191.18851340754,0,2072
1055.25,1.5,9.5,-2.6,2651.673,84.52254,-0.6278000000002066,0.001099999999951251,-9.999999974752427e-05,-0.005314999999995962,3.999999999848569e-05,1.499999999055035e-05,2072,1,0,1,0,1,0,1.1,3696.0806212252774,91.30574967149059,9194.37052113482,0,2073
1055.25,1.5,9.5,-2.6,2651.0464,84.51726,-0.6265999999995984,0.00120000000060827,0.00010000000065701897,-0.005280000000013274,3.499999998268777e-05,-5.000000015797923e-06,2073,1,0,1,0,1,0,1.1,3695.5767474445515,91.3024765327869,9197.551776942071,0,2074
1057.25,1.5,9.5,-2.6,2650.4207,84.512,-0.6257000000000517,0.0008999999995467078,-0.0003000000010615622,-0.005259999999992715,2.0000000020559128e-05,-1.499999996212864e-05,2074,1,0,1,0,1,0,1.1,3695.0730577831323,91.29920401397591,9200.732281909291,0,2075
1057.75,1.5,9.5,-2.6,2649.7961,84.50678,-0.6246000000001004,0.001099999999951251,0.00020000000040454324,-0.005219999999994229,3.999999999848569e-05,1.9999999977926564e-05,2075,1,0,1,0,1,0,1.1,3694.569552504817,91.29593213342967,9203.912037356482,0,2076
1056.75,1.5,9.5,-2.6,2649.1726,84.501595,-0.6235000000001492,0.001099999999951251,0.0,-0.0051850000000115415,3.499999998268777e-05,-5.000000015797923e-06,2076,1,0,1,0,1,0,1.1,3694.0662318728937,91.29266090707752,9207.091044603641,0,2077
1057.25,1.5,9.5,-2.6,2648.55,84.49644,-0.622599999999693,0.0009000000004562025,-0.00019999999949504854,-0.005154999999987808,3.0000000023733264e-05,-4.999999958954504e-06,2077,1,0,1,0,1,0,1.1,3693.563096053898,91.28939034841193,9210.269304730773,0,2078
1058.25,1.5,9.5,-2.6,2647.9285,84.49132,-0.6215000000001965,0.0010999999994965037,0.0001999999990403012,-0.0051200000000051205,3.499999998268777e-05,4.999999958954504e-06,2078,1,0,1,0,1,0,1.1,3693.0601453102454,91.28612047330446,9213.446819057872,0,2079
1058.5,1.5,9.5,-2.6,2647.308,84.48622,-0.6204999999999927,0.0010000000002037268,-9.999999929277692e-05,-0.005099999999998772,2.0000000006348273e-05,-1.4999999976339495e-05,2079,1,0,1,0,1,0,1.1,3692.5573798557693,91.28285129038461,9216.623588784943,0,2080
1058.75,1.5,9.5,-2.6,2646.6887,84.48116,-0.6192999999998392,0.0012000000001535227,0.0001999999999497959,-0.0050600000000002865,3.999999999848569e-05,1.9999999992137418e-05,2080,1,0,1,0,1,0,1.1,3692.0548,91.27958281787603,9219.799615351985,0,2081
1060.25,1.5,9.5,-2.6,2646.0703,84.476135,-0.6184000000002925,0.0008999999995467078,-0.00030000000060681487,-0.005025000000003388,3.499999999689862e-05,-5.000000001587068e-06,2081,1,0,1,0,1,0,1.1,3691.552405907781,91.27631507156579,9222.974899838995,0,2082
1059.75,1.5,9.5,-2.6,2645.453,84.47114,-0.6172999999998865,0.0011000000004059984,0.0002000000008592906,-0.0049949999999938655,3.000000000952241e-05,-4.9999999873762135e-06,2082,1,0,1,0,1,0,1.1,3691.050197839654,91.27304806481037,9226.149443565977,0,2083
1059.5,1.5,9.5,-2.6,2644.8367,84.46617,-0.6163000000001375,0.0009999999997489795,-0.00010000000065701897,-0.004970000000000141,2.4999999993724487e-05,-5.000000015797923e-06,2083,1,0,1,0,1,0,1.1,3690.5481760076773,91.26978180854127,9229.32324773293,0,2084
1058.25,1.5,9.5,-2.6,2644.2212,84.461235,-0.6154999999998836,0.0008000000002539309,-0.00019999999949504854,-0.004935000000003242,3.499999999689862e-05,1.0000000003174137e-05,2084,1,0,1,0,1,0,1.1,3690.046340527578,91.26651631846522,9232.496313299853,0,2085
1058.5,1.5,9.5,-2.6,2643.607,84.45633,-0.6141999999999825,0.001299999999901047,0.0004999999996471161,-0.004905000000007931,2.9999999995311555e-05,-5.000000001587068e-06,2085,1,0,1,0,1,0,1.1,3689.544691754554,91.26325160786195,9235.668641826745,0,2086
1057.75,1.5,9.5,-2.6,2642.9934,84.451454,-0.6136000000001332,0.0005999999998493877,-0.0007000000000516593,-0.004875999999995884,2.9000000012047167e-05,-9.99999983264388e-07,2086,1,0,1,0,1,0,1.1,3689.0432297077145,91.25998768950647,9238.840234033609,0,2087
1056.25,1.5,9.5,-2.6,2642.381,84.44661,-0.6123999999999796,0.0012000000001535227,0.000600000000304135,-0.004843999999991411,3.2000000004472895e-05,2.999999992425728e-06,2087,1,0,1,0,1,0,1.1,3688.541954693487,91.25672457758621,9242.011091360444,0,2088
1055.25,1.5,9.5,-2.6,2641.7698,84.441795,-0.6111999999998261,0.0012000000001535227,0.0,-0.004815000000007785,2.8999999983625457e-05,-3.0000000208474376e-06,2088,1,0,1,0,1,0,1.1,3688.0408670177117,91.25346228482528,9245.181215247248,0,2089
1054.75,1.5,9.5,-2.6,2641.1592,84.43701,-0.6105999999999767,0.0005999999998493877,-0.000600000000304135,-0.004784999999998263,3.000000000952241e-05,1.0000000258969521e-06,2089,1,0,1,0,1,0,1.1,3687.5399666985645,91.25020082440192,9248.350606414024,0,2090
1054.5,1.5,9.5,-2.6,2640.5498,84.43226,-0.6094000000002779,0.0011999999996987754,0.0005999999998493877,-0.004750000000001364,3.499999999689862e-05,4.9999999873762135e-06,2090,1,0,1,0,1,0,1.1,3687.0392540411285,91.24694021186035,9251.519266300771,0,2091
1053.75,1.5,9.5,-2.6,2639.9414,84.427536,-0.6083999999996195,0.0010000000006584742,-0.0001999999990403012,-0.004723999999995954,2.6000000005410584e-05,-8.999999991488039e-06,2091,1,0,1,0,1,0,1.1,3686.538729254302,91.24368045841301,9254.687196107488,0,2092
1053.75,1.5,9.5,-2.6,2639.3337,84.42284,-0.6077000000000226,0.000699999999596912,-0.0003000000010615622,-0.0046960000000098034,2.7999999986150215e-05,1.9999999807396307e-06,2092,1,0,1,0,1,0,1.1,3686.038392403249,91.2404215762064,9257.854396674176,0,2093
1052.75,1.5,9.5,-2.6,2638.727,84.418175,-0.6067000000002736,0.0009999999997489795,0.0003000000001520675,-0.004664999999988595,3.100000002120851e-05,3.0000000350582923e-06,2093,1,0,1,0,1,0,1.1,3685.538243696275,91.23716357879655,9261.020869200835,0,2094
1053.0,1.5,9.5,-2.6,2638.1216,84.413536,-0.6053999999999178,0.0013000000003557943,0.00030000000060681487,-0.004639000000011606,2.5999999976988875e-05,-5.000000044219632e-06,2094,1,0,1,0,1,0,1.1,3685.038283484487,91.23390647732697,9264.186615247465,0,2095
1054.25,1.5,9.5,-2.6,2637.5168,84.40893,-0.6048000000000684,0.0005999999998493877,-0.0007000000005064066,-0.004605999999995447,3.300000001615899e-05,7.000000039170118e-06,2095,1,0,1,0,1,0,1.1,3684.538511784351,91.23065028625955,9267.351635534065,0,2096
1054.0,1.5,9.5,-2.6,2636.9128,84.40435,-0.6039999999998145,0.0008000000002539309,0.00020000000040454324,-0.004580000000004247,2.599999999119973e-05,-7.000000024959263e-06,2096,1,0,1,0,1,0,1.1,3684.0389287076778,91.22739501669051,9270.515931020636,0,2097
1052.75,1.5,9.5,-2.6,2636.31,84.3998,-0.6028000000001157,0.0011999999996987754,0.00039999999944484443,-0.004549999999994725,3.000000000952241e-05,4.00000001832268e-06,2097,1,0,1,0,1,0,1.1,3683.539534556721,91.22414068160153,9273.67950314718,0,2098
1052.5,1.5,9.5,-2.6,2635.708,84.39528,-0.6019999999998618,0.0008000000002539309,-0.00039999999944484443,-0.004519999999999413,2.9999999995311555e-05,-1.4210854715202004e-14,2098,1,0,1,0,1,0,1.1,3683.0403294425914,91.2208872939495,9276.842352873695,0,2099
1052.5,1.5,9.5,-2.6,2635.107,84.390785,-0.6010000000001128,0.0009999999997489795,0.00019999999949504854,-0.004495000000005689,2.4999999993724487e-05,-5.000000001587068e-06,2099,1,0,1,0,1,0,1.1,3682.541313571429,91.21763486428571,9280.00448140018,0,2100
1051.75,1.5,9.5,-2.6,2634.5068,84.38632,-0.6001999999998588,0.0008000000002539309,-0.00019999999949504854,-0.0044649999999961665,3.000000000952241e-05,5.000000015797923e-06,2100,1,0,1,0,1,0,1.1,3682.042487053784,91.21438340552118,9283.165889686636,0,2101
1053.25,1.5,9.5,-2.6,2633.9077,84.38188,-0.5990999999999076,0.001099999999951251,0.00029999999969732016,-0.004440000000002442,2.4999999993724487e-05,-5.000000015797923e-06,2101,1,0,1,0,1,0,1.1,3681.5438501427216,91.21113292816365,9286.326579053062,0,2102
1052.25,1.5,9.5,-2.6,2633.3093,84.37747,-0.5984000000003107,0.000699999999596912,-0.00040000000035433914,-0.00440999999999292,3.000000000952241e-05,5.000000015797923e-06,2102,1,0,1,0,1,0,1.1,3681.0454029006182,91.20788344507847,9289.486550339461,0,2103
1054.25,1.5,9.5,-2.6,2632.7117,84.37309,-0.5976000000000568,0.0008000000002539309,0.00010000000065701897,-0.004379999999997608,2.9999999995311555e-05,-1.4210854715202004e-14,2103,1,0,1,0,1,0,1.1,3680.5471454372623,91.20463496910646,9292.645804505832,0,2104
1055.25,1.5,9.5,-2.6,2632.1152,84.36874,-0.5964999999996508,0.0011000000004059984,0.0003000000001520675,-0.0043500000000022965,2.9999999995311555e-05,0.0,2104,1,0,1,0,1,0,1.1,3680.0490780047508,91.20138751306412,9295.804342872174,0,2105
1055.25,1.5,9.5,-2.6,2631.5195,84.36441,-0.5957000000003063,0.0007999999993444362,-0.0003000000010615622,-0.004329999999995948,2.0000000006348273e-05,-9.999999988963282e-06,2105,1,0,1,0,1,0,1.1,3679.551200712251,91.19814108499524,9298.962166398487,0,2106
1054.75,1.5,9.5,-2.6,2630.9246,84.360115,-0.5949000000000524,0.0008000000002539309,9.094947017729282e-13,-0.00429500000001326,3.499999998268777e-05,1.4999999976339495e-05,2106,1,0,1,0,1,0,1.1,3679.053513668723,91.19489570004747,9302.11927604477,0,2107
1053.75,1.5,9.5,-2.6,2630.3306,84.35584,-0.5940000000000509,0.0009000000000014552,9.999999974752427e-05,-0.004274999999992701,2.0000000020559128e-05,-1.499999996212864e-05,2107,1,0,1,0,1,0,1.1,3678.5560170303606,91.19165136622391,9305.275672891026,0,2108
1053.75,1.5,9.5,-2.6,2629.7373,84.35159,-0.5932999999999993,0.0007000000000516593,-0.0001999999999497959,-0.004249999999998977,2.4999999993724487e-05,4.999999973165359e-06,2108,1,0,1,0,1,0,1.1,3678.0587108582267,91.18840809388335,9308.431357777254,0,2109
1053.75,1.4,9.5,-2.6,2629.145,84.347374,-0.5922999999997955,0.0010000000002037268,0.0003000000001520675,-0.0042159999999995534,3.399999999942338e-05,9.000000005698894e-06,2109,1,0,1,0,1,0,1.2000000000000002,3677.56159535545,91.18516589763033,9311.586331903452,0,2110
1052.25,1.4,9.5,-2.6,2628.5537,84.343185,-0.5913000000000466,0.0009999999997489795,-4.547473508864641e-13,-0.004188999999996668,2.7000000002885827e-05,-6.999999996537554e-06,2110,1,0,1,0,1,0,1.2000000000000002,3677.0646707247747,91.18192478872572,9314.740596469625,0,2111
1052.75,1.4,9.5,-2.6,2627.963,84.33901,-0.5906999999997424,0.000600000000304135,-0.00039999999944484443,-0.0041750000000035925,1.3999999993075107e-05,-1.300000000981072e-05,2111,1,0,1,0,1,0,1.2000000000000002,3676.567936979167,91.17868477225379,9317.894152195766,0,2112
1053.25,1.4,9.5,-2.6,2627.3733,84.33488,-0.5896999999999935,0.0009999999997489795,0.00039999999944484443,-0.00413000000000352,4.500000000007276e-05,3.100000000699765e-05,2112,1,0,1,0,1,0,1.2000000000000002,3676.071394320871,91.17544586796025,9321.04700028188,0,2113
1050.75,1.4,9.5,-2.6,2626.7842,84.33076,-0.5891000000001441,0.0005999999998493877,-0.0003999999998995918,-0.004120000000000346,1.0000000003174137e-05,-3.499999999689862e-05,2113,1,0,1,0,1,0,1.2000000000000002,3675.5750427625353,91.17220807899716,9324.199141447965,0,2114
1050.75,1.4,9.5,-2.6,2626.196,84.32667,-0.5882000000001426,0.0009000000000014552,0.0003000000001520675,-0.004090000000005034,2.9999999995311555e-05,1.9999999992137418e-05,2114,1,0,1,0,1,0,1.2000000000000002,3675.078882458629,91.1689714179669,9327.350576774023,0,2115
1049.25,1.4,9.5,-2.6,2625.6086,84.32261,-0.5873999999998887,0.0008000000002539309,-9.999999974752427e-05,-0.004059999999995512,3.000000000952241e-05,1.4210854715202004e-14,2115,1,0,1,0,1,0,1.2000000000000002,3674.5829135160684,91.16573589744802,9330.501307220053,0,2116
1049.5,1.4,9.5,-2.6,2625.0222,84.318565,-0.5864000000001397,0.0009999999997489795,0.00019999999949504854,-0.0040449999999907504,1.5000000004761205e-05,-1.5000000004761205e-05,2116,1,0,1,0,1,0,1.2000000000000002,3674.0871361360414,91.16250152290978,9333.651333986054,0,2117
1050.25,1.4,9.5,-2.6,2624.4363,84.31455,-0.5859000000000378,0.0005000000001018634,-0.0004999999996471161,-0.00401500000000965,2.99999999811007e-05,1.4999999976339495e-05,2117,1,0,1,0,1,0,1.2000000000000002,3673.5915502832863,91.1592683068933,9336.800657672025,0,2118
1049.25,1.4,9.5,-2.6,2623.8513,84.31057,-0.5850000000000364,0.0009000000000014552,0.0003999999998995918,-0.00397999999999854,3.500000001110948e-05,5.000000030008778e-06,2118,1,0,1,0,1,0,1.2000000000000002,3673.0961561113736,91.1560362642756,9339.94927935797,0,2119
1048.25,1.4,9.5,-2.6,2623.2673,84.3066,-0.5839999999998327,0.0010000000002037268,0.00010000000020227162,-0.003969999999995366,1.0000000003174137e-05,-2.500000000793534e-05,2119,1,0,1,0,1,0,1.2000000000000002,3672.6009538207545,91.1528053981132,9343.097200243888,0,2120
1047.25,1.4,9.5,-2.6,2622.6838,84.302666,-0.5835000000001855,0.0004999999996471161,-0.0005000000005566108,-0.003934000000000992,3.5999999994373866e-05,2.599999999119973e-05,2120,1,0,1,0,1,0,1.2000000000000002,3672.1059433757664,91.14957572371523,9346.244420929777,0,2121
1047.0,1.4,9.5,-2.6,2622.1013,84.29875,-0.5824999999999818,0.0010000000002037268,0.0005000000005566108,-0.003916000000003805,1.7999999997186933e-05,-1.7999999997186933e-05,2121,1,0,1,0,1,0,1.2000000000000002,3671.611124976437,91.14634724787936,9349.390942615637,0,2122
1047.0,1.4,9.5,-2.6,2621.5193,84.29486,-0.58199999999988,0.0005000000001018634,-0.0005000000001018634,-0.0038899999999983947,2.6000000005410584e-05,8.000000008223651e-06,2122,1,0,1,0,1,0,1.2000000000000002,3671.1164985869054,91.14311998115873,9352.53676590147,0,2123
1047.75,1.4,9.5,-2.6,2620.9382,84.29099,-0.5810999999998785,0.0009000000000014552,0.0003999999998995918,-0.0038700000000062573,1.9999999992137418e-05,-6.000000013273166e-06,2123,1,0,1,0,1,0,1.2000000000000002,3670.622064359699,91.13989393126178,9355.681891867276,0,2124
1047.5,1.4,9.5,-2.6,2620.358,84.287155,-0.580199999999877,0.0009000000000014552,0.0,-0.003834999999995148,3.500000001110948e-05,1.500000001897206e-05,2124,1,0,1,0,1,0,1.2000000000000002,3670.127822447059,91.13666911294118,9358.826321593053,0,2125
1045.25,1.4,9.5,-2.6,2619.7783,84.28334,-0.5797000000002299,0.0004999999996471161,-0.00040000000035433914,-0.0038150000000030104,1.9999999992137418e-05,-1.500000001897206e-05,2125,1,0,1,0,1,0,1.2000000000000002,3669.6337728127937,91.13344553386642,9361.970055678803,0,2126
1044.25,1.4,9.5,-2.6,2619.1995,84.27954,-0.5787999999997737,0.0009000000004562025,0.0004000000008090865,-0.0037999999999982492,1.5000000004761205e-05,-4.9999999873762135e-06,2126,1,0,1,0,1,0,1.2000000000000002,3669.1399156088387,91.1302231993418,9365.113095204524,0,2127
1044.5,1.4,9.5,-2.6,2618.6213,84.27577,-0.5782000000003791,0.0005999999993946403,-0.0003000000010615622,-0.0037700000000029377,2.9999999995311555e-05,1.499999999055035e-05,2127,1,0,1,0,1,0,1.2000000000000002,3668.646250845865,91.12700212171053,9368.255440890218,0,2128
1044.25,1.4,9.5,-2.6,2618.044,84.272026,-0.5772999999999229,0.0009000000004562025,0.0003000000010615622,-0.003743999999997527,2.6000000005410584e-05,-3.999999989900971e-06,2128,1,0,1,0,1,0,1.2000000000000002,3668.1527786754345,91.1237823114138,9371.397093815884,0,2129
1046.75,1.4,9.5,-2.6,2617.4673,84.2683,-0.5767000000000735,0.0005999999998493877,-0.00030000000060681487,-0.00372600000000034,1.7999999997186933e-05,-8.000000008223651e-06,2129,1,0,1,0,1,0,1.2000000000000002,3667.659499107981,91.12056377511736,9374.538054701523,0,2130
1047.0,1.4,9.5,-2.6,2616.8914,84.2646,-0.5758999999998196,0.0008000000002539309,0.00020000000040454324,-0.0036999999999949296,2.6000000005410584e-05,8.000000008223651e-06,2130,1,0,1,0,1,0,1.2000000000000002,3667.166412247771,91.11734652322853,9377.678324507133,0,2131
1047.0,1.4,9.5,-2.6,2616.3162,84.26092,-0.5751999999997679,0.0007000000000516593,-0.00010000000020227162,-0.003680000000002792,1.9999999992137418e-05,-6.000000013273166e-06,2131,1,0,1,0,1,0,1.2000000000000002,3666.6735181519703,91.11413056332083,9380.817904072715,0,2132
1048.25,1.4,9.5,-2.6,2615.7415,84.25726,-0.5747000000001208,0.0004999999996471161,-0.00020000000040454324,-0.003659999999996444,2.0000000006348273e-05,1.4210854715202004e-14,2132,1,0,1,0,1,0,1.2000000000000002,3666.180816783872,91.11091590295358,9383.956793998272,0,2133
1048.25,1.4,9.5,-2.6,2615.1677,84.25363,-0.5738000000001193,0.0009000000000014552,0.00040000000035433914,-0.0036300000000011323,2.9999999995311555e-05,9.999999988963282e-06,2133,1,0,1,0,1,0,1.2000000000000002,3665.688308294283,91.10770255435801,9387.0949953638,0,2134
1047.75,1.4,9.5,-2.6,2614.5945,84.25002,-0.5731999999998152,0.000600000000304135,-0.00029999999969732016,-0.003609999999994784,2.0000000006348273e-05,-9.999999988963282e-06,2134,1,0,1,0,1,0,1.2000000000000002,3665.1959926932086,91.10449052505855,9390.2325088893,0,2135
1048.0,1.4,9.5,-2.6,2614.0222,84.24643,-0.5723000000002685,0.0008999999995467078,0.0002999999992425728,-0.0035900000000026466,1.9999999992137418e-05,-1.4210854715202004e-14,2135,1,0,1,0,1,0,1.2000000000000002,3664.703870131086,91.10127982256554,9393.369335654774,0,2136
1046.25,1.4,9.5,-2.6,2613.4504,84.24287,-0.5717999999997119,0.0005000000005566108,-0.0003999999989900971,-0.003560000000007335,2.9999999995311555e-05,1.0000000003174137e-05,2136,1,0,1,0,1,0,1.2000000000000002,3664.211940570894,91.09807045905475,9396.50547626022,0,2137
1045.75,1.4,9.5,-2.6,2612.8792,84.23932,-0.5712000000003172,0.0005999999993946403,9.999999883802957e-05,-0.00354999999998995,1.0000000017384991e-05,-1.9999999977926564e-05,2137,1,0,1,0,1,0,1.2000000000000002,3663.7202040224506,91.09486243732461,9399.640931425638,0,2138
1045.5,1.4,9.5,-2.6,2612.3088,84.235794,-0.5704000000000633,0.0008000000002539309,0.0002000000008592906,-0.0035260000000079117,2.399999998203839e-05,1.3999999964653398e-05,2138,1,0,1,0,1,0,1.2000000000000002,3663.2286605890604,91.09165576671343,9402.775702111028,0,2139
1045.75,1.4,9.5,-2.6,2611.739,84.23229,-0.5697999999997592,0.000600000000304135,-0.0001999999999497959,-0.003503999999992402,2.2000000015509613e-05,-1.999999966528776e-06,2139,1,0,1,0,1,0,1.2000000000000002,3662.7373102803735,91.08845045560747,9405.909789036392,0,2140
1045.25,1.4,9.5,-2.6,2611.17,84.22881,-0.56899999999996,0.0007999999997991836,0.00019999999949504854,-0.0034800000000103637,2.399999998203839e-05,1.999999966528776e-06,2140,1,0,1,0,1,0,1.2000000000000002,3662.2461531994395,91.08524651331153,9409.043193161728,0,2141
1045.25,1.4,9.5,-2.6,2610.6013,84.22535,-0.5687000000002627,0.00029999999969732016,-0.0005000000001018634,-0.0034599999999898046,2.0000000020559128e-05,-3.999999961479261e-06,2141,1,0,1,0,1,0,1.2000000000000002,3661.755189215686,91.08204394724557,9412.175914847037,0,2142
1045.0,1.4,9.5,-2.6,2610.0334,84.22191,-0.5679000000000087,0.0008000000002539309,0.0005000000005566108,-0.003440000000011878,1.9999999977926564e-05,-4.263256414560601e-14,2142,1,0,1,0,1,0,1.2000000000000002,3661.2644184321043,91.07884276481569,9415.307955052318,0,2143
1045.75,1.4,9.5,-2.6,2609.4663,84.21849,-0.5670999999997548,0.0008000000002539309,0.0,-0.003419999999991319,2.0000000020559128e-05,4.263256414560601e-14,2143,1,0,1,0,1,0,1.2000000000000002,3660.7738409514927,91.07564297341419,9418.439314737572,0,2144
1046.75,1.4,9.5,-2.6,2608.8997,84.215096,-0.5666000000001077,0.0004999999996471161,-0.00030000000060681487,-0.003394000000000119,2.599999999119973e-05,5.9999999706406015e-06,2144,1,0,1,0,1,0,1.2000000000000002,3660.2834567365967,91.0724445832168,9421.5699945028,0,2145
1046.25,1.4,9.5,-2.6,2608.3337,84.211716,-0.5659999999998035,0.000600000000304135,0.00010000000065701897,-0.003380000000007044,1.3999999993075107e-05,-1.1999999998124622e-05,2145,1,0,1,0,1,0,1.2000000000000002,3659.7932657968313,91.06924759878845,9424.699995068,0,2146
1046.25,1.4,9.5,-2.6,2607.7686,84.20836,-0.5651000000002568,0.0008999999995467078,0.0002999999992425728,-0.003355999999996584,2.40000000104601e-05,1.0000000017384991e-05,2146,1,0,1,0,1,0,1.2000000000000002,3659.3032682813227,91.06605202934327,9427.829317513173,0,2147
1047.25,1.4,9.5,-2.6,2607.2039,84.205025,-0.5646999999999025,0.00040000000035433914,-0.0004999999991923687,-0.0033349999999927604,2.1000000003823516e-05,-3.000000006636583e-06,2147,1,0,1,0,1,0,1.2000000000000002,3658.813464106145,91.06285788268157,9430.957962318318,0,2148
1047.0,1.4,9.5,-2.6,2606.6396,84.201706,-0.5643000000000029,0.0003999999998995918,-4.547473508864641e-13,-0.003319000000004735,1.5999999988025593e-05,-5.000000015797923e-06,2148,1,0,1,0,1,0,1.2000000000000002,3658.323853187529,91.05966516426244,9434.085929963438,0,2149
1047.25,1.4,9.5,-2.6,2606.0762,84.1984,-0.5634000000000015,0.0009000000000014552,0.0005000000001018634,-0.003305999999994924,1.300000000981072e-05,-2.9999999782148734e-06,2149,1,0,1,0,1,0,1.2000000000000002,3657.8344356744187,91.05647387813954,9437.21322152853,0,2150
1047.5,1.4,9.5,-2.6,2605.5132,84.19513,-0.5630000000001019,0.0003999999998995918,-0.0005000000001018634,-0.0032700000000005502,3.5999999994373866e-05,2.2999999984563146e-05,2150,1,0,1,0,1,0,1.2000000000000002,3657.345211483031,91.0532840390516,9440.339837493593,0,2151
1047.25,1.4,9.5,-2.6,2604.951,84.191864,-0.5621999999998479,0.0008000000002539309,0.00040000000035433914,-0.0032660000000106493,3.999999989900971e-06,-3.2000000004472895e-05,2151,1,0,1,0,1,0,1.2000000000000002,3656.8561807156134,91.05009564684015,9443.46577881863,0,2152
1048.25,1.4,9.5,-2.6,2604.3892,84.18863,-0.5617999999999483,0.0003999999998995918,-0.00040000000035433914,-0.0032339999999919655,3.200000001868375e-05,2.800000002878278e-05,2152,1,0,1,0,1,0,1.2000000000000002,3656.3673432884348,91.04690871435207,9446.591045983641,0,2153
1047.25,1.4,9.5,-2.6,2603.828,84.18541,-0.561200000000099,0.0005999999998493877,0.0001999999999497959,-0.0032199999999988904,1.3999999993075107e-05,-1.8000000025608642e-05,2153,1,0,1,0,1,0,1.2000000000000002,3655.8786992107707,91.04372324605386,9449.715639708626,0,2154
1047.25,1.4,9.5,-2.6,2603.2673,84.182205,-0.5606999999999971,0.0005000000001018634,-9.999999974752427e-05,-0.00320500000000834,1.499999999055035e-05,9.999999974752427e-07,2154,1,0,1,0,1,0,1.2000000000000002,3655.3902484454757,91.04053924686775,9452.839560593582,0,2155
1047.25,1.4,9.5,-2.6,2602.7073,84.17902,-0.5599999999999454,0.0007000000000516593,0.0001999999999497959,-0.003185000000001992,2.0000000006348273e-05,5.000000015797923e-06,2155,1,0,1,0,1,0,1.2000000000000002,3654.901991048237,91.03735672402598,9455.962809478513,0,2156
1045.25,1.4,9.5,-2.6,2602.1477,84.17586,-0.5596000000000458,0.0003999999998995918,-0.0003000000001520675,-0.0031599999999940565,2.500000000793534e-05,5.000000001587068e-06,2156,1,0,1,0,1,0,1.2000000000000002,3654.4139269355587,91.03417568706537,9459.085386843415,0,2157
1044.75,1.4,9.5,-2.6,2601.5886,84.17271,-0.559099999999944,0.0005000000001018634,0.00010000000020227162,-0.003150000000005093,9.999999988963282e-06,-1.500000001897206e-05,2157,1,0,1,0,1,0,1.2000000000000002,3653.9260560704356,91.03099613855422,9462.207293288291,0,2158
1045.0,1.4,9.5,-2.6,2601.0303,84.16958,-0.5583000000001448,0.0007999999997991836,0.00029999999969732016,-0.003129999999998745,2.0000000006348273e-05,1.0000000017384991e-05,2158,1,0,1,0,1,0,1.2000000000000002,3653.4383785548866,91.02781808568781,9465.328529773142,0,2159
1044.25,1.4,9.5,-2.6,2600.4724,84.166466,-0.5578999999997905,0.00040000000035433914,-0.00039999999944484443,-0.0031139999999965084,1.6000000002236447e-05,-4.0000000041118255e-06,2159,1,0,1,0,1,0,1.2000000000000002,3652.9508943055553,91.0246415337963,9468.449096777964,0,2160
1044.75,1.4,9.5,-2.6,2599.915,84.163376,-0.5574000000001433,0.0004999999996471161,9.999999929277692e-05,-0.003090000000000259,2.3999999996249244e-05,7.999999994012796e-06,2160,1,0,1,0,1,0,1.2000000000000002,3652.463603285516,91.0214664919019,9471.56899490276,0,2161
1045.75,1.4,9.5,-2.6,2599.3582,84.1603,-0.5567999999998392,0.000600000000304135,0.00010000000065701897,-0.0030759999999929732,1.4000000007285962e-05,-9.999999988963282e-06,2161,1,0,1,0,1,0,1.2000000000000002,3651.976505504163,91.01829296438483,9474.688224867528,0,2162
1045.75,1.4,9.5,-2.6,2598.802,84.15724,-0.5561999999999898,0.0005999999998493877,-4.547473508864641e-13,-0.0030600000000049477,1.5999999988025593e-05,1.9999999807396307e-06,2162,1,0,1,0,1,0,1.2000000000000002,3651.489600970874,91.01512095654184,9477.806787392272,0,2163
1046.25,1.4,9.5,-2.6,2598.246,84.1542,-0.55600000000004,0.0001999999999497959,-0.0003999999998995918,-0.0030399999999985994,2.0000000006348273e-05,4.00000001832268e-06,2163,1,0,1,0,1,0,1.2000000000000002,3651.0028895101664,91.01195047550833,9480.924682716986,0,2164
1047.25,1.4,9.5,-2.6,2597.691,84.15118,-0.555000000000291,0.0009999999997489795,0.0007999999997991836,-0.003020000000006462,1.9999999992137418e-05,-1.4210854715202004e-14,2164,1,0,1,0,1,0,1.2000000000000002,3650.5163713163975,91.00878152840646,9484.041912041677,0,2165
1047.25,1.4,9.5,-2.6,2597.136,84.14817,-0.5549999999998363,4.547473508864641e-13,-0.0009999999992942321,-0.003010000000003288,1.0000000003174137e-05,-9.999999988963282e-06,2165,1,0,1,0,1,0,1.2000000000000002,3650.030046121884,91.00561411772853,9487.15847536634,0,2166
1048.75,1.4,9.5,-2.6,2596.5818,84.14518,-0.5542000000000371,0.0007999999997991836,0.0007999999993444362,-0.0029899999999969396,2.0000000006348273e-05,1.0000000003174137e-05,2166,1,0,1,0,1,0,1.2000000000000002,3649.543914028611,91.00244825057683,9490.274373650975,0,2167
1051.25,1.4,9.5,-2.6,2596.0278,84.142204,-0.5540000000000873,0.0001999999999497959,-0.0005999999998493877,-0.0029759999999896536,1.4000000007285962e-05,-5.999999999062311e-06,2167,1,0,1,0,1,0,1.2000000000000002,3649.0579748616237,90.99928393127306,9493.389607135585,0,2168
1052.25,1.4,9.5,-2.6,2595.4746,84.13925,-0.5531999999998334,0.0008000000002539309,0.000600000000304135,-0.0029540000000025657,2.1999999987087904e-05,7.999999979801942e-06,2168,1,0,1,0,1,0,1.2000000000000002,3648.5722287229137,90.99612116781927,9496.504176780167,0,2169
1051.25,1.4,9.5,-2.6,2594.9219,84.13631,-0.5527000000001863,0.0004999999996471161,-0.00030000000060681487,-0.0029400000000094906,1.3999999993075107e-05,-7.999999994012796e-06,2169,1,0,1,0,1,0,1.2000000000000002,3648.086675576037,90.99295996451613,9499.618083184723,0,2170
1051.25,1.4,9.5,-2.6,2594.3694,84.133385,-0.5524999999997817,0.00020000000040454324,-0.0002999999992425728,-0.0029249999999905185,1.500000001897206e-05,1.0000000258969521e-06,2170,1,0,1,0,1,0,1.2000000000000002,3647.60131524643,90.98980032611699,9502.731326589254,0,2171
1050.25,1.4,9.5,-2.6,2593.8174,84.13047,-0.5520000000001346,0.0004999999996471161,0.0002999999992425728,-0.0029150000000015552,9.999999988963282e-06,-5.000000030008778e-06,2171,1,0,1,0,1,0,1.2000000000000002,3647.1161476979746,90.98664225506445,9505.843907593757,0,2172
1051.75,1.4,9.5,-2.6,2593.2659,84.12758,-0.5515000000000327,0.0005000000001018634,4.547473508864641e-13,-0.0028900000000078307,2.4999999993724487e-05,1.5000000004761205e-05,2172,1,0,1,0,1,0,1.2000000000000002,3646.6311728946157,90.9834857606995,9508.955826798234,0,2173
1053.25,1.4,9.5,-2.6,2592.7148,84.1247,-0.5510999999996784,0.00040000000035433914,-9.999999974752427e-05,-0.0028799999999904458,1.0000000017384991e-05,-1.4999999976339495e-05,2173,1,0,1,0,1,0,1.2000000000000002,3646.14639075437,90.98033084544618,9512.067084682683,0,2174
1053.25,1.4,9.5,-2.6,2592.1643,84.12184,-0.5505000000002838,0.0005999999993946403,0.0001999999990403012,-0.0028599999999983083,1.9999999992137418e-05,9.999999974752427e-06,2174,1,0,1,0,1,0,1.2000000000000002,3645.6618012873564,90.97717751632183,9515.177681967107,0,2175
1054.75,1.4,9.5,-2.6,2591.6143,84.118996,-0.5499999999997272,0.0005000000005566108,-9.999999883802957e-05,-0.0028440000000102827,1.5999999988025593e-05,-4.0000000041118255e-06,2175,1,0,1,0,1,0,1.2000000000000002,3645.177404457721,90.97402577849265,9518.287619251505,0,2176
1056.25,1.4,9.5,-2.6,2591.0645,84.11616,-0.5498000000002321,0.00019999999949504854,-0.0003000000010615622,-0.002836000000002059,8.000000008223651e-06,-7.999999979801942e-06,2176,1,0,1,0,1,0,1.2000000000000002,3644.6932000918696,90.97087563344051,9521.396896775876,0,2177
1055.25,1.4,9.5,-2.6,2590.5151,84.11334,-0.5493999999998778,0.00040000000035433914,0.0002000000008592906,-0.0028199999999998226,1.6000000002236447e-05,7.999999994012796e-06,2177,1,0,1,0,1,0,1.2000000000000002,3644.2091881083566,90.96772708631772,9524.50551502022,0,2178
1054.75,1.4,9.5,-2.6,2589.9663,84.11054,-0.5488000000000284,0.0005999999998493877,0.00019999999949504854,-0.0027999999999934744,2.0000000006348273e-05,4.0000000041118255e-06,2178,1,0,1,0,1,0,1.2000000000000002,3643.7253685176684,90.9645801441028,9527.613474704538,0,2179
1055.75,1.4,9.5,-2.6,2589.4177,84.10775,-0.5486000000000786,0.0001999999999497959,-0.0003999999998995918,-0.002790000000004511,9.999999988963282e-06,-1.0000000017384991e-05,2179,1,0,1,0,1,0,1.2000000000000002,3643.241741146789,90.9614348091743,9530.72077606883,0,2180
1054.25,1.4,9.5,-2.6,2588.8699,84.10498,-0.5477999999998246,0.0008000000002539309,0.000600000000304135,-0.002769999999998163,2.0000000006348273e-05,1.0000000017384991e-05,2180,1,0,1,0,1,0,1.2000000000000002,3642.75830609812,90.95829108849152,9533.827420073098,0,2181
1055.75,1.4,9.5,-2.6,2588.322,84.10222,-0.5479000000000269,-0.00010000000020227162,-0.0009000000004562025,-0.0027599999999949887,1.0000000003174137e-05,-1.0000000003174137e-05,2181,1,0,1,0,1,0,1.2000000000000002,3642.2750630614114,90.95514898441797,9536.933406597336,0,2182
1055.75,1.4,9.5,-2.6,2587.775,84.09947,-0.5470000000000255,0.0009000000000014552,0.0010000000002037268,-0.0027500000000060254,9.999999988963282e-06,-1.4210854715202004e-14,2182,1,0,1,0,1,0,1.2000000000000002,3641.7920121850666,90.95200849931287,9540.03873672155,0,2183
1055.5,1.4,9.5,-2.6,2587.228,84.09674,-0.5470000000000255,0.0,-0.0009000000000014552,-0.002729999999999677,2.0000000006348273e-05,1.0000000017384991e-05,2183,1,0,1,0,1,0,1.2000000000000002,3641.3091532051285,90.94886964010989,9543.143410445737,0,2184
1056.25,1.4,9.5,-2.6,2586.6814,84.09402,-0.5466000000001259,0.0003999999998995918,0.0003999999998995918,-0.002719999999996503,1.0000000003174137e-05,-1.0000000003174137e-05,2184,1,0,1,0,1,0,1.2000000000000002,3640.82648604119,90.94573240915331,9546.247428249897,0,2185
1056.0,1.4,9.5,-2.6,2586.1353,84.09132,-0.546100000000024,0.0005000000001018634,0.00010000000020227162,-0.0027000000000043656,1.9999999992137418e-05,9.999999988963282e-06,2185,1,0,1,0,1,0,1.2000000000000002,3640.3440106587373,90.94259681335772,9549.350790734032,0,2186
1056.25,1.4,9.5,-2.6,2585.5896,84.08862,-0.5457000000001244,0.0003999999998995918,-0.00010000000020227162,-0.0026999999999901547,1.4210854715202004e-14,-1.9999999977926564e-05,2186,1,0,1,0,1,0,1.2000000000000002,3639.861726977595,90.93946285048011,9552.45349837814,0,2187
1057.25,1.4,9.5,-2.6,2585.0442,84.085945,-0.5453999999999724,0.0003000000001520675,-9.999999974752427e-05,-0.002675000000010641,2.4999999979513632e-05,2.4999999965302777e-05,2187,1,0,1,0,1,0,1.2000000000000002,3639.379634872029,90.93633052970749,9555.555551542222,0,2188
1056.25,1.4,9.5,-2.6,2584.499,84.08328,-0.5452000000000226,0.0001999999999497959,-0.00010000000020227162,-0.002664999999993256,1.0000000017384991e-05,-1.499999996212864e-05,2188,1,0,1,0,1,0,1.2000000000000002,3638.8977341708546,90.9331998533577,9558.656950466278,0,2189
1056.0,1.4,9.5,-2.6,2583.9543,84.08063,-0.5446999999999207,0.0005000000001018634,0.0003000000001520675,-0.0026500000000027057,1.499999999055035e-05,4.999999973165359e-06,2189,1,0,1,0,1,0,1.2000000000000002,3638.4160248401827,90.93007082602739,9561.757695750308,0,2190
1056.75,1.4,9.5,-2.6,2583.4102,84.07799,-0.5441000000000713,0.0005999999998493877,9.999999974752427e-05,-0.0026399999999995316,1.0000000003174137e-05,-4.9999999873762135e-06,2190,1,0,1,0,1,0,1.2000000000000002,3637.93450689183,90.92694345002282,9564.857788114312,0,2191
1054.25,1.4,9.5,-2.6,2582.866,84.075356,-0.5441999999998188,-9.999999974752427e-05,-0.000699999999596912,-0.0026340000000004693,5.999999999062311e-06,-4.0000000041118255e-06,2191,1,0,1,0,1,0,1.2000000000000002,3637.453180018248,90.92381772582117,9567.957227438288,0,2192
1053.75,1.4,9.5,-2.6,2582.3225,84.07274,-0.5434999999997672,0.0007000000000516593,0.0007999999997991836,-0.0026160000000032824,1.7999999997186933e-05,1.1999999998124622e-05,2192,1,0,1,0,1,0,1.2000000000000002,3636.972044277246,90.92069365937073,9571.05601456224,0,2193
1053.5,1.4,9.5,-2.6,2581.779,84.07014,-0.5435000000002219,-4.547473508864641e-13,-0.0007000000005064066,-0.002600000000001046,1.6000000002236447e-05,-1.9999999949504854e-06,2193,1,0,1,0,1,0,1.2000000000000002,3636.491099407475,90.91757125569735,9574.154149486167,0,2194
1053.5,1.4,9.5,-2.6,2581.236,84.06754,-0.54300000000012,0.0005000000001018634,0.0005000000005566108,-0.002600000000001046,0.0,-1.6000000002236447e-05,2194,1,0,1,0,1,0,1.2000000000000002,3636.0103453758543,90.91445051252848,9577.251632810065,0,2195
1052.75,1.4,9.5,-2.6,2580.6934,84.064964,-0.5425999999997657,0.00040000000035433914,-9.999999974752427e-05,-0.002575999999990586,2.40000000104601e-05,2.40000000104601e-05,2195,1,0,1,0,1,0,1.2000000000000002,3635.529782103825,90.9113314385246,9580.348465013938,0,2196
1053.75,1.4,9.5,-2.6,2580.151,84.0624,-0.5424000000002707,0.00019999999949504854,-0.0002000000008592906,-0.002564000000006672,1.1999999983913767e-05,-1.2000000026546331e-05,2196,1,0,1,0,1,0,1.2000000000000002,3635.049409421939,90.90821403686846,9583.444646337786,0,2197
1054.0,1.4,9.5,-2.6,2579.6086,84.05984,-0.5423999999998159,4.547473508864641e-13,-0.0001999999990403012,-0.0025600000000025602,4.0000000041118255e-06,-7.999999979801942e-06,2197,1,0,1,0,1,0,1.2000000000000002,3634.569227070064,90.90509830709736,9586.540176781607,0,2198
1054.25,1.4,9.5,-2.6,2579.067,84.0573,-0.5416000000000167,0.0007999999997991836,0.0007999999993444362,-0.002539999999996212,2.0000000006348273e-05,1.6000000002236447e-05,2198,1,0,1,0,1,0,1.2000000000000002,3634.089235152342,90.90198425602546,9589.635057305402,0,2199
1056.25,1.4,9.5,-2.6,2578.5254,84.054756,-0.5416000000000167,0.0,-0.0007999999997991836,-0.0025440000000003238,-4.0000000041118255e-06,-2.40000000104601e-05,2199,1,0,1,0,1,0,1.2000000000000002,3633.609433409091,90.89887187954545,9592.729287909171,0,2200
1054.25,1.4,9.5,-2.6,2577.9841,84.05224,-0.5412999999998647,0.0003000000001520675,0.0003000000001520675,-0.0025159999999999627,2.800000000036107e-05,3.2000000004472895e-05,2200,1,0,1,0,1,0,1.2000000000000002,3633.1298217174012,90.89576118809633,9595.822868952915,0,2201
1054.75,1.4,9.5,-2.6,2577.443,84.04972,-0.5410999999999149,0.0001999999999497959,-0.00010000000020227162,-0.0025200000000040745,-4.0000000041118255e-06,-3.2000000004472895e-05,2201,1,0,1,0,1,0,1.2000000000000002,3632.6503999091733,90.89265217756585,9598.915800676632,0,2202
1056.25,1.4,9.5,-2.6,2576.9023,84.04722,-0.5407000000000153,0.0003999999998995918,0.0001999999999497959,-0.0024999999999977263,2.0000000006348273e-05,2.40000000104601e-05,2202,1,0,1,0,1,0,1.2000000000000002,3632.1711679073987,90.88954485474353,9602.008083560324,0,2203
1056.25,1.4,9.5,-2.6,2576.362,84.04472,-0.5403000000001157,0.0003999999998995918,0.0,-0.0024999999999977263,0.0,-2.0000000006348273e-05,2203,1,0,1,0,1,0,1.2000000000000002,3631.692125635209,90.88643921733212,9605.09971808399,0,2204
1056.0,1.4,9.5,-2.6,2575.8218,84.042244,-0.5401999999999134,0.00010000000020227162,-0.00029999999969732016,-0.002476000000001477,2.3999999996249244e-05,2.3999999996249244e-05,2204,1,0,1,0,1,0,1.2000000000000002,3631.2132728798183,90.8833352739229,9608.190704367627,0,2205
1057.25,1.4,9.5,-2.6,2575.2817,84.03977,-0.5401000000001659,9.999999974752427e-05,-4.547473508864641e-13,-0.0024739999999923157,2.00000000916134e-06,-2.1999999987087904e-05,2205,1,0,1,0,1,0,1.2000000000000002,3630.7346094288305,90.88023302311876,9611.281042531242,0,2206
1056.75,1.4,9.5,-2.6,2574.7422,84.03731,-0.5394999999998618,0.000600000000304135,0.0005000000005566108,-0.0024599999999992406,1.3999999993075107e-05,1.1999999983913767e-05,2206,1,0,1,0,1,0,1.2000000000000002,3630.2561352967828,90.8771324689624,9614.370733294829,0,2207
1055.75,1.4,9.5,-2.6,2574.2026,84.03486,-0.539600000000064,-0.00010000000020227162,-0.0007000000005064066,-0.0024500000000102773,9.999999988963282e-06,-4.0000000041118255e-06,2207,1,0,1,0,1,0,1.2000000000000002,3629.7778501811595,90.87403361367753,9617.459776538391,0,2208
1055.5,1.4,9.5,-2.6,2573.6633,84.03241,-0.539299999999912,0.0003000000001520675,0.00040000000035433914,-0.0024499999999960664,1.4210854715202004e-14,-9.999999974752427e-06,2208,1,0,1,0,1,0,1.2000000000000002,3629.2997539610683,90.87093645495699,9620.548172621926,0,2209
1053.25,1.4,9.5,-2.6,2573.1243,84.029976,-0.5390000000002146,0.00029999999969732016,-4.547473508864641e-13,-0.00243399999999383,1.6000000002236447e-05,1.5999999988025593e-05,2209,1,0,1,0,1,0,1.2000000000000002,3628.821846515837,90.86784099773756,9623.635921905437,0,2210
1050.25,1.4,9.5,-2.6,2572.5857,84.02755,-0.5385999999998603,0.00040000000035433914,0.00010000000065701897,-0.002425999999999817,7.999999994012796e-06,-8.000000008223651e-06,2210,1,0,1,0,1,0,1.2000000000000002,3628.34412777024,90.86474724332881,9626.723024868921,0,2211
1050.0,1.4,9.5,-2.6,2572.0469,84.02514,-0.5388000000002648,-0.00020000000040454324,-0.0006000000007588824,-0.0024100000000117916,1.5999999988025593e-05,7.999999994012796e-06,2211,1,0,1,0,1,0,1.2000000000000002,3627.8665973779384,90.86165519665461,9629.80948127238,0,2212
1050.25,1.4,9.5,-2.6,2571.5085,84.02273,-0.5383999999999105,0.00040000000035433914,0.0006000000007588824,-0.0024099999999975807,1.4210854715202004e-14,-1.5999999973814738e-05,2212,1,0,1,0,1,0,1.2000000000000002,3627.3892552643474,90.8585648553999,9632.89529159581,0,2213
1049.25,1.4,9.5,-2.6,2570.9705,84.02033,-0.5380000000000109,0.0003999999998995918,-4.547473508864641e-13,-0.0023999999999944066,1.0000000003174137e-05,9.999999988963282e-06,2213,1,0,1,0,1,0,1.2000000000000002,3626.912101355014,90.85547622177056,9635.980456319217,0,2214
1048.25,1.4,9.5,-2.6,2570.4324,84.017944,-0.5380999999997584,-9.999999974752427e-05,-0.0004999999996471161,-0.0023860000000013315,1.3999999993075107e-05,3.999999989900971e-06,2214,1,0,1,0,1,0,1.2000000000000002,3626.435135349887,90.85238929977426,9639.064975322599,0,2215
1048.25,1.4,9.5,-2.6,2569.8948,84.01556,-0.5376000000001113,0.0004999999996471161,0.0005999999993946403,-0.002384000000006381,1.9999999949504854e-06,-1.1999999998124622e-05,2215,1,0,1,0,1,0,1.2000000000000002,3625.958357220217,90.84930408799639,9642.148849205954,0,2216
1048.5,1.4,9.5,-2.6,2569.3572,84.01318,-0.5376000000001113,0.0,-0.0004999999996471161,-0.0023799999999880583,4.00000001832268e-06,2.000000023372195e-06,2216,1,0,1,0,1,0,1.2000000000000002,3625.4817667117727,90.84622058592693,9645.232077969284,0,2217
1049.75,1.4,9.5,-2.6,2568.8196,84.01082,-0.5376000000001113,0.0,0.0,-0.0023600000000101318,1.9999999977926564e-05,1.5999999959603883e-05,2217,1,0,1,0,1,0,1.2000000000000002,3625.0053635707845,90.84313880027051,9648.314661612587,0,2218
1049.75,1.3,9.5,-2.6,2568.2825,84.00846,-0.5371000000000095,0.0005000000001018634,0.0005000000001018634,-0.002359999999995921,1.4210854715202004e-14,-1.999999996371571e-05,2218,1,0,1,0,1,0,1.3,3624.5291477692654,90.84005872870662,9651.396600735863,0,2219
1050.75,1.3,9.5,-2.6,2567.7454,84.00611,-0.5371000000000095,0.0,-0.0005000000001018634,-0.0023499999999927468,1.0000000003174137e-05,9.999999988963282e-06,2219,1,0,1,0,1,0,1.3,3624.053119054054,90.83698037342342,9654.477895339116,0,2220
1050.5,1.3,9.5,-2.6,2567.2083,84.00377,-0.5371000000000095,0.0,0.0,-0.0023400000000037835,9.999999988963282e-06,-1.4210854715202004e-14,2220,1,0,1,0,1,0,1.3,3623.577277172445,90.83390373660514,9657.558545422342,0,2221
1051.75,1.3,9.5,-2.6,2566.6714,84.001434,-0.5368999999996049,0.00020000000040454324,0.00020000000040454324,-0.0023359999999996717,4.0000000041118255e-06,-5.999999984851456e-06,2221,1,0,1,0,1,0,1.3,3623.1016219621965,90.83082881773178,9660.638551225542,0,2222
1050.75,1.3,9.5,-2.6,2566.1348,83.9991,-0.5366000000003623,0.0002999999992425728,9.999999883802957e-05,-0.002334000000004721,1.9999999949504854e-06,-2.00000000916134e-06,2222,1,0,1,0,1,0,1.3,3622.6261533063425,90.82775561538462,9663.717913108716,0,2223
1052.25,1.3,9.5,-2.6,2565.5984,83.99678,-0.5363999999999578,0.00020000000040454324,-9.999999883802957e-05,-0.0023199999999974352,1.4000000007285962e-05,1.2000000012335477e-05,2223,1,0,1,0,1,0,1.3,3622.1508710431654,90.82468413354316,9666.796631311865,0,2224
1054.25,1.3,9.5,-2.6,2565.062,83.99446,-0.5363999999999578,0.0,-0.00020000000040454324,-0.0023199999999974352,0.0,-1.4000000007285962e-05,2224,1,0,1,0,1,0,1.3,3621.6757749213484,90.82161436988764,9669.874705834987,0,2225
1055.25,1.3,9.5,-2.6,2564.5256,83.99216,-0.5363999999999578,0.0,0.0,-0.002300000000005298,1.9999999992137418e-05,1.9999999992137418e-05,2225,1,0,1,0,1,0,1.3,3621.200864690027,90.81854633108715,9672.952136678085,0,2226
1053.25,1.3,9.5,-2.6,2563.9895,83.98985,-0.5360999999998057,0.0003000000001520675,0.0003000000001520675,-0.002309999999994261,-9.999999988963282e-06,-2.99999999811007e-05,2226,1,0,1,0,1,0,1.3,3620.726140233498,90.8154800103278,9676.028924201157,0,2227
1054.25,1.3,9.5,-2.6,2563.4536,83.98756,-0.5359000000003107,0.00019999999949504854,-0.00010000000065701897,-0.0022900000000021237,1.9999999992137418e-05,2.99999999811007e-05,2227,1,0,1,0,1,0,1.3,3620.2516013913823,90.81241541427289,9679.105068644203,0,2228
1055.75,1.3,9.5,-2.6,2562.9175,83.98527,-0.5360999999998057,-0.00019999999949504854,-0.0003999999989900971,-0.0022900000000021237,0.0,-1.9999999992137418e-05,2228,1,0,1,0,1,0,1.3,3619.7772478241363,90.80935254060117,9682.180569767223,0,2229
1055.25,1.3,9.5,-2.6,2562.3818,83.98298,-0.5356999999999061,0.0003999999998995918,0.0005999999993946403,-0.0022900000000021237,0.0,0.0,2229,1,0,1,0,1,0,1.3,3619.3030794618835,90.80629138699551,9685.255428050217,0,2230
1055.25,1.3,9.5,-2.6,2561.846,83.980705,-0.5358000000001084,-0.00010000000020227162,-0.0005000000001018634,-0.0022749999999973625,1.5000000004761205e-05,1.5000000004761205e-05,2230,1,0,1,0,1,0,1.3,3618.8290960107574,90.80323195786642,9688.329643373185,0,2231
1055.25,1.3,9.5,-2.6,2561.3103,83.97843,-0.5356999999999061,0.00010000000020227162,0.00020000000040454324,-0.0022749999999973625,0.0,-1.5000000004761205e-05,2231,1,0,1,0,1,0,1.3,3618.355297267025,90.80017425089606,9691.403215856128,0,2232
1056.75,1.3,9.5,-2.6,2560.775,83.976166,-0.5353000000000065,0.0003999999998995918,0.00029999999969732016,-0.002263999999996713,1.100000000064938e-05,1.100000000064938e-05,2232,1,0,1,0,1,0,1.3,3617.881683161666,90.79711826869682,9694.476145979046,0,2233
1056.5,1.3,9.5,-2.6,2560.2393,83.9739,-0.5356999999999061,-0.0003999999998995918,-0.0007999999997991836,-0.0022660000000058744,-2.00000000916134e-06,-1.300000000981072e-05,2233,1,0,1,0,1,0,1.3,3617.408253267681,90.79406400805729,9697.548433261938,0,2234
1056.5,1.3,9.5,-2.6,2559.7039,83.97164,-0.5354000000002088,0.00029999999969732016,0.000699999999596912,-0.002260000000006812,5.999999999062311e-06,8.000000008223651e-06,2234,1,0,1,0,1,0,1.3,3616.935007472036,90.79101146935123,9700.620078064803,0,2235
1057.75,1.3,9.5,-2.6,2559.1687,83.96939,-0.5351999999998043,0.00020000000040454324,-9.999999929277692e-05,-0.002249999999989427,1.0000000017384991e-05,4.00000001832268e-06,2235,1,0,1,0,1,0,1.3,3616.4619456171736,90.78796065474062,9703.691080627643,0,2236
1057.75,1.3,9.5,-2.6,2558.6333,83.96714,-0.5354000000002088,-0.00020000000040454324,-0.0004000000008090865,-0.002250000000003638,-1.4210854715202004e-14,-1.0000000031595846e-05,2236,1,0,1,0,1,0,1.3,3615.9890673670093,90.78491156191328,9706.761440710457,0,2237
1058.0,1.3,9.5,-2.6,2558.0981,83.9649,-0.5351999999998043,0.00020000000040454324,0.0004000000008090865,-0.002240000000000464,1.0000000003174137e-05,1.0000000017384991e-05,2237,1,0,1,0,1,0,1.3,3615.5163725647903,90.78186419302949,9709.831158553246,0,2238
1058.75,1.3,9.5,-2.6,2557.5627,83.962654,-0.5354000000002088,-0.00020000000040454324,-0.0004000000008090865,-0.002245999999999526,-5.999999999062311e-06,-1.6000000002236447e-05,2238,1,0,1,0,1,0,1.3,3615.0438608753907,90.7788185430996,9712.900233916009,0,2239
1059.75,1.3,9.5,-2.6,2557.0276,83.96042,-0.5351000000000568,0.0003000000001520675,0.0005000000005566108,-0.0022340000000014015,1.1999999998124622e-05,1.7999999997186933e-05,2239,1,0,1,0,1,0,1.3,3614.5715321875,90.77577461517856,9715.968667158746,0,2240
1060.75,1.3,9.5,-2.6,2556.4927,83.95819,-0.534900000000107,0.0001999999999497959,-0.00010000000020227162,-0.0022299999999972897,4.0000000041118255e-06,-7.999999994012796e-06,2240,1,0,1,0,1,0,1.3,3614.0993863453814,90.7727324087461,9719.036458521457,0,2241
1059.75,1.3,9.5,-2.6,2555.9575,83.95596,-0.5351999999998043,-0.00029999999969732016,-0.0004999999996471161,-0.0022299999999972897,0.0,-4.0000000041118255e-06,2241,1,0,1,0,1,0,1.3,3613.6274229705623,90.76969192149866,9722.103607644145,0,2242
1059.5,1.3,9.5,-2.6,2555.4224,83.953735,-0.5351000000000568,9.999999974752427e-05,0.00039999999944484443,-0.0022250000000099135,4.9999999873762135e-06,4.9999999873762135e-06,2242,1,0,1,0,1,0,1.3,3613.1556418635755,90.76665315336604,9725.170114646804,0,2243
1059.5,1.3,9.5,-2.6,2554.8872,83.951515,-0.5351999999998043,-9.999999974752427e-05,-0.00019999999949504854,-0.0022199999999941156,5.000000015797923e-06,2.842170943040401e-14,2243,1,0,1,0,1,0,1.3,3612.6840427361853,90.76361610427807,9728.23597940944,0,2244
1058.25,1.3,9.5,-2.6,2554.3523,83.9493,-0.534900000000107,0.00029999999969732016,0.00039999999944484443,-0.0022150000000067394,4.9999999873762135e-06,-2.842170943040401e-14,2244,1,0,1,0,1,0,1.3,3612.212625478842,90.76058077416481,9731.301202292048,0,2245
1058.25,1.3,9.5,-2.6,2553.8171,83.94708,-0.5351999999998043,-0.00029999999969732016,-0.0005999999993946403,-0.0022199999999941156,-4.9999999873762135e-06,-9.999999974752427e-06,2245,1,0,1,0,1,0,1.3,3611.741389715049,90.757547158504,9734.365782934632,0,2246
1057.25,1.3,9.5,-2.6,2553.2822,83.94488,-0.534900000000107,0.00029999999969732016,0.0005999999993946403,-0.002200000000001978,1.9999999992137418e-05,2.4999999979513632e-05,2246,1,0,1,0,1,0,1.3,3611.2703353360034,90.75451526390744,9737.429721697188,0,2247
1058.25,1.3,9.5,-2.6,2552.747,83.942665,-0.535200000000259,-0.0003000000001520675,-0.0005999999998493877,-0.0022149999999925285,-1.499999999055035e-05,-3.499999998268777e-05,2247,1,0,1,0,1,0,1.3,3610.7994619661918,90.75148508140569,9740.49301821972,0,2248
1058.75,1.3,9.5,-2.6,2552.212,83.94046,-0.5349999999998545,0.00020000000040454324,0.0005000000005566108,-0.0022050000000035652,9.999999988963282e-06,2.4999999979513632e-05,2248,1,0,1,0,1,0,1.3,3610.32876945309,90.74845661316141,9743.555672742226,0,2249
1058.75,1.3,9.5,-2.6,2551.6768,83.938255,-0.5351999999998043,-0.0001999999999497959,-0.00040000000035433914,-0.0022050000000035652,0.0,-9.999999988963282e-06,2249,1,0,1,0,1,0,1.3,3609.8582574666666,90.74542985688889,9746.617685024707,0,2250
1058.25,1.3,9.5,-2.6,2551.1416,83.93605,-0.535200000000259,-4.547473508864641e-13,0.00019999999949504854,-0.0022050000000035652,0.0,0.0,2250,1,0,1,0,1,0,1.3,3609.387925766326,90.74240481030654,9749.679055067161,0,2251
1057.25,1.3,9.5,-2.6,2550.6064,83.93385,-0.5351999999998043,4.547473508864641e-13,9.094947017729282e-13,-0.0021999999999877673,5.000000015797923e-06,5.000000015797923e-06,2251,1,0,1,0,1,0,1.3,3608.9177741119006,90.73938147335703,9752.739782869592,0,2252
1056.75,1.3,9.5,-2.6,2550.0713,83.931656,-0.5351000000000568,9.999999974752427e-05,9.999999929277692e-05,-0.002194000000002916,5.999999984851456e-06,9.999999690535333e-07,2252,1,0,1,0,1,0,1.3,3608.4478023080337,90.73635984642699,9755.799868551994,0,2253
1055.75,1.3,9.5,-2.6,2549.536,83.92946,-0.5353000000000065,-0.0001999999999497959,-0.00029999999969732016,-0.0021959999999978663,-1.9999999949504854e-06,-7.999999979801942e-06,2253,1,0,1,0,1,0,1.3,3607.9780100266194,90.73333992635315,9758.859311874372,0,2254
1055.75,1.3,9.5,-2.6,2549.0007,83.92727,-0.5353000000000065,0.0,0.0001999999999497959,-0.002190000000013015,5.999999984851456e-06,7.999999979801942e-06,2254,1,0,1,0,1,0,1.3,3607.5083970288247,90.7303217135255,9761.918112836724,0,2255
1054.25,1.3,9.5,-2.6,2548.4653,83.92507,-0.5354000000002088,-0.00010000000020227162,-0.00010000000020227162,-0.0021999999999877673,-9.999999974752427e-06,-1.5999999959603883e-05,2255,1,0,1,0,1,0,1.3,3607.038963031915,90.72730520124114,9764.97627131905,0,2256
1054.0,1.3,9.5,-2.6,2547.9297,83.92288,-0.5355999999997039,-0.00019999999949504854,-9.999999929277692e-05,-0.002189999999998804,9.999999988963282e-06,1.999999996371571e-05,2256,1,0,1,0,1,0,1.3,3606.5697077093487,90.72429039167037,9768.033787081351,0,2257
1053.75,1.3,9.5,-2.6,2547.3943,83.92069,-0.5354000000002088,0.00019999999949504854,0.0003999999989900971,-0.002190000000013015,-1.4210854715202004e-14,-1.0000000003174137e-05,2257,1,0,1,0,1,0,1.3,3606.1006309123118,90.72127728255093,9771.090660363627,0,2258
1053.25,1.3,9.5,-2.6,2546.8586,83.9185,-0.5356999999999061,-0.00029999999969732016,-0.0004999999991923687,-0.002189999999998804,1.4210854715202004e-14,2.842170943040401e-14,2258,1,0,1,0,1,0,1.3,3605.6317322709165,90.71826587162461,9774.146890805876,0,2259
1052.75,1.3,9.5,-2.6,2546.323,83.91631,-0.5356000000001586,9.999999974752427e-05,0.00039999999944484443,-0.002189999999998804,0.0,-1.4210854715202004e-14,2259,1,0,1,0,1,0,1.3,3605.1630115929206,90.71525615663717,9777.2024785281,0,2260
1052.75,1.3,9.5,-2.6,2545.787,83.91412,-0.5360000000000582,-0.0003999999998995918,-0.0004999999996471161,-0.002189999999998804,0.0,0.0,2260,1,0,1,0,1,0,1.3,3604.694468465281,90.71224813533836,9780.257423050296,0,2261
1053.75,1.3,9.5,-2.6,2545.2512,83.911934,-0.5357999999996537,0.00020000000040454324,0.000600000000304135,-0.002185999999994692,4.0000000041118255e-06,4.0000000041118255e-06,2261,1,0,1,0,1,0,1.3,3604.226102740937,90.70924180725022,9783.31172461247,0,2262
1054.75,1.3,9.5,-2.6,2544.7153,83.909744,-0.5359000000003107,-0.00010000000065701897,-0.0003000000010615622,-0.002189999999998804,-4.0000000041118255e-06,-8.000000008223651e-06,2262,1,0,1,0,1,0,1.3,3603.7579141405213,90.70623716836057,9786.365383094615,0,2263
1053.25,1.3,9.5,-2.6,2544.1792,83.907555,-0.5360999999998057,-0.00019999999949504854,-9.999999883802957e-05,-0.0021890000000013288,9.999999974752427e-07,5.000000001587068e-06,2263,1,0,1,0,1,0,1.3,3603.2899023409896,90.70323421687279,9789.418398256736,0,2264
1052.75,1.3,9.5,-2.6,2543.6428,83.905365,-0.5363999999999578,-0.0003000000001520675,-0.00010000000065701897,-0.002189999999998804,-9.999999974752427e-07,-1.9999999949504854e-06,2264,1,0,1,0,1,0,1.3,3602.8220669757175,90.70023295011038,9792.470769738831,0,2265
1054.25,1.3,9.5,-2.6,2543.1064,83.90318,-0.5363999999999578,0.0,0.0003000000001520675,-0.002184999999997217,5.000000001587068e-06,5.999999999062311e-06,2265,1,0,1,0,1,0,1.3,3602.354407811121,90.69723336804942,9795.5224975409,0,2266
1054.0,1.3,9.5,-2.6,2542.57,83.90099,-0.5363999999999578,0.0,0.0,-0.002190000000013015,-5.000000015797923e-06,-1.0000000017384991e-05,2266,1,0,1,0,1,0,1.3,3601.886924614027,90.69423546625497,9798.573581662944,0,2267
1054.25,1.3,9.5,-2.6,2542.0334,83.898796,-0.5366000000003623,-0.00020000000040454324,-0.00020000000040454324,-0.002193999999988705,-3.999999975690116e-06,1.0000000401078069e-06,2267,1,0,1,0,1,0,1.3,3601.419617063492,90.69123924074074,9801.62402186496,0,2268
1054.25,1.3,9.5,-2.6,2541.4966,83.89661,-0.5367999999998574,-0.00019999999949504854,9.094947017729282e-13,-0.002186000000008903,7.999999979801942e-06,1.1999999955492058e-05,2268,1,0,1,0,1,0,1.3,3600.952484839136,90.68824469281621,9804.673817906953,0,2269
1053.25,1.3,9.5,-2.6,2540.9597,83.89442,-0.5369000000000597,-0.00010000000020227162,9.999999929277692e-05,-0.002189999999998804,-3.999999989900971e-06,-1.1999999969702912e-05,2269,1,0,1,0,1,0,1.3,3600.4855276651983,90.6852518185022,9807.72296966892,0,2270
1054.25,1.3,9.5,-2.6,2540.4226,83.89222,-0.5371000000000095,-0.0001999999999497959,-9.999999974752427e-05,-0.002200000000001978,-1.0000000003174137e-05,-6.000000013273166e-06,2270,1,0,1,0,1,0,1.3,3600.018745222369,90.6822606111845,9810.771476910859,0,2271
1055.25,1.3,9.5,-2.6,2539.8855,83.89003,-0.5371000000000095,0.0,0.0001999999999497959,-0.002189999999998804,1.0000000003174137e-05,2.0000000006348273e-05,2271,1,0,1,0,1,0,1.3,3599.55213727993,90.67927107306339,9813.819339632773,0,2272
1055.0,1.3,9.5,-2.6,2539.3481,83.88783,-0.5373999999997068,-0.00029999999969732016,-0.00029999999969732016,-0.002200000000001978,-1.0000000003174137e-05,-2.0000000006348273e-05,2272,1,0,1,0,1,0,1.3,3599.085703475583,90.67628319753629,9816.866557474663,0,2273
1055.0,1.3,9.5,-2.6,2538.8105,83.885635,-0.5376000000001113,-0.00020000000040454324,9.999999929277692e-05,-0.002195000000000391,5.000000001587068e-06,1.5000000004761205e-05,2273,1,0,1,0,1,0,1.3,3598.6194434916447,90.67329698460863,9819.913130196524,0,2274
1056.75,1.3,9.5,-2.6,2538.2727,83.88343,-0.5378000000000611,-0.0001999999999497959,4.547473508864641e-13,-0.0022049999999893544,-9.999999988963282e-06,-1.499999999055035e-05,2274,1,0,1,0,1,0,1.3,3598.153357010989,90.67031242769231,9822.959057558362,0,2275
1055.75,1.3,9.5,-2.6,2537.7349,83.88123,-0.5378000000000611,0.0,0.0001999999999497959,-0.002200000000001978,4.9999999873762135e-06,1.4999999976339495e-05,2275,1,0,1,0,1,0,1.3,3597.6874438049213,90.66732952680141,9826.004339560173,0,2276
1055.75,1.3,9.5,-2.6,2537.1968,83.87903,-0.5380999999997584,-0.00029999999969732016,-0.00029999999969732016,-0.002200000000001978,0.0,-4.9999999873762135e-06,2276,1,0,1,0,1,0,1.3,3597.221703513395,90.66434827975407,9829.048975841959,0,2277
1055.5,1.3,9.5,-2.6,2536.6584,83.87682,-0.5384000000003653,-0.00030000000060681487,-9.094947017729282e-13,-0.0022100000000051523,-1.0000000003174137e-05,-1.0000000003174137e-05,2277,1,0,1,0,1,0,1.3,3596.7561357769973,90.66136867998244,9832.092966043718,0,2278
1055.75,1.3,9.5,-2.6,2536.1199,83.87461,-0.538499999999658,-9.999999929277692e-05,0.00020000000131403795,-0.0022099999999909414,1.4210854715202004e-14,1.0000000017384991e-05,2278,1,0,1,0,1,0,1.3,3596.2907403247036,90.65839072531813,9835.136310045453,0,2279
1054.75,1.3,9.5,-2.6,2535.581,83.8724,-0.5389000000000124,-0.00040000000035433914,-0.0003000000010615622,-0.0022100000000051523,-1.4210854715202004e-14,-2.842170943040401e-14,2279,1,0,1,0,1,0,1.3,3595.825516754386,90.65541441359649,9838.17900736716,0,2280
1054.75,1.3,9.5,-2.6,2535.0422,83.870186,-0.5388000000002648,9.999999974752427e-05,0.0005000000001018634,-0.0022139999999950533,-3.999999989900971e-06,-3.999999975690116e-06,2280,1,0,1,0,1,0,1.3,3595.3604648838227,90.6524397409031,9841.221058128842,0,2281
1053.75,1.3,9.5,-2.6,2534.503,83.867966,-0.5391999999997097,-0.00039999999944484443,-0.0004999999991923687,-0.0022200000000083264,-6.000000013273166e-06,-2.000000023372195e-06,2281,1,0,1,0,1,0,1.3,3594.895584312007,90.64946670245399,9844.262461850498,0,2282
1052.75,1.3,9.5,-2.6,2533.9636,83.865746,-0.5394000000001142,-0.00020000000040454324,0.0001999999990403012,-0.0022199999999941156,1.4210854715202004e-14,6.00000002748402e-06,2282,1,0,1,0,1,0,1.3,3594.4308747262376,90.64649529610162,9847.303218292129,0,2283
1051.75,1.3,9.5,-2.6,2533.4238,83.86352,-0.5398000000000138,-0.0003999999998995918,-0.00019999999949504854,-0.0022260000000073887,-6.000000013273166e-06,-6.00000002748402e-06,2283,1,0,1,0,1,0,1.3,3593.966335726795,90.6435255170753,9850.343326973732,0,2284
1050.75,1.3,9.5,-2.6,2532.884,83.86129,-0.5398000000000138,0.0,0.0003999999998995918,-0.0022299999999972897,-3.999999989900971e-06,2.000000023372195e-06,2284,1,0,1,0,1,0,1.3,3593.501967089716,90.64055736148796,9853.38278789531,0,2285
1051.75,1.3,9.5,-2.6,2532.344,83.859055,-0.5399999999999636,-0.0001999999999497959,-0.0001999999999497959,-0.0022349999999988768,-5.000000001587068e-06,-1.0000000116860974e-06,2285,1,0,1,0,1,0,1.3,3593.037768503937,90.63759082502187,9856.421600816864,0,2286
1053.75,1.3,9.5,-2.6,2531.8035,83.85682,-0.5405000000000655,-0.0005000000001018634,-0.0003000000001520675,-0.0022349999999988768,0.0,5.000000001587068e-06,2286,1,0,1,0,1,0,1.3,3592.5737395277656,90.63462590555312,9859.45976513839,0,2287
1051.25,1.3,9.5,-2.6,2531.263,83.854576,-0.5405000000000655,0.0,0.0005000000001018634,-0.0022440000000045757,-9.000000005698894e-06,-9.000000005698894e-06,2287,1,0,1,0,1,0,1.3,3592.109879938811,90.63166259702797,9862.49728085989,0,2288
1052.25,1.3,9.5,-2.6,2530.722,83.85233,-0.5409999999997126,-0.0004999999996471161,-0.0004999999996471161,-0.002245999999999526,-1.9999999949504854e-06,7.000000010748408e-06,2288,1,0,1,0,1,0,1.3,3591.646189296636,90.62870089646134,9865.534147381366,0,2289
1053.25,1.3,9.5,-2.4,2530.1807,83.85008,-0.5413000000003194,-0.00030000000060681487,0.0001999999990403012,-0.002249999999989427,-3.999999989900971e-06,-1.9999999949504854e-06,2289,1,0,1,0,1,0,1.0999999999999999,3591.1826672489083,90.6257408,9868.570364342815,0,2290
1053.25,1.3,9.5,-2.4,2529.6394,83.84783,-0.5412999999998647,4.547473508864641e-13,0.0003000000010615622,-0.002250000000003638,-1.4210854715202004e-14,3.999999975690116e-06,2290,1,0,1,0,1,0,1.0999999999999999,3590.719313574858,90.62278230554344,9871.605931744238,0,2291
1051.75,1.3,9.5,-2.4,2529.0977,83.845566,-0.541700000000219,-0.00040000000035433914,-0.0004000000008090865,-0.002263999999996713,-1.3999999993075107e-05,-1.3999999978864253e-05,2291,1,0,1,0,1,0,1.0999999999999999,3590.256127879581,90.61982540488657,9874.640849105634,0,2292
1051.5,1.3,9.5,-2.4,2528.5554,83.84331,-0.5422999999996136,-0.0005999999993946403,-0.0001999999990403012,-0.0022560000000027003,7.999999994012796e-06,2.1999999987087904e-05,2292,1,0,1,0,1,0,1.0999999999999999,3589.7931096816396,90.61687009943306,9877.675115707005,0,2293
1051.25,1.3,9.5,-2.4,2528.0132,83.841034,-0.5422000000003209,9.999999929277692e-05,0.0006999999986874172,-0.0022760000000090486,-2.0000000006348273e-05,-2.800000000036107e-05,2293,1,0,1,0,1,0,1.0999999999999999,3589.3302588055794,90.61391637837838,9880.708731668348,0,2294
1051.75,1.3,9.5,-2.4,2527.4705,83.83876,-0.542699999999968,-0.0004999999996471161,-0.000599999998939893,-0.0022739999999998872,2.00000000916134e-06,2.2000000015509613e-05,2294,1,0,1,0,1,0,1.0999999999999999,3588.867574814815,90.61096424052288,9883.741696389669,0,2295
1052.0,1.3,9.5,-2.4,2526.9275,83.83648,-0.54300000000012,-0.0003000000001520675,0.00019999999949504854,-0.0022799999999989495,-5.999999999062311e-06,-8.000000008223651e-06,2295,1,0,1,0,1,0,1.0999999999999999,3588.405057360627,90.60801368118467,9886.77400951096,0,2296
1052.75,1.3,9.5,-2.4,2526.3843,83.83419,-0.5431999999996151,-0.00019999999949504854,0.00010000000065701897,-0.002289999999987913,-9.999999988963282e-06,-3.999999989900971e-06,2296,1,0,1,0,1,0,1.0999999999999999,3587.9427061384413,90.60506469394863,9889.805670792226,0,2297
1053.25,1.3,9.5,-2.4,2525.8406,83.8319,-0.5437000000001717,-0.0005000000005566108,-0.0003000000010615622,-0.0022900000000021237,-1.4210854715202004e-14,9.999999974752427e-06,2297,1,0,1,0,1,0,1.0999999999999999,3587.480520713664,90.6021172767624,9892.836679633467,0,2298
1052.75,1.3,9.5,-2.4,2525.2969,83.829605,-0.5437000000001717,0.0,0.0005000000005566108,-0.0022950000000037107,-5.000000001587068e-06,-4.9999999873762135e-06,2298,1,0,1,0,1,0,1.0999999999999999,3587.0185008699436,90.59917142540235,9895.86703603468,0,2299
1055.25,1.3,9.5,-2.4,2524.7524,83.8273,-0.5444999999999709,-0.0007999999997991836,-0.0007999999997991836,-0.002305000000006885,-1.0000000003174137e-05,-5.000000001587068e-06,2299,1,0,1,0,1,0,1.0999999999999999,3586.556646043478,90.59622713347827,9898.89673903587,0,2300
1055.75,1.3,9.5,-2.4,2524.208,83.82499,-0.5443999999997686,0.00010000000020227162,0.0009000000000014552,-0.002309999999994261,-4.9999999873762135e-06,5.000000015797923e-06,2300,1,0,1,0,1,0,1.0999999999999999,3586.0949560625813,90.593284396784,9901.925788757031,0,2301
1054.75,1.3,9.5,-2.4,2523.6628,83.82267,-0.5452000000000226,-0.0008000000002539309,-0.0009000000004562025,-0.0023199999999974352,-1.0000000003174137e-05,-5.000000015797923e-06,2301,1,0,1,0,1,0,1.0999999999999999,3585.6334303649,90.59034320894874,9904.954184238168,0,2302
1055.25,1.3,9.5,-2.4,2523.1177,83.82034,-0.545100000000275,9.999999974752427e-05,0.0009000000000014552,-0.0023300000000006094,-1.0000000003174137e-05,0.0,2302,1,0,1,0,1,0,1.0999999999999999,3585.1720687798525,90.58740356361268,9907.981925599277,0,2303
1056.75,1.3,9.5,-2.4,2522.572,83.818016,-0.5456999999996697,-0.0005999999993946403,-0.0006999999991421646,-0.002324000000001547,5.999999999062311e-06,1.6000000002236447e-05,2303,1,0,1,0,1,0,1.0999999999999999,3584.7108708333335,90.58446546137152,9911.009012120361,0,2304
1056.5,1.3,9.5,-2.4,2522.026,83.815674,-0.5460000000002765,-0.00030000000060681487,0.00029999999878782546,-0.002341999999998734,-1.7999999997186933e-05,-2.3999999996249244e-05,2304,1,0,1,0,1,0,1.0999999999999999,3584.2498361822127,90.58152889240782,9914.035443441418,0,2305
1055.25,1.3,9.5,-2.4,2521.4795,83.81333,-0.5464999999999236,-0.0004999999996471161,-0.0001999999990403012,-0.0023440000000078953,-2.00000000916134e-06,1.5999999988025593e-05,2305,1,0,1,0,1,0,1.0999999999999999,3583.788964397225,90.57859385385949,9917.061218962448,0,2306
1054.25,1.3,9.5,-2.4,2520.9329,83.81098,-0.5466000000001259,-0.00010000000020227162,0.00039999999944484443,-0.0023499999999927468,-5.999999984851456e-06,-3.999999975690116e-06,2306,1,0,1,0,1,0,1.0999999999999999,3583.3282552232336,90.57566034113567,9920.086338563453,0,2307
1055.25,1.3,9.5,-2.4,2520.3855,83.80862,-0.5473999999999251,-0.0007999999997991836,-0.000699999999596912,-0.002359999999995921,-1.0000000003174137e-05,-4.00000001832268e-06,2307,1,0,1,0,1,0,1.0999999999999999,3582.8677081022533,90.57272834792028,9923.110801284432,0,2308
1056.75,1.3,9.5,-2.4,2519.8381,83.80625,-0.5473999999999251,0.0,0.0007999999997991836,-0.002369999999999095,-1.0000000003174137e-05,0.0,2308,1,0,1,0,1,0,1.0999999999999999,3582.407322823733,90.56979786790819,9926.134607125385,0,2309
1057.0,1.3,9.5,-2.4,2519.29,83.80387,-0.5480999999999767,-0.0007000000000516593,-0.0007000000000516593,-0.002380000000002269,-1.0000000003174137e-05,0.0,2309,1,0,1,0,1,0,1.0999999999999999,3581.947098874459,90.5668688948052,9929.15775524631,0,2310
1055.75,1.3,9.5,-2.4,2518.7417,83.80149,-0.5482999999999265,-0.0001999999999497959,0.0005000000001018634,-0.002380000000002269,0.0,1.0000000003174137e-05,2310,1,0,1,0,1,0,1.0999999999999999,3581.4870359584593,90.56394142665513,9932.18024540721,0,2311
1057.25,1.3,9.5,-2.4,2518.1929,83.799095,-0.5488000000000284,-0.0005000000001018634,-0.0003000000001520675,-0.0023950000000070304,-1.5000000004761205e-05,-1.5000000004761205e-05,2311,1,0,1,0,1,0,1.0999999999999999,3581.027133650519,90.5610154550173,9935.202077008084,0,2312
1055.75,1.3,9.5,-2.4,2517.6438,83.79669,-0.5491000000001804,-0.0003000000001520675,0.0001999999999497959,-0.0024049999999959937,-9.999999988963282e-06,5.000000015797923e-06,2312,1,0,1,0,1,0,1.0999999999999999,3580.5673916126243,90.55809097362733,9938.22324968893,0,2313
1055.25,1.3,9.5,-2.4,2517.0942,83.79428,-0.5495999999998276,-0.0004999999996471161,-0.00019999999949504854,-0.0024099999999975807,-5.000000001587068e-06,4.9999999873762135e-06,2313,1,0,1,0,1,0,1.0999999999999999,3580.107809420916,90.55516797839239,9941.24376284975,0,2314
1055.25,1.3,9.5,-2.4,2516.5442,83.79186,-0.5500000000001819,-0.00040000000035433914,9.999999929277692e-05,-0.002420000000000755,-1.0000000003174137e-05,-5.000000001587068e-06,2314,1,0,1,0,1,0,1.0999999999999999,3579.6483866954645,90.55224646306696,9944.263616010545,0,2315
1055.25,1.3,9.5,-2.4,2515.9937,83.78944,-0.550499999999829,-0.0004999999996471161,-9.999999929277692e-05,-0.002420000000000755,0.0,1.0000000003174137e-05,2315,1,0,1,0,1,0,1.0999999999999999,3579.1891230138167,90.54932642573402,9947.282808571312,0,2316
1055.25,1.3,9.5,-2.4,2515.4426,83.787,-0.5511000000001332,-0.000600000000304135,-0.00010000000065701897,-0.0024399999999928923,-1.9999999992137418e-05,-1.9999999992137418e-05,2316,1,0,1,0,1,0,1.0999999999999999,3578.730017911092,90.54640785584807,9950.301339812053,0,2317
1056.25,1.3,9.5,-2.4,2514.8914,83.78455,-0.5511999999998807,-9.999999974752427e-05,0.0005000000005566108,-0.0024500000000102773,-1.0000000017384991e-05,9.999999974752427e-06,2317,1,0,1,0,1,0,1.0999999999999999,3578.2710711389127,90.54349074719586,9953.319209612768,0,2318
1053.75,1.3,9.5,-2.4,2514.3396,83.7821,-0.5518000000001848,-0.000600000000304135,-0.0005000000005566108,-0.0024499999999960664,1.4210854715202004e-14,1.0000000031595846e-05,2318,1,0,1,0,1,0,1.0999999999999999,3577.8122822337214,90.54057509788703,9956.336417253457,0,2319
1054.25,1.3,9.5,-2.4,2513.7874,83.77963,-0.5521999999996297,-0.00039999999944484443,0.0002000000008592906,-0.0024700000000024147,-2.0000000006348273e-05,-2.0000000020559128e-05,2319,1,0,1,0,1,0,1.0999999999999999,3577.3536508189654,90.53766089741379,9959.35296225412,0,2320
1055.75,1.3,9.5,-2.4,2513.2346,83.77716,-0.5528000000003885,-0.0006000000007588824,-0.00020000000131403795,-0.0024700000000024147,0.0,2.0000000006348273e-05,2320,1,0,1,0,1,0,1.0999999999999999,3576.895176432572,90.5347481439035,9962.368843894754,0,2321
1054.25,1.3,9.5,-2.4,2512.6814,83.77467,-0.5531999999998334,-0.00039999999944484443,0.00020000000131403795,-0.002489999999994552,-1.9999999992137418e-05,-1.9999999992137418e-05,2321,1,0,1,0,1,0,1.0999999999999999,3576.436858699397,90.53183682687339,9965.384061695362,0,2322
1055.25,1.3,9.5,-2.4,2512.1277,83.77218,-0.5536999999999352,-0.0005000000001018634,-0.00010000000065701897,-0.002489999999994552,0.0,1.9999999992137418e-05,2322,1,0,1,0,1,0,1.0999999999999999,3575.978697201894,90.52892694446835,9968.398615055945,0,2323
1055.5,1.3,9.5,-2.4,2511.5735,83.76967,-0.5542000000000371,-0.0005000000001018634,0.0,-0.0025100000000009004,-2.0000000006348273e-05,-2.0000000006348273e-05,2323,1,0,1,0,1,0,1.0999999999999999,3575.5206915232357,90.52601848623064,9971.4125033765,0,2324
1055.75,1.3,9.5,-2.4,2511.0188,83.76715,-0.554700000000139,-0.0005000000001018634,0.0,-0.0025200000000040745,-1.0000000003174137e-05,1.0000000003174137e-05,2324,1,0,1,0,1,0,1.0999999999999999,3575.0628412473116,90.5231114460215,9974.425726057028,0,2325
1056.75,1.3,9.5,-2.4,2510.4636,83.764626,-0.5551999999997861,-0.0004999999996471161,4.547473508864641e-13,-0.0025239999999939755,-3.999999989900971e-06,6.000000013273166e-06,2325,1,0,1,0,1,0,1.0999999999999999,3574.6051459587275,90.52020582029235,9977.438282497531,0,2326
1058.25,1.3,9.5,-2.4,2509.908,83.762085,-0.5556000000001404,-0.00040000000035433914,9.999999929277692e-05,-0.002541000000007898,-1.7000000013922545e-05,-1.3000000024021574e-05,2326,1,0,1,0,1,0,1.0999999999999999,3574.1476052857756,90.51730159991405,9980.450172218007,0,2327
1056.75,1.3,9.5,-2.4,2509.3518,83.75954,-0.5561999999999898,-0.0005999999998493877,-0.00019999999949504854,-0.002544999999997799,-3.999999989900971e-06,1.3000000024021574e-05,2327,1,0,1,0,1,0,1.0999999999999999,3573.6902187714777,90.51439878135739,9983.461394498456,0,2328
1057.0,1.3,9.5,-2.4,2508.7952,83.75697,-0.5565999999998894,-0.0003999999998995918,0.0001999999999497959,-0.0025700000000057344,-2.500000000793534e-05,-2.100000001803437e-05,2328,1,0,1,0,1,0,1.0999999999999999,3573.232986045513,90.51149735208244,9986.471948858878,0,2329
1056.75,1.3,9.5,-2.4,2508.2378,83.7544,-0.5574000000001433,-0.0008000000002539309,-0.00040000000035433914,-0.0025699999999915235,1.4210854715202004e-14,2.5000000022146196e-05,2329,1,0,1,0,1,0,1.0999999999999999,3572.7759065665236,90.50859731030043,9989.481834339273,0,2330
1055.75,1.3,9.5,-2.4,2507.6802,83.75182,-0.5576000000000931,-0.0001999999999497959,0.000600000000304135,-0.0025800000000089085,-1.0000000017384991e-05,-1.0000000031595846e-05,2330,1,0,1,0,1,0,1.0999999999999999,3572.31898005148,90.50569864993564,9992.491050699642,0,2331
1054.75,1.3,9.5,-2.4,2507.1218,83.74922,-0.5583999999998923,-0.0007999999997991836,-0.0005999999998493877,-0.002600000000001046,-1.9999999992137418e-05,-9.999999974752427e-06,2331,1,0,1,0,1,0,1.0999999999999999,3571.862205960549,90.50280136063465,9995.499596979984,0,2332
1054.5,1.3,9.5,-2.4,2506.563,83.74662,-0.5587999999997919,-0.0003999999998995918,0.0003999999998995918,-0.002600000000001046,0.0,1.9999999992137418e-05,2332,1,0,1,0,1,0,1.0999999999999999,3571.4055839262755,90.49990544063438,9998.5074727003,0,2333
1052.75,1.3,9.5,-2.4,2506.0037,83.743996,-0.5592999999998938,-0.0005000000001018634,-0.00010000000020227162,-0.002623999999997295,-2.3999999996249244e-05,-2.3999999996249244e-05,2333,1,0,1,0,1,0,1.0999999999999999,3570.9491135389885,90.49701087789204,10001.514677260588,0,2334
1051.25,1.3,9.5,-2.4,2505.4438,83.74136,-0.5599000000001979,-0.000600000000304135,-0.00010000000020227162,-0.00263599999999542,-1.1999999998124622e-05,1.1999999998124622e-05,2334,1,0,1,0,1,0,1.0999999999999999,3570.492794346895,90.49411766552463,10004.521209940849,0,2335
1050.25,1.3,9.5,-2.4,2504.8833,83.73872,-0.5605000000000473,-0.0005999999998493877,4.547473508864641e-13,-0.0026399999999995316,-4.0000000041118255e-06,7.999999994012796e-06,2335,1,0,1,0,1,0,1.0999999999999999,3570.0366258989725,90.49122580008562,10007.527070021082,0,2336
1049.25,1.3,9.5,-2.4,2504.3223,83.73607,-0.5610000000001492,-0.0005000000001018634,9.999999974752427e-05,-0.0026500000000027057,-1.0000000003174137e-05,-5.999999999062311e-06,2336,1,0,1,0,1,0,1.0999999999999999,3569.5806077877623,90.48833527556697,10010.53225690129,0,2337
1050.25,1.3,9.5,-2.4,2503.7607,83.7334,-0.5615999999999985,-0.0005999999998493877,-9.999999974752427e-05,-0.002669999999994843,-1.9999999992137418e-05,-9.999999988963282e-06,2337,1,0,1,0,1,0,1.0999999999999999,3569.1247395637297,90.48544608169375,10013.53676986147,0,2338
1049.25,1.3,10.5,-2.4,2503.1985,83.73071,-0.5621999999998479,-0.0005999999998493877,0.0,-0.0026900000000011914,-2.0000000006348273e-05,-1.4210854715202004e-14,2338,1,0,1,0,1,0,1.0999999999999999,3568.6690207781103,90.48255820820864,10016.540608181624,0,2339
1049.0,1.3,10.5,-2.4,2502.6357,83.72802,-0.5628000000001521,-0.000600000000304135,-4.547473508864641e-13,-0.0026900000000011914,0.0,2.0000000006348273e-05,2339,1,0,1,0,1,0,1.0999999999999999,3568.213450982906,90.4796716534188,10019.54377114175,0,2340
1049.75,1.3,10.5,-2.4,2502.0723,83.7253,-0.5634000000000015,-0.0005999999998493877,4.547473508864641e-13,-0.002719999999996503,-2.9999999995311555e-05,-2.9999999995311555e-05,2340,1,0,1,0,1,0,1.0999999999999999,3567.758029730884,90.47678640281931,10022.54625802185,0,2341
1049.75,1.3,10.5,-2.4,2501.5083,83.72259,-0.5639999999998508,-0.0005999999998493877,0.0,-0.0027100000000075397,9.999999988963282e-06,3.9999999984274837e-05,2341,1,0,1,0,1,0,1.0999999999999999,3567.3027565755765,90.4739024590094,10025.548068101923,0,2342
1051.75,1.3,10.5,-2.4,2500.9438,83.71985,-0.5644999999999527,-0.0005000000001018634,9.999999974752427e-05,-0.0027400000000028513,-2.9999999995311555e-05,-3.9999999984274837e-05,2342,1,0,1,0,1,0,1.0999999999999999,3566.847631113956,90.47101980751174,10028.549200781968,0,2343
1052.25,1.3,10.5,-2.4,2500.3787,83.717094,-0.5650999999998021,-0.0005999999998493877,-9.999999974752427e-05,-0.002755999999990877,-1.5999999988025593e-05,1.4000000007285962e-05,2343,1,0,1,0,1,0,1.0999999999999999,3566.3926529010237,90.46813843984641,10031.549655341985,0,2344
1052.0,1.3,10.5,-2.4,2499.8127,83.71433,-0.5660000000002583,-0.0009000000004562025,-0.00030000000060681487,-0.0027639999999991005,-8.000000008223651e-06,7.999999979801942e-06,2344,0,1,1,0,1,0,1.0999999999999999,3565.9378213646055,90.46525835095949,10034.549430701976,1,0
1050.75,1.3,10.5,-2.4,2499.2463,83.711555,-0.5664000000001579,-0.0003999999998995918,0.0005000000005566108,-0.00277499999999975,-1.100000000064938e-05,-2.999999992425728e-06,2345,0,1,1,0,1,0,1.0999999999999999,3565.4831361466327,90.46237953452686,10037.548526381941,2,0
1050.75,1.3,10.5,-2.4,2498.6794,83.70876,-0.566899999999805,-0.0004999999996471161,-9.999999974752427e-05,-0.002795000000006098,-2.0000000006348273e-05,-9.000000005698894e-06,2346,0,1,1,0,1,0,1.0999999999999999,3565.028596847039,90.4595019804005,10040.546941781877,3,0
1051.75,1.3,10.5,-2.4,2498.1118,83.705956,-0.5675999999998567,-0.0007000000000516593,-0.00020000000040454324,-0.002803999999997586,-8.999999991488039e-06,1.1000000014860234e-05,2347,0,1,1,0,1,0,1.0999999999999999,3564.5742029812604,90.45662568313459,10043.544676061787,4,0
1051.5,1.3,10.5,-2.4,2497.5435,83.70313,-0.5682999999999083,-0.0007000000000516593,0.0,-0.002825999999998885,-2.200000000129876e-05,-1.300000000981072e-05,2348,0,1,1,0,1,0,1.0999999999999999,3564.11995406556,90.4537506317582,10046.54172838167,5,0
1050.25,1.3,10.5,-2.4,2496.9744,83.700294,-0.5691000000001623,-0.0008000000002539309,-0.00010000000020227162,-0.002836000000002059,-1.0000000003174137e-05,1.1999999998124622e-05,2349,0,1,1,0,1,0,1.0999999999999999,3563.665849574468,90.45087682042553,10049.538097781524,6,0
1050.0,1.3,10.5,-2.4,2496.4048,83.69744,-0.5696000000002641,-0.0005000000001018634,0.0003000000001520675,-0.002853999999999246,-1.7999999997186933e-05,-7.999999994012796e-06,2350,0,1,1,0,1,0,1.0999999999999999,3563.2118891110167,90.44800423989791,10052.53378366135,7,0
1050.75,1.3,10.5,-2.4,2495.8345,83.69458,-0.570299999999861,-0.000699999999596912,-0.00019999999949504854,-0.0028599999999983083,-5.999999999062311e-06,1.1999999998124622e-05,2351,0,1,1,0,1,0,1.0999999999999999,3562.7580721938775,90.44513288605442,10055.528785181152,8,0
1051.25,1.3,10.5,-2.4,2495.2637,83.691696,-0.5707999999999629,-0.0005000000001018634,0.00019999999949504854,-0.0028840000000087684,-2.40000000104601e-05,-1.8000000011397788e-05,2352,0,1,1,0,1,0,1.0999999999999999,3562.304398427539,90.44226274713132,10058.523101740924,9,0
1051.25,1.3,10.5,-2.4,2494.692,83.6888,-0.5716999999999643,-0.0009000000000014552,-0.0003999999998995918,-0.002895999999992682,-1.1999999983913767e-05,1.2000000026546331e-05,2353,0,1,1,0,1,0,1.0999999999999999,3561.8508672472385,90.43939381648258,10061.516732260669,10,0
1050.25,1.3,10.5,-2.4,2494.1196,83.68588,-0.572400000000016,-0.0007000000000516593,0.0001999999999497959,-0.0029200000000031423,-2.40000000104601e-05,-1.2000000026546331e-05,2354,0,1,1,0,1,0,1.0999999999999999,3561.3974781740976,90.43652608237792,10064.509675900386,11,0
1051.25,1.3,10.5,-2.4,2493.5466,83.68295,-0.5729999999998654,-0.0005999999998493877,0.00010000000020227162,-0.0029299999999921056,-9.999999988963282e-06,1.4000000021496817e-05,2355,0,1,1,0,1,0,1.0999999999999999,3560.9442307724958,90.43365953904923,10067.501931940078,12,0
1052.75,1.3,10.5,-2.4,2492.9731,83.68001,-0.5734999999999673,-0.0005000000001018634,9.999999974752427e-05,-0.0029400000000094906,-1.0000000017384991e-05,-2.842170943040401e-14,2356,0,1,1,0,1,0,1.0999999999999999,3560.491124649979,90.43079418073823,10070.493499779739,13,0
1052.75,1.3,10.5,-2.4,2492.3987,83.67704,-0.5743999999999687,-0.0009000000000014552,-0.0003999999998995918,-0.0029699999999905913,-2.99999999811007e-05,-1.999999996371571e-05,2357,0,1,1,0,1,0,1.0999999999999999,3560.0381592451226,90.42792999321459,10073.484378339375,14,0
1054.25,1.3,10.5,-2.4,2491.8237,83.674065,-0.5750000000002728,-0.000600000000304135,0.00029999999969732016,-0.002975000000006389,-5.000000015797923e-06,2.4999999965302777e-05,2358,0,1,1,0,1,0,1.0999999999999999,3559.5853341246293,90.42506697286987,10076.474566898982,15,0
1055.25,1.3,10.5,-2.4,2491.2478,83.67107,-0.5758999999998196,-0.0008999999995467078,-0.0002999999992425728,-0.0029949999999985266,-1.9999999992137418e-05,-1.4999999976339495e-05,2359,0,1,1,0,1,0,1.0999999999999999,3559.132648728814,90.42220510974576,10079.464064378562,16,0
1056.25,1.3,10.5,-2.4,2490.6714,83.66806,-0.5763999999999214,-0.0005000000001018634,0.00039999999944484443,-0.003010000000003288,-1.5000000004761205e-05,4.9999999873762135e-06,2360,0,1,1,0,1,0,1.0999999999999999,3558.680102668361,90.41934439601863,10082.452870178115,17,0
1055.75,1.3,10.5,-2.4,2490.0942,83.66503,-0.5772000000001754,-0.0008000000002539309,-0.0003000000001520675,-0.0030299999999954252,-1.9999999992137418e-05,-4.9999999873762135e-06,2361,0,1,1,0,1,0,1.0999999999999999,3558.227695427604,90.41648482176122,10085.44098333764,18,0
1055.75,1.3,10.5,-2.4,2489.5164,83.66198,-0.5778000000000247,-0.0005999999998493877,0.00020000000040454324,-0.0030500000000017735,-2.0000000006348273e-05,-1.4210854715202004e-14,2362,0,1,1,0,1,0,1.0999999999999999,3557.775426576386,90.41362637706305,10088.428403137135,19,0
1056.0,1.3,10.5,-2.4,2488.9375,83.65892,-0.578899999999976,-0.001099999999951251,-0.0005000000001018634,-0.0030600000000049477,-1.0000000003174137e-05,1.0000000003174137e-05,2363,0,1,1,0,1,0,1.0999999999999999,3557.3232954737737,90.41076905626058,10091.415128256605,20,0
1056.0,1.3,10.5,-2.4,2488.3582,83.65584,-0.5792999999998756,-0.0003999999998995918,0.0007000000000516593,-0.003079999999997085,-1.9999999992137418e-05,-9.999999988963282e-06,2364,0,1,1,0,1,0,1.0999999999999999,3556.8713017758982,90.40791284947146,10094.401158216046,21,0
1058.25,1.3,10.5,-2.4,2487.778,83.65274,-0.5802000000003318,-0.0009000000004562025,-0.0005000000005566108,-0.0031000000000034333,-2.0000000006348273e-05,-1.4210854715202004e-14,2365,0,1,1,0,1,0,1.0999999999999999,3556.419444928149,90.4050577468301,10097.38649193546,22,0
1059.75,1.3,10.5,-2.4,2487.1973,83.64962,-0.5806999999999789,-0.0004999999996471161,0.0004000000008090865,-0.0031199999999955708,-1.9999999992137418e-05,1.4210854715202004e-14,2366,0,1,1,0,1,0,1.0999999999999999,3555.967724545839,90.40220373848754,10100.371128814844,23,0
1059.75,1.3,10.5,-2.4,2486.6155,83.646484,-0.5817999999999302,-0.001099999999951251,-0.000600000000304135,-0.003135999999997807,-1.6000000002236447e-05,3.999999989900971e-06,2367,0,1,1,0,1,0,1.0999999999999999,3555.5161399915537,90.39935081630068,10103.355067534203,24,0
1058.25,1.3,10.5,-2.4,2486.033,83.64333,-0.5824999999999818,-0.0007000000000516593,0.0003999999998995918,-0.003153999999994994,-1.7999999997186933e-05,-1.9999999949504854e-06,2368,0,1,1,0,1,0,1.0999999999999999,3555.064690797805,90.3964989712959,10106.338307253533,25,0
1057.75,1.3,10.5,-2.4,2485.45,83.64017,-0.5830000000000837,-0.0005000000001018634,0.0001999999999497959,-0.0031600000000082673,-6.000000013273166e-06,1.1999999983913767e-05,2369,0,1,1,0,1,0,1.0999999999999999,3554.6133765822788,90.39364819957805,10109.320847372834,26,0
1058.25,1.3,10.5,-2.4,2484.866,83.63698,-0.5839999999998327,-0.0009999999997489795,-0.0004999999996471161,-0.003190000000003579,-2.9999999995311555e-05,-2.399999998203839e-05,2370,0,1,1,0,1,0,1.0999999999999999,3554.1621967524247,90.39079848713624,10112.302686692108,27,0
1058.75,1.3,10.5,-2.4,2484.2812,83.633766,-0.5848000000000866,-0.0008000000002539309,0.00019999999949504854,-0.003213999999999828,-2.3999999996249244e-05,5.999999999062311e-06,2371,0,1,1,0,1,0,1.0999999999999999,3553.711150801012,90.38794982251264,10115.283824251354,28,0
1058.75,1.3,10.5,-2.4,2483.6956,83.63054,-0.5855999999998858,-0.0007999999997991836,4.547473508864641e-13,-0.0032259999999979527,-1.1999999998124622e-05,1.1999999998124622e-05,2372,0,1,1,0,1,0,1.0999999999999999,3553.26023822166,90.38510219932574,10118.26425909057,29,0
1058.5,1.3,10.5,-2.4,2483.1094,83.6273,-0.5862000000001899,-0.000600000000304135,0.00019999999949504854,-0.003239999999991028,-1.3999999993075107e-05,-1.9999999949504854e-06,2373,0,1,1,0,1,0,1.0999999999999999,3552.8094585930917,90.38225561036225,10121.24399048976,30,0
1057.75,1.3,10.5,-2.4,2482.5222,83.62403,-0.5871999999999389,-0.0009999999997489795,-0.00039999999944484443,-0.0032700000000005502,-3.000000000952241e-05,-1.6000000016447302e-05,2374,0,1,1,0,1,0,1.0999999999999999,3552.3588113263154,90.37941004168421,10124.22301724892,31,0
1056.75,1.3,10.5,-2.4,2481.934,83.62074,-0.5881999999996879,-0.0009999999997489795,0.0,-0.0032900000000068985,-2.0000000006348273e-05,1.0000000003174137e-05,2375,0,1,1,0,1,0,1.0999999999999999,3551.9082958333333,90.37656548358585,10127.201338168054,32,0
1055.75,1.3,10.5,-2.4,2481.3455,83.61744,-0.5885000000002947,-0.00030000000060681487,0.0006999999991421646,-0.003299999999995862,-9.999999988963282e-06,1.0000000017384991e-05,2376,0,1,1,0,1,0,1.0999999999999999,3551.457911821624,90.37372193058476,10130.178952887158,33,0
1055.75,1.3,10.5,-2.4,2480.7559,83.61411,-0.5895999999997912,-0.0010999999994965037,-0.0007999999988896889,-0.003330000000005384,-3.000000000952241e-05,-2.0000000020559128e-05,2377,0,1,1,0,1,0,1.0999999999999999,3551.007658662742,90.37087936879732,10133.155860086234,34,0
1056.25,1.3,10.5,-2.4,2480.1653,83.61077,-0.5905999999999949,-0.0010000000002037268,9.999999929277692e-05,-0.0033399999999943475,-9.999999988963282e-06,2.0000000020559128e-05,2378,0,1,1,0,1,0,1.0999999999999999,3550.5575357713324,90.36803779277008,10136.132058565283,35,0
1057.75,1.3,10.5,-2.4,2479.5742,83.60741,-0.5911000000000968,-0.0005000000001018634,0.0005000000001018634,-0.0033600000000006958,-2.0000000006348273e-05,-1.0000000017384991e-05,2379,0,1,1,0,1,0,1.0999999999999999,3550.1075427731093,90.36519719285715,10139.107547724301,36,0
1058.75,1.3,10.5,-2.4,2478.9822,83.60403,-0.5920000000000982,-0.0009000000000014552,-0.0003999999998995918,-0.003380000000007044,-2.0000000006348273e-05,0.0,2380,0,1,1,0,1,0,1.0999999999999999,3549.6576791264174,90.36235755942882,10142.082326483292,37,0
1058.25,1.3,10.5,-2.4,2478.3892,83.60062,-0.5929999999998472,-0.0009999999997489795,-9.999999974752427e-05,-0.0034099999999881447,-2.99999999811007e-05,-9.999999974752427e-06,2381,0,1,1,0,1,0,1.0999999999999999,3549.207944248531,90.35951887867338,10145.056393642255,38,0
1057.25,1.3,10.5,-2.4,2477.7954,83.5972,-0.5938000000001011,-0.0008000000002539309,0.00019999999949504854,-0.0034200000000055297,-1.0000000017384991e-05,1.999999996371571e-05,2382,0,1,1,0,1,0,1.0999999999999999,3548.7583376416283,90.35668114519513,10148.02974824119,39,0
1057.25,1.3,10.5,-2.4,2477.2007,83.59375,-0.5947000000001026,-0.0009000000000014552,-9.999999974752427e-05,-0.0034500000000008413,-2.9999999995311555e-05,-1.9999999977926564e-05,2383,0,1,1,0,1,0,1.0999999999999999,3548.3088587667785,90.35384434521812,10151.002389200095,40,0
1056.75,1.3,10.5,-2.4,2476.6052,83.59028,-0.5954999999999018,-0.0007999999997991836,0.00010000000020227162,-0.0034699999999929787,-1.9999999992137418e-05,1.0000000003174137e-05,2384,0,1,1,0,1,0,1.0999999999999999,3547.8595071278824,90.35100846918239,10153.974315558973,41,0
1055.75,1.3,10.5,-2.4,2476.0088,83.58679,-0.5963999999999032,-0.0009000000000014552,-0.00010000000020227162,-0.003490000000013538,-2.0000000020559128e-05,-2.842170943040401e-14,2385,0,1,1,0,1,0,1.0999999999999999,3547.410282187762,90.348173507544,10156.945526237821,42,0
1057.75,1.3,10.5,-2.4,2475.4116,83.58328,-0.5972000000001572,-0.0008000000002539309,9.999999974752427e-05,-0.0035099999999914644,-1.9999999977926564e-05,4.263256414560601e-14,2386,0,1,1,0,1,0,1.0999999999999999,3546.9611834520324,90.34533945077503,10159.916020276642,43,0
1056.75,1.3,10.5,-2.4,2474.8135,83.57976,-0.5980999999997039,-0.0008999999995467078,-9.999999929277692e-05,-0.0035200000000088494,-1.0000000017384991e-05,9.999999960541572e-06,2387,0,1,1,0,1,0,1.0999999999999999,3546.512210385259,90.34250629355108,10162.885796595432,44,0
1055.75,1.3,10.5,-2.4,2474.2144,83.5762,-0.5991000000003623,-0.0010000000006584742,-0.00010000000111176632,-0.0035599999999931242,-3.9999999984274837e-05,-2.9999999966889845e-05,2388,0,1,1,0,1,0,1.0999999999999999,3546.0633624110505,90.33967401799916,10165.854853994195,45,0
1058.25,1.3,10.5,-2.4,2473.6145,83.57263,-0.5998999999997068,-0.0007999999993444362,0.00020000000131403795,-0.0035699999999962984,-1.0000000003174137e-05,2.99999999811007e-05,2389,0,1,1,0,1,0,1.0999999999999999,3545.6146390376566,90.33684261882846,10168.823191512927,46,0
1058.75,1.3,10.5,-2.4,2473.0137,83.56903,-0.600800000000163,-0.0009000000004562025,-0.00010000000111176632,-0.0036000000000058208,-3.000000000952241e-05,-2.0000000006348273e-05,2390,0,1,1,0,1,0,1.0999999999999999,3545.16603973233,90.3340120823923,10171.790808071632,47,0
1058.75,1.3,10.5,-2.4,2472.4119,83.565414,-0.601799999999912,-0.0009999999997489795,-9.999999929277692e-05,-0.0036159999999938464,-1.5999999988025593e-05,1.4000000021496817e-05,2391,0,1,1,0,1,0,1.0999999999999999,3544.717563921405,90.33118240091973,10174.757702470308,48,0
1059.75,1.3,10.5,-2.4,2471.8093,83.561775,-0.6026000000001659,-0.0008000000002539309,0.00019999999949504854,-0.003639000000006831,-2.3000000012984856e-05,-7.000000024959263e-06,2392,0,1,1,0,1,0,1.0999999999999999,3544.2692111157544,90.32835356372755,10177.723873748955,49,0
1060.75,1.3,10.5,-2.4,2471.2058,83.55811,-0.6034999999997126,-0.0008999999995467078,-9.999999929277692e-05,-0.003664999999998031,-2.599999999119973e-05,-2.9999999782148734e-06,2393,0,1,1,0,1,0,1.0999999999999999,3543.8209807852963,90.32552555889724,10180.689320827572,50,0
1061.0,1.3,10.5,-2.4,2470.6013,83.55443,-0.6045000000003711,-0.0010000000006584742,-0.00010000000111176632,-0.003680000000002792,-1.5000000004761205e-05,1.0999999986438525e-05,2394,0,1,1,0,1,0,1.0999999999999999,3543.3728723590816,90.32269837912318,10183.654042506161,51,0
1058.75,1.3,10.5,-2.4,2469.9958,83.55072,-0.6054999999996653,-0.0009999999992942321,1.3642420526593924e-12,-0.0037099999999981037,-2.9999999995311555e-05,-1.499999999055035e-05,2395,0,1,1,0,1,0,1.0999999999999999,3542.924885267112,90.31987201085143,10186.618037584722,52,0
1059.0,1.3,10.5,-2.4,2469.3894,83.54699,-0.6064000000001215,-0.0009000000004562025,9.999999883802957e-05,-0.003730000000004452,-2.0000000006348273e-05,9.999999988963282e-06,2396,0,1,1,0,1,0,1.0999999999999999,3542.477018982061,90.31704644472256,10189.581304983252,53,0
1059.75,1.3,10.5,-2.4,2468.7822,83.54323,-0.6071999999999207,-0.0007999999997991836,0.00010000000065701897,-0.0037599999999997635,-2.9999999995311555e-05,-9.999999988963282e-06,2397,0,1,1,0,1,0,1.0999999999999999,3542.0292730191823,90.31422166722268,10192.543843741754,54,0
1058.75,1.3,10.5,-2.4,2468.1738,83.53945,-0.6084000000000742,-0.0012000000001535227,-0.00040000000035433914,-0.003779999999991901,-1.9999999992137418e-05,1.0000000003174137e-05,2398,0,1,1,0,1,0,1.0999999999999999,3541.581646727803,90.31139766902876,10195.505652420226,55,0
1058.75,1.3,10.5,-2.4,2467.5647,83.53565,-0.6091000000001259,-0.0007000000000516593,0.0005000000001018634,-0.0037999999999982492,-2.0000000006348273e-05,-1.4210854715202004e-14,2399,0,1,1,0,1,0,1.0999999999999999,3541.1341396666667,90.30857444083334,10198.466730178669,56,0
1058.25,1.3,10.5,-2.4,2466.9543,83.53183,-0.6104000000000269,-0.001299999999901047,-0.0005999999998493877,-0.0038200000000045975,-2.0000000006348273e-05,0.0,2400,0,1,1,0,1,0,1.0999999999999999,3540.686751145356,90.30575197334444,10201.427075457083,57,0
1057.75,1.3,10.5,-2.4,2466.3433,83.52798,-0.6109999999998763,-0.0005999999998493877,0.0007000000000516593,-0.003849999999999909,-2.9999999995311555e-05,-9.999999988963282e-06,2401,0,1,1,0,1,0,1.0999999999999999,3540.239480766028,90.3029302531224,10204.386687535467,58,0
1057.25,1.3,10.5,-2.4,2465.7312,83.5241,-0.6120999999998276,-0.001099999999951251,-0.0005000000001018634,-0.0038799999999952206,-2.9999999995311555e-05,0.0,2402,0,1,1,0,1,0,1.0999999999999999,3539.7923279234287,90.3001092667499,10207.345565093823,59,0
1057.0,1.3,10.5,-2.4,2465.1182,83.52021,-0.6130000000002838,-0.0009000000004562025,0.00019999999949504854,-0.0038899999999983947,-1.0000000003174137e-05,1.9999999992137418e-05,2403,0,1,1,0,1,0,1.0999999999999999,3539.345292096506,90.29728900915141,10210.303707052148,60,0
1057.0,1.3,10.5,-2.4,2464.504,83.51629,-0.6141999999999825,-0.0011999999996987754,-0.0002999999992425728,-0.003920000000007917,-3.000000000952241e-05,-2.0000000006348273e-05,2404,0,1,1,0,1,0,1.0999999999999999,3538.898372640333,90.29446946694387,10213.261111970445,61,0
1057.0,1.3,10.5,-2.4,2463.889,83.51234,-0.6149999999997817,-0.0007999999997991836,0.0003999999998995918,-0.003950000000003229,-2.9999999995311555e-05,1.4210854715202004e-14,2405,0,1,1,0,1,0,1.0999999999999999,3538.4515690773064,90.29165062676641,10216.217778888711,62,0
1058.25,1.3,10.5,-2.4,2463.2727,83.50837,-0.6163000000001375,-0.0013000000003557943,-0.0005000000005566108,-0.003969999999995366,-1.9999999992137418e-05,1.0000000003174137e-05,2406,0,1,1,0,1,0,1.0999999999999999,3538.0048807228914,90.28883247943499,10219.173706246947,63,0
1059.75,1.3,10.5,-2.4,2462.6558,83.50437,-0.6168999999999869,-0.0005999999998493877,0.0007000000005064066,-0.0040000000000048885,-3.000000000952241e-05,-1.0000000017384991e-05,2407,0,1,1,0,1,0,1.0999999999999999,3537.5583071843853,90.28601501162791,10222.128893325156,64,0
1058.25,1.3,10.5,-2.4,2462.0376,83.50035,-0.618199999999888,-0.001299999999901047,-0.0007000000000516593,-0.004019999999997026,-1.9999999992137418e-05,1.0000000017384991e-05,2408,0,1,1,0,1,0,1.0999999999999999,3537.111847779161,90.28319821419676,10225.083338563334,65,0
1059.25,1.3,10.5,-2.4,2461.4185,83.49631,-0.6190999999998894,-0.0009000000000014552,0.0003999999998995918,-0.004040000000003374,-2.0000000006348273e-05,-1.4210854715202004e-14,2409,0,1,1,0,1,0,1.0999999999999999,3536.665501991701,90.2803820780083,10228.037040881482,66,0
1060.25,1.3,10.5,-2.4,2460.7983,83.49223,-0.6202000000002954,-0.0011000000004059984,-0.00020000000040454324,-0.004079999999987649,-3.9999999984274837e-05,-1.9999999977926564e-05,2410,0,1,1,0,1,0,1.0999999999999999,3536.219269224388,90.2775665856491,10230.9899989596,67,0
1059.25,1.3,10.5,-2.4,2460.177,83.48814,-0.6212999999997919,-0.0010999999994965037,9.094947017729282e-13,-0.004090000000005034,-1.0000000017384991e-05,2.9999999966889845e-05,2411,0,1,1,0,1,0,1.0999999999999999,3535.773148880597,90.27475173217246,10233.942211477688,68,0
1058.75,1.3,10.5,-2.4,2459.555,83.48402,-0.6220000000002983,-0.0007000000005064066,0.0003999999989900971,-0.004120000000000346,-2.9999999995311555e-05,-1.9999999977926564e-05,2412,0,1,1,0,1,0,1.0999999999999999,3535.3271405304604,90.27193750435143,10236.893677595746,69,0
1058.75,1.3,10.5,-2.4,2458.9316,83.479866,-0.6233999999999469,-0.0013999999996485712,-0.0006999999991421646,-0.004153999999999769,-3.399999999942338e-05,-4.0000000041118255e-06,2413,0,1,1,0,1,0,1.0999999999999999,3534.8812434548463,90.26912388732394,10239.844395633776,70,0
1059.25,1.3,10.5,-2.4,2458.3071,83.47569,-0.6244999999998981,-0.001099999999951251,0.00029999999969732016,-0.004176000000001068,-2.200000000129876e-05,1.1999999998124622e-05,2414,0,1,1,0,1,0,1.0999999999999999,3534.4354570600412,90.26631087122153,10242.794364271775,71,0
1058.25,1.3,10.5,-2.4,2457.682,83.47149,-0.6251000000002023,-0.000600000000304135,0.0004999999996471161,-0.004199999999997317,-2.3999999996249244e-05,-1.9999999949504854e-06,2415,0,1,1,0,1,0,1.0999999999999999,3533.9897809602644,90.26349844536423,10245.743582789743,72,0
1059.25,1.3,10.5,-2.4,2457.0554,83.46726,-0.6265999999995984,-0.0014999999993960955,-0.0008999999990919605,-0.004230000000006839,-3.000000000952241e-05,-6.000000013273166e-06,2416,0,1,1,0,1,0,1.0999999999999999,3533.544214398014,90.26068659660736,10248.692049387682,73,0
1059.0,1.3,10.5,-2.4,2456.4277,83.463005,-0.6277000000000044,-0.0011000000004059984,0.0003999999989900971,-0.004255000000000564,-2.4999999993724487e-05,5.000000015797923e-06,2417,0,1,1,0,1,0,1.0999999999999999,3533.098756782465,90.25787531389578,10251.63976274559,74,0
1059.0,1.3,10.5,-2.4,2455.7993,83.458725,-0.628400000000056,-0.0007000000000516593,0.00040000000035433914,-0.004279999999994288,-2.4999999993724487e-05,0.0,2418,0,1,1,0,1,0,1.0999999999999999,3532.6534076891276,90.25506458619265,10254.586722023469,75,0
1057.75,1.3,10.5,-2.4,2455.1697,83.45442,-0.6296000000002095,-0.0012000000001535227,-0.0005000000001018634,-0.004305000000002224,-2.500000000793534e-05,-1.4210854715202004e-14,2419,0,1,1,0,1,0,1.0999999999999999,3532.2081664876036,90.25225440247934,10257.532925781317,76,0
1055.75,1.3,10.5,-2.4,2454.5388,83.45008,-0.6309000000001106,-0.001299999999901047,-9.999999974752427e-05,-0.004339999999999122,-3.499999999689862e-05,-9.999999988963282e-06,2420,0,1,1,0,1,0,1.0999999999999999,3531.763032507228,90.24944474762495,10260.478372459134,77,0
1055.75,1.3,10.5,-2.4,2453.907,83.44572,-0.6317999999996573,-0.0008999999995467078,0.00040000000035433914,-0.004360000000005471,-2.0000000006348273e-05,1.499999999055035e-05,2421,0,1,1,0,1,0,1.0999999999999999,3531.3180052436,90.24663561271676,10263.423060976922,78,0
1056.75,1.3,10.5,-2.4,2453.274,83.44133,-0.6330000000002656,-0.00120000000060827,-0.0003000000010615622,-0.004390000000000782,-2.9999999995311555e-05,-9.999999988963282e-06,2422,0,1,1,0,1,0,1.0999999999999999,3530.873084069335,90.24382698472967,10266.36698989468,79,0
1057.75,1.3,10.5,-2.4,2452.64,83.43691,-0.6340000000000146,-0.0009999999997489795,0.0002000000008592906,-0.004419999999996094,-2.9999999995311555e-05,0.0,2423,0,1,1,0,1,0,1.0999999999999999,3530.428268440594,90.24101885066007,10269.310158012406,80,0
1059.25,1.3,10.5,-2.4,2452.0046,83.432465,-0.6353999999996631,-0.0013999999996485712,-0.0003999999998995918,-0.004445000000004029,-2.500000000793534e-05,4.9999999873762135e-06,2424,0,1,1,0,1,0,1.0999999999999999,3529.9835576494843,90.23821119958762,10272.252563650103,81,0
1059.0,1.3,10.5,-2.4,2451.3684,83.42799,-0.6362000000003718,-0.0008000000007086783,0.000599999998939893,-0.004474999999999341,-2.9999999995311555e-05,-4.9999999873762135e-06,2425,0,1,1,0,1,0,1.0999999999999999,3529.538951236603,90.23540401854905,10275.194205847769,82,0
1059.75,1.3,10.5,-2.4,2450.731,83.42349,-0.6373999999996158,-0.001199999999244028,-0.00039999999853534973,-0.004499999999993065,-2.4999999993724487e-05,5.000000001587068e-06,2426,0,1,1,0,1,0,1.0999999999999999,3529.094448578492,90.23259729666255,10278.135083165404,83,0
1060.75,1.3,10.5,-2.4,2450.0925,83.41896,-0.6385000000000218,-0.0011000000004059984,9.999999883802957e-05,-0.0045300000000025875,-3.000000000952241e-05,-5.000000015797923e-06,2427,0,1,1,0,1,0,1.0999999999999999,3528.6500490939043,90.22979102100494,10281.075194283008,84,0
1059.25,1.3,10.5,-2.4,2449.4526,83.414406,-0.6399000000001251,-0.0014000000001033186,-0.00029999999969732016,-0.004553999999998837,-2.3999999996249244e-05,6.000000013273166e-06,2428,0,1,1,0,1,0,1.0999999999999999,3528.205752079045,90.2269851811445,10284.014537520581,85,0
1060.25,1.3,10.5,-2.4,2448.812,83.40981,-0.6406000000001768,-0.0007000000000516593,0.0007000000000516593,-0.004596000000006484,-4.200000000764703e-05,-1.8000000011397788e-05,2429,0,1,1,0,1,0,1.0999999999999999,3527.7615571193414,90.22417975925926,10286.953112038125,86,0
1060.25,1.3,10.5,-2.4,2448.17,83.4052,-0.6419999999998254,-0.0013999999996485712,-0.000699999999596912,-0.004609999999999559,-1.3999999993075107e-05,2.8000000014571924e-05,2430,0,1,1,0,1,0,1.0999999999999999,3527.317463512957,90.22137474907446,10289.890916155637,87,0
1059.25,1.3,10.5,-2.4,2447.5269,83.40055,-0.6431000000002314,-0.0011000000004059984,0.0002999999992425728,-0.004649999999998045,-3.999999999848569e-05,-2.6000000005410584e-05,2431,0,1,1,0,1,0,1.0999999999999999,3526.8734706825658,90.21857013363487,10292.827948553118,88,0
1060.25,1.3,10.5,-2.4,2446.8823,83.39588,-0.6445999999996275,-0.0014999999993960955,-0.0003999999989900971,-0.004669999999990182,-1.9999999992137418e-05,2.0000000006348273e-05,2432,0,1,1,0,1,0,1.0999999999999999,3526.429577887382,90.21576590423345,10295.764207430568,89,0
1060.75,1.3,10.5,-2.4,2446.237,83.391174,-0.6453000000001339,-0.0007000000005064066,0.0007999999988896889,-0.004705999999998767,-3.600000000858472e-05,-1.6000000016447302e-05,2433,0,1,1,0,1,0,1.0999999999999999,3525.9857847165163,90.21296204560394,10298.699691947988,90,0
1060.75,1.3,10.5,-2.4,2445.5903,83.386444,-0.6467000000002372,-0.0014000000001033186,-0.000699999999596912,-0.004730000000009227,-2.40000000104601e-05,1.1999999998124622e-05,2434,0,1,1,0,1,0,1.0999999999999999,3525.542090472279,90.21015854743327,10301.634400425375,91,0
1061.75,1.3,10.5,-2.4,2444.9424,83.381676,-0.647899999999936,-0.0011999999996987754,0.00020000000040454324,-0.004767999999998551,-3.799999998932435e-05,-1.3999999978864253e-05,2435,0,1,1,0,1,0,1.0999999999999999,3525.09849454023,90.20735539367817,10304.568331422734,92,0
1061.25,1.3,10.5,-2.4,2444.2935,83.376884,-0.648899999999685,-0.0009999999997489795,0.0001999999999497959,-0.0047919999999948,-2.3999999996249244e-05,1.3999999993075107e-05,2436,0,1,1,0,1,0,1.0999999999999999,3524.6549963890025,90.20455257406648,10307.50148374006,93,0
1062.75,1.3,10.5,-2.4,2443.6433,83.37206,-0.6502000000000407,-0.0013000000003557943,-0.00030000000060681487,-0.004823999999999273,-3.2000000004472895e-05,-8.000000008223651e-06,2437,0,1,1,0,1,0,1.0999999999999999,3524.211595365053,90.20175007506153,10310.433855817355,94,0
1062.25,1.3,10.5,-2.4,2442.9917,83.36721,-0.6516000000001441,-0.0014000000001033186,-9.999999974752427e-05,-0.004850000000004684,-2.6000000005410584e-05,5.999999999062311e-06,2438,0,1,1,0,1,0,1.0999999999999999,3523.7682907749077,90.19894788560886,10313.365445974618,95,0
1063.25,1.3,10.5,-2.4,2442.339,83.36233,-0.6527000000000953,-0.001099999999951251,0.0003000000001520675,-0.0048799999999999955,-2.9999999995311555e-05,-3.999999989900971e-06,2439,0,1,1,0,1,0,1.0999999999999999,3523.3250820491808,90.19614599303279,10316.29625289185,96,0
1062.75,1.3,10.5,-2.4,2441.6853,83.35741,-0.6536999999998443,-0.0009999999997489795,0.00010000000020227162,-0.004919999999998481,-3.999999999848569e-05,-1.0000000003174137e-05,2440,0,1,1,0,1,0,1.0999999999999999,3522.8819686603856,90.19334438058173,10319.22627536905,97,0
1062.5,1.3,10.5,-2.4,2441.0303,83.35246,-0.6550000000002001,-0.0013000000003557943,-0.00030000000060681487,-0.0049500000000080036,-3.000000000952241e-05,9.999999988963282e-06,2441,0,1,1,0,1,0,1.0999999999999999,3522.4389499590498,90.19054303562653,10322.15551184622,98,0
1063.75,1.3,10.5,-2.4,2440.374,83.34749,-0.6563000000001011,-0.001299999999901047,4.547473508864641e-13,-0.004970000000000141,-1.9999999992137418e-05,1.0000000017384991e-05,2442,0,1,1,0,1,0,1.0999999999999999,3521.996025296766,90.18774194965206,10325.083960763359,99,0
1064.75,1.3,10.5,-2.4,2439.7166,83.34248,-0.6573999999995976,-0.0010999999994965037,0.00020000000040454324,-0.005009999999998627,-3.999999999848569e-05,-2.0000000006348273e-05,2443,0,1,1,0,1,0,1.0999999999999999,3521.55319410802,90.1849411059738,10328.011620800466,100,0
1065.75,1.3,10.5,-2.4,2439.0576,83.33744,-0.6590000000001055,-0.0016000000005078618,-0.0005000000010113581,-0.005039999999993938,-2.9999999995311555e-05,1.0000000003174137e-05,2444,0,1,1,0,1,0,1.0999999999999999,3521.1104556237215,90.18214049202454,10330.938490037539,101,0
1068.25,1.3,10.5,-2.4,2438.3977,83.332375,-0.659900000000107,-0.0009000000000014552,0.0007000000005064066,-0.0050650000000018736,-2.500000000793534e-05,4.9999999873762135e-06,2445,0,1,1,0,1,0,1.0999999999999999,3520.667809362224,90.17934009730172,10333.864567394583,102,0
1067.75,1.3,10.5,-2.4,2437.7366,83.32727,-0.6610999999998057,-0.0011999999996987754,-0.00029999999969732016,-0.005105000000000359,-3.999999999848569e-05,-1.499999999055035e-05,2446,0,1,1,0,1,0,1.0999999999999999,3520.2252547200655,90.17653990519003,10336.789851431595,103,0
1067.25,1.3,10.5,-2.4,2437.074,83.322136,-0.6626000000001113,-0.0015000000003055902,-0.00030000000060681487,-0.0051339999999981956,-2.8999999997836312e-05,1.100000000064938e-05,2447,0,1,1,0,1,0,1.0999999999999999,3519.782790972222,90.17373990359478,10339.714340348573,104,0
1067.25,1.3,10.5,-2.4,2436.4102,83.31697,-0.6638000000002648,-0.0012000000001535227,0.0003000000001520675,-0.0051660000000026685,-3.2000000004472895e-05,-3.000000006636583e-06,2448,0,1,1,0,1,0,1.0999999999999999,3519.3404175173537,90.17094007921601,10342.638032705521,105,0
1067.25,1.3,10.5,-2.4,2435.745,83.311775,-0.6651999999999134,-0.0013999999996485712,-0.00019999999949504854,-0.005195000000000505,-2.8999999997836312e-05,3.000000006636583e-06,2449,0,1,1,0,1,0,1.0999999999999999,3518.8981336734696,90.16814042,10345.560926822436,106,0
1068.25,1.3,10.5,-2.4,2435.0789,83.30654,-0.6660999999999149,-0.0009000000000014552,0.0004999999996471161,-0.0052349999999989905,-3.999999999848569e-05,-1.100000000064938e-05,2450,0,1,1,0,1,0,1.0999999999999999,3518.4559389636884,90.16534090942473,10348.48302161932,107,0
1066.75,1.3,10.5,-2.4,2434.4111,83.301285,-0.6678000000001703,-0.0017000000002553861,-0.0008000000002539309,-0.005255000000005339,-2.0000000006348273e-05,1.9999999992137418e-05,2451,0,1,1,0,1,0,1.0999999999999999,3518.0138325856446,90.1625415391517,10351.404315056172,108,0
1067.75,1.3,10.5,-2.4,2433.7424,83.29598,-0.668699999999717,-0.0008999999995467078,0.0008000000007086783,-0.005304999999992788,-4.999999998744897e-05,-2.99999999811007e-05,2452,0,1,1,0,1,0,1.0999999999999999,3517.5718140644112,90.15974228862616,10354.324806052991,109,0
1068.25,1.3,10.5,-2.4,2433.0723,83.29066,-0.670100000000275,-0.001400000000558066,-0.0005000000010113581,-0.005319999999997549,-1.5000000004761205e-05,3.499999998268777e-05,2453,0,1,1,0,1,0,1.0999999999999999,3517.1298827220867,90.15694315158925,10357.24449292978,110,0
1067.75,1.2,10.5,-2.4,2432.4006,83.28529,-0.6716999999998734,-0.0015999999995983671,-0.0001999999990403012,-0.005369999999999209,-5.000000000165983e-05,-3.499999999689862e-05,2454,0,1,1,0,1,0,1.2,3516.688037800407,90.15414410753564,10360.163373766534,111,0
1065.75,1.2,10.5,-2.4,2431.728,83.2799,-0.6725999999998749,-0.0009000000000014552,0.000699999999596912,-0.005390000000005557,-2.0000000006348273e-05,2.9999999995311555e-05,2455,0,1,1,0,1,0,1.2,3516.2462788273615,90.15134514820848,10363.081447483259,112,0
1065.75,1.2,10.5,-2.4,2431.054,83.274475,-0.6739999999999782,-0.0014000000001033186,-0.0005000000001018634,-0.005425000000002456,-3.499999999689862e-05,-1.499999999055035e-05,2456,0,1,1,0,1,0,1.2,3515.804605128205,90.14854625925926,10365.998712399949,113,0
1064.75,1.2,10.5,-2.4,2430.3784,83.26901,-0.6756000000000313,-0.0016000000000531145,-0.0001999999999497959,-0.005465000000000941,-3.999999999848569e-05,-5.000000001587068e-06,2457,0,1,1,0,1,0,1.2,3515.363015947925,90.14574742432873,10368.915166596607,114,0
1065.75,1.2,10.5,-2.4,2429.7017,83.26352,-0.6766999999999825,-0.001099999999951251,0.0005000000001018634,-0.005489999999994666,-2.4999999993724487e-05,1.5000000004761205e-05,2458,0,1,1,0,1,0,1.2,3514.9215107360715,90.14294863318422,10371.830808753231,115,0
1064.75,1.2,10.5,-2.4,2429.0237,83.25799,-0.6779999999998836,-0.001299999999901047,-0.0001999999999497959,-0.0055299999999931515,-3.999999999848569e-05,-1.5000000004761205e-05,2459,0,1,1,0,1,0,1.2,3514.4800888617888,90.1401498695122,10374.745637309825,116,0
1064.75,1.2,10.5,-2.4,2428.3442,83.252426,-0.6795000000001892,-0.0015000000003055902,-0.00020000000040454324,-0.005564000000006786,-3.4000000013634235e-05,5.999999984851456e-06,2460,0,1,1,0,1,0,1.2,3514.0387496139783,90.13735111946363,10377.659650466387,117,0
1064.75,1.2,10.5,-2.4,2427.6636,83.246826,-0.6806000000001404,-0.001099999999951251,0.00040000000035433914,-0.00560000000000116,-3.5999999994373866e-05,-1.9999999807396307e-06,2461,0,1,1,0,1,0,1.2,3513.5974924451666,90.13455236839968,10380.572846902915,118,0
1066.25,1.2,10.5,-2.4,2426.9814,83.241196,-0.6821999999997388,-0.0015999999995983671,-0.0004999999996471161,-0.005629999999996471,-2.9999999995311555e-05,5.999999999062311e-06,2462,0,1,1,0,1,0,1.2,3513.1563166057654,90.1317536041413,10383.485224699409,119,0
1067.25,1.2,10.5,-2.4,2426.2979,83.235535,-0.6835000000000946,-0.0013000000003557943,0.0002999999992425728,-0.005661000000003469,-3.100000000699765e-05,-1.0000000116860974e-06,2463,0,1,1,0,1,0,1.2,3512.715221469156,90.12895481412338,10386.396782295871,120,0
1066.25,1.2,10.5,-2.4,2425.613,83.22983,-0.6849000000001979,-0.0014000000001033186,-9.999999974752427e-05,-0.0057049999999918555,-4.399999998838666e-05,-1.299999998138901e-05,2464,0,1,1,0,1,0,1.2,3512.2742063691685,90.12615598052739,10389.307518012301,121,0
1066.25,1.2,10.5,-2.4,2424.927,83.2241,-0.6859999999996944,-0.0010999999994965037,0.00030000000060681487,-0.005729999999999791,-2.500000000793534e-05,1.899999998045132e-05,2465,0,1,1,0,1,0,1.2,3511.833270762368,90.12335709326845,10392.217430528697,122,0
1066.25,1.2,10.5,-2.4,2424.2393,83.21832,-0.6876999999999498,-0.0017000000002553861,-0.0006000000007588824,-0.005780000000001451,-5.000000000165983e-05,-2.4999999993724487e-05,2466,0,1,1,0,1,0,1.2,3511.392413862992,90.1205581321443,10395.12651780506,123,0
1066.25,1.2,10.5,-2.4,2423.5505,83.21252,-0.6888000000003558,-0.0011000000004059984,0.0005999999998493877,-0.005800000000007799,-2.0000000006348273e-05,2.9999999995311555e-05,2467,0,1,1,0,1,0,1.2,3510.95163512966,90.117759089141,10398.03477852139,124,0
1066.25,1.2,10.5,-2.4,2422.86,83.20668,-0.6904999999997017,-0.0016999999993458914,-0.000599999998939893,-0.005839999999992074,-3.9999999984274837e-05,-1.9999999977926564e-05,2468,0,1,1,0,1,0,1.2,3510.510933778858,90.11495994815715,10400.942210637688,125,0
1066.25,1.2,10.5,-2.4,2422.1685,83.2008,-0.6914999999999054,-0.0010000000002037268,0.0006999999991421646,-0.00588000000000477,-4.0000000012696546e-05,-2.842170943040401e-14,2469,0,1,1,0,1,0,1.2,3510.0703093117413,90.11216069311742,10403.848812953953,126,0
1065.75,1.2,10.5,-2.4,2421.4753,83.194885,-0.6932000000001608,-0.0017000000002553861,-0.0007000000000516593,-0.005915000000001669,-3.499999999689862e-05,5.000000015797923e-06,2470,0,1,1,0,1,0,1.2,3509.629760946985,90.10936130999595,10406.754583430184,127,0
1064.25,1.2,10.5,-2.4,2420.7808,83.188934,-0.6945000000000618,-0.001299999999901047,0.00040000000035433914,-0.005950999999996043,-3.5999999994373866e-05,-9.999999974752427e-07,2471,0,1,1,0,1,0,1.2,3509.189288066343,90.10656178438511,10409.65952050638,128,0
1063.25,1.2,10.5,-2.4,2420.0847,83.18295,-0.696100000000115,-0.0016000000000531145,-0.0003000000001520675,-0.005983999999997991,-3.300000000194814e-05,2.999999992425728e-06,2472,0,1,1,0,1,0,1.2,3508.7488899312575,90.10376210311362,10412.563622262545,129,0
1063.5,1.2,10.5,-2.4,2419.3875,83.17693,-0.6972000000000662,-0.001099999999951251,0.0005000000001018634,-0.006020000000006576,-3.600000000858472e-05,-3.000000006636583e-06,2473,0,1,1,0,1,0,1.2,3508.3085660064676,90.10096225181891,10415.466887378676,130,0
1063.25,1.2,10.5,-2.4,2418.6887,83.170876,-0.6987999999996646,-0.0015999999995983671,-0.0004999999996471161,-0.006053999999991788,-3.3999999985212526e-05,2.000000023372195e-06,2474,0,1,1,0,1,0,1.2,3507.8683155555555,90.0981622169697,10418.369313934772,131,0
1063.0,1.2,10.5,-2.4,2417.9885,83.16478,-0.7002000000002226,-0.001400000000558066,0.0001999999990403012,-0.006096000000013646,-4.2000000021857886e-05,-8.00000003664536e-06,2475,0,1,1,0,1,0,1.2,3507.4281379240706,90.09536198182553,10421.270900250836,132,0
1062.75,1.2,10.5,-2.4,2417.2869,83.158646,-0.7015999999998712,-0.0013999999996485712,9.094947017729282e-13,-0.0061339999999887596,-3.7999999975113496e-05,4.00000004674439e-06,2476,0,1,1,0,1,0,1.2,3506.9880324586193,90.09256153128784,10424.171644646865,133,0
1063.25,1.2,10.5,-2.4,2416.5837,83.15248,-0.7031999999999243,-0.0016000000000531145,-0.00020000000040454324,-0.006166000000007443,-3.200000001868375e-05,5.999999956429747e-06,2477,0,1,1,0,1,0,1.2,3506.5479984261497,90.08976085270379,10427.071545202862,134,0
1062.25,1.2,10.5,-2.4,2415.8792,83.14627,-0.7045000000002801,-0.0013000000003557943,0.00029999999969732016,-0.00620999999999583,-4.399999998838666e-05,-1.1999999969702912e-05,2478,0,1,1,0,1,0,1.2,3506.108035215813,90.08695992860024,10429.970600358824,135,0
1062.5,1.2,10.5,-2.4,2415.173,83.14003,-0.7062000000000808,-0.0016999999998006388,-0.00039999999944484443,-0.006240000000005352,-3.000000000952241e-05,1.3999999978864253e-05,2479,0,1,1,0,1,0,1.2,3505.6681420564514,90.08415874717741,10432.868808074752,136,0
1062.75,1.2,10.5,-2.4,2414.4658,83.13375,-0.7071999999998297,-0.0009999999997489795,0.0007000000000516593,-0.006279999999989627,-3.9999999984274837e-05,-9.999999974752427e-06,2480,0,1,1,0,1,0,1.2,3505.2283184602984,90.08135729262395,10435.766167150647,137,0
1066.25,1.2,10.5,-2.4,2413.7568,83.12743,-0.7089999999998327,-0.0018000000000029104,-0.0008000000002539309,-0.006320000000002324,-4.0000000012696546e-05,-2.842170943040401e-14,2481,0,1,1,0,1,0,1.2,3504.78856361805,90.0785555491539,10438.662675426507,138,0
1066.25,1.2,10.5,-2.4,2413.0464,83.12108,-0.710399999999936,-0.0014000000001033186,0.0003999999998995918,-0.006349999999997635,-2.9999999995311555e-05,1.0000000017384991e-05,2482,0,1,1,0,1,0,1.2,3504.348876882803,90.07575350503424,10441.558331222333,139,0
1065.25,1.2,10.5,-2.4,2412.3345,83.114685,-0.7119000000002416,-0.0015000000003055902,-0.00010000000020227162,-0.006395000000011919,-4.5000000014283614e-05,-1.500000001897206e-05,2483,0,1,1,0,1,0,1.2,3503.9092575684376,90.07295114251207,10444.453132738125,140,0
1066.25,1.2,10.5,-2.4,2411.621,83.10825,-0.7134999999998399,-0.0015999999995983671,-9.999999929277692e-05,-0.006434999999996194,-3.9999999984274837e-05,5.000000030008778e-06,2484,0,1,1,0,1,0,1.2,3503.4697049496986,90.07014844587526,10447.347078053883,141,0
1064.75,1.2,10.5,-2.4,2410.9062,83.10178,-0.7148000000001957,-0.0013000000003557943,0.0002999999992425728,-0.006469999999993092,-3.499999999689862e-05,4.9999999873762135e-06,2485,0,1,1,0,1,0,1.2,3503.0302184231696,90.06734540144811,10450.240165609606,142,0
1066.25,1.2,10.5,-2.4,2410.19,83.09527,-0.7161999999998443,-0.0013999999996485712,-9.999999929277692e-05,-0.006510000000005789,-4.0000000012696546e-05,-5.000000015797923e-06,2486,0,1,1,0,1,0,1.2,3502.5907973462,90.06454199356655,10453.132393725296,143,0
1066.0,1.2,10.5,-2.4,2409.4722,83.08872,-0.7177999999998974,-0.0016000000000531145,-0.00020000000040454324,-0.006550000000004275,-3.999999999848569e-05,1.4210854715202004e-14,2487,0,1,1,0,1,0,1.2,3502.1514409967845,90.06173820659164,10456.02376048095,144,0
1065.75,1.2,10.5,-2.4,2408.7527,83.08214,-0.7195000000001528,-0.0017000000002553861,-0.00010000000020227162,-0.006579999999999586,-2.9999999995311555e-05,1.0000000003174137e-05,2488,0,1,1,0,1,0,1.2,3501.7121486139017,90.05893402892728,10458.91426383657,145,0
1064.25,1.2,10.5,-2.4,2408.0317,83.07551,-0.7210000000000036,-0.0014999999998508429,0.00020000000040454324,-0.006630000000001246,-5.000000000165983e-05,-2.0000000006348273e-05,2489,0,1,1,0,1,0,1.2,3501.272919518072,90.05612944096386,10461.803901992156,146,0
1062.75,1.2,10.5,-2.4,2407.3093,83.06885,-0.722400000000107,-0.0014000000001033186,9.999999974752427e-05,-0.0066599999999965576,-2.9999999995311555e-05,2.0000000006348273e-05,2490,0,1,1,0,1,0,1.2,3500.833753071056,90.05332443115215,10464.692673267708,147,0
1063.25,1.2,10.5,-2.4,2406.5854,83.06214,-0.7238999999999578,-0.0014999999998508429,-9.999999974752427e-05,-0.006709999999998217,-5.000000000165983e-05,-2.0000000006348273e-05,2491,0,1,1,0,1,0,1.2,3500.3946485955053,90.0505189799358,10467.580575863223,148,0
1064.25,1.2,10.5,-2.4,2405.8599,83.0554,-0.7255000000000109,-0.0016000000000531145,-0.00010000000020227162,-0.006739999999993529,-2.9999999995311555e-05,2.0000000006348273e-05,2492,0,1,1,0,1,0,1.2,3499.9556053750503,90.04771307581227,10470.467607858704,149,0
1065.25,1.2,10.5,-2.4,2405.1328,83.048615,-0.727100000000064,-0.0016000000000531145,0.0,-0.0067850000000078126,-4.5000000014283614e-05,-1.500000001897206e-05,2493,0,1,1,0,1,0,1.2,3499.516622694467,90.04490670128308,10473.35376733415,150,0
1067.25,1.2,10.5,-2.4,2404.4043,83.041794,-0.7284999999997126,-0.0013999999996485712,0.00020000000040454324,-0.006821000000002186,-3.5999999994373866e-05,9.000000019909749e-06,2494,0,1,1,0,1,0,1.2,3499.07769991984,90.04209984248497,10476.239052609562,151,0
1067.0,1.2,10.5,-2.4,2403.6743,83.03493,-0.7300000000000182,-0.0015000000003055902,-0.00010000000065701897,-0.006863999999993098,-4.299999999091142e-05,-6.999999996537554e-06,2495,0,1,1,0,1,0,1.2,3498.638836378205,90.03929248277244,10479.123461884938,152,0
1066.25,1.2,10.5,-2.4,2402.9426,83.02802,-0.7317000000002736,-0.0017000000002553861,-0.0001999999999497959,-0.006910000000004857,-4.600000001175886e-05,-3.0000000208474376e-06,2496,0,1,1,0,1,0,1.2,3498.200031317581,90.0364846043252,10482.00699312028,153,0
1066.25,1.2,10.5,-2.4,2402.2092,83.02108,-0.7334000000000742,-0.0016999999998006388,4.547473508864641e-13,-0.006940000000000168,-2.9999999995311555e-05,1.6000000016447302e-05,2497,0,1,1,0,1,0,1.2,3497.76128398719,90.0336761957566,10484.889644275585,154,0
1066.5,1.2,10.5,-2.4,2401.4744,83.01409,-0.7347999999997228,-0.0013999999996485712,0.0003000000001520675,-0.006990000000001828,-5.000000000165983e-05,-2.0000000006348273e-05,2498,0,1,1,0,1,0,1.2,3497.3225937575035,90.03086723769508,10487.771413670856,155,0
1067.25,1.2,10.5,-2.4,2400.738,83.007065,-0.7364000000002306,-0.0016000000005078618,-0.0002000000008592906,-0.007024999999998727,-3.499999999689862e-05,1.5000000004761205e-05,2499,0,1,1,0,1,0,1.2,3496.8839599200005,90.0280577168,10490.652299386093,156,0
1067.25,1.2,10.5,-2.4,2400.0,83.0,-0.737999999999829,-0.0015999999995983671,9.094947017729282e-13,-0.007064999999997212,-3.999999999848569e-05,-5.000000001587068e-06,2500,0,1,1,0,1,0,1.2,3496.4453817672934,90.02524761775291,10493.532299501292,157,0
1067.5,1.2,10.5,-2.4,2399.2605,82.99289,-0.7395000000001346,-0.0015000000003055902,9.999999929277692e-05,-0.007109999999997285,-4.500000000007276e-05,-5.000000001587068e-06,2501,0,1,1,0,1,0,1.2,3496.0068586330935,90.0224369232614,10496.411412216456,158,0
1067.75,1.2,10.5,-2.4,2398.5193,82.98574,-0.7411999999999352,-0.0016999999998006388,-0.00019999999949504854,-0.007149999999995771,-3.999999999848569e-05,5.000000001587068e-06,2502,0,1,1,0,1,0,1.2,3495.5683897722733,90.01962561805833,10499.289635491585,159,0
1067.25,1.2,10.5,-2.4,2397.7764,82.97855,-0.7428999999997359,-0.0016999999998006388,0.0,-0.007190000000008467,-4.0000000012696546e-05,-1.4210854715202004e-14,2503,0,1,1,0,1,0,1.2,3495.129974440895,90.01681368690096,10502.16696728668,160,0
1065.25,1.2,10.5,-2.4,2397.0322,82.97132,-0.7442000000000917,-0.0013000000003557943,0.00039999999944484443,-0.007229999999992742,-3.9999999984274837e-05,2.842170943040401e-14,2504,0,1,1,0,1,0,1.2,3494.691612055888,90.01400111457086,10505.043406041736,161,0
1065.25,1.2,10.5,-2.4,2396.2864,82.96405,-0.7458000000001448,-0.0016000000000531145,-0.00029999999969732016,-0.007270000000005439,-4.0000000012696546e-05,-2.842170943040401e-14,2505,0,1,1,0,1,0,1.2,3494.2533019154025,90.01118788587391,10507.918949836758,162,0
1065.75,1.2,10.5,-2.4,2395.5388,82.95674,-0.7476000000001477,-0.0018000000000029104,-0.0001999999999497959,-0.0073100000000039245,-3.999999999848569e-05,1.4210854715202004e-14,2506,0,1,1,0,1,0,1.2,3493.815043238931,90.0083739856402,10510.793596511743,163,0
1065.75,1.2,10.5,-2.4,2394.7898,82.94939,-0.7489999999997963,-0.0013999999996485712,0.00040000000035433914,-0.00735000000000241,-3.999999999848569e-05,0.0,2507,0,1,1,0,1,0,1.2,3493.3768354066983,90.00555939872407,10513.667344386693,164,0
1066.25,1.2,10.5,-2.4,2394.0393,82.94199,-0.7505000000001019,-0.0015000000003055902,-0.00010000000065701897,-0.007399999999989859,-4.999999998744897e-05,-9.999999988963282e-06,2508,0,1,1,0,1,0,1.2,3492.938677760064,90.00274410601834,10516.540191661608,165,0
1066.75,1.2,10.5,-2.4,2393.2874,82.934555,-0.7518999999997504,-0.0013999999996485712,0.00010000000065701897,-0.007435000000000969,-3.500000001110948e-05,1.4999999976339495e-05,2509,0,1,1,0,1,0,1.2,3492.500569681275,89.99992809442232,10519.412136656485,166,0
1065.25,1.2,10.5,-2.4,2392.5337,82.92708,-0.7537000000002081,-0.0018000000004576577,-0.0004000000008090865,-0.007474999999999454,-3.999999999848569e-05,-4.9999999873762135e-06,2510,0,1,1,0,1,0,1.2,3492.0625103942652,89.99711134886499,10522.283177211328,167,0
1064.25,1.2,10.5,-2.4,2391.7788,82.91956,-0.7548999999999069,-0.0011999999996987754,0.0006000000007588824,-0.007519999999999527,-4.500000000007276e-05,-5.000000001587068e-06,2511,0,1,1,0,1,0,1.2,3491.624499363057,89.99429385230891,10525.153311886132,168,0
1065.25,1.2,10.5,-2.4,2391.0222,82.91201,-0.7566000000001623,-0.0017000000002553861,-0.0005000000005566108,-0.0075500000000090495,-3.000000000952241e-05,1.499999999055035e-05,2512,0,1,1,0,1,0,1.2,3491.186535853561,89.99147559371269,10528.022538640902,169,0
1065.0,1.2,10.5,-2.4,2390.2642,82.90442,-0.7579999999998108,-0.0013999999996485712,0.00030000000060681487,-0.007589999999993324,-3.9999999984274837e-05,-9.999999974752427e-06,2513,0,1,1,0,1,0,1.2,3490.7486192521874,89.98865655807478,10530.890855795635,170,0
1065.25,1.2,10.5,-2.4,2389.5044,82.89678,-0.7598000000002685,-0.0018000000004576577,-0.0004000000008090865,-0.007639999999994984,-5.000000000165983e-05,-1.0000000017384991e-05,2514,0,1,1,0,1,0,1.2,3490.310748787276,89.98583672644135,10533.75826119033,171,0
1066.75,1.2,10.5,-2.4,2388.7434,82.88911,-0.7609999999999673,-0.0011999999996987754,0.0006000000007588824,-0.0076700000000045065,-3.000000000952241e-05,1.9999999992137418e-05,2515,0,1,1,0,1,0,1.2,3489.8729239268678,89.98301608783784,10536.62475338499,172,0
1066.75,1.2,10.5,-2.4,2387.981,82.88139,-0.7623999999996158,-0.0013999999996485712,-0.0001999999999497959,-0.007720000000006166,-5.000000000165983e-05,-1.9999999992137418e-05,2516,0,1,1,0,1,0,1.2,3489.4351440603896,89.98019462336114,10539.490330699613,173,0
1066.75,1.2,10.5,-2.4,2387.217,82.873634,-0.7640000000001237,-0.0016000000005078618,-0.0002000000008592906,-0.00775600000000054,-3.5999999994373866e-05,1.4000000007285962e-05,2517,0,1,1,0,1,0,1.2,3488.997408498809,89.97737231969816,10542.354991214199,174,0
1065.75,1.2,10.5,-2.4,2386.4517,82.86584,-0.7653000000000247,-0.001299999999901047,0.00030000000060681487,-0.007793999999989865,-3.799999998932435e-05,-1.9999999949504854e-06,2518,0,1,1,0,1,0,1.2,3488.559716673283,89.974549162763,10545.218733368749,175,0
1066.0,1.2,10.5,-2.4,2385.6846,82.858,-0.7671000000000276,-0.0018000000000029104,-0.0005000000001018634,-0.007840000000001623,-4.600000001175886e-05,-8.000000022434506e-06,2519,0,1,1,0,1,0,1.2,3488.12206781746,89.97172513531747,10548.081555003262,176,0
1065.75,1.2,10.5,-2.4,2384.9163,82.85013,-0.7683000000001812,-0.0012000000001535227,0.0005999999998493877,-0.007870000000011146,-3.000000000952241e-05,1.6000000002236447e-05,2520,0,1,1,0,1,0,1.2,3487.6844614042047,89.96890022649741,10550.943454677737,177,0
1066.75,1.2,10.5,-2.4,2384.1467,82.84222,-0.7696000000000822,-0.001299999999901047,-9.999999974752427e-05,-0.00790999999999542,-3.9999999984274837e-05,-9.999999974752427e-06,2521,0,1,1,0,1,0,1.2,3487.2468968675657,89.96607442149089,10553.804430832177,178,0
1066.75,1.2,10.5,-2.4,2383.3755,82.83427,-0.7711999999996806,-0.0015999999995983671,-0.00029999999969732016,-0.007949999999993906,-3.999999999848569e-05,-1.4210854715202004e-14,2522,0,1,1,0,1,0,1.2,3486.809373523583,89.96324770550932,10556.664481546579,179,0
1067.0,1.2,10.5,-2.4,2382.6028,82.82627,-0.7726999999999862,-0.0015000000003055902,9.999999929277692e-05,-0.008000000000009777,-5.000000001587068e-05,-1.0000000017384991e-05,2523,0,1,1,0,1,0,1.2,3486.3718907290017,89.96042005982567,10559.523605020944,180,0
1066.75,1.2,10.5,-2.4,2381.8289,82.81824,-0.7739000000001397,-0.0012000000001535227,0.0003000000001520675,-0.008029999999990878,-2.99999999811007e-05,2.0000000034769982e-05,2524,0,1,1,0,1,0,1.2,3485.934447960396,89.95759147366337,10562.381799815272,181,0
1066.75,1.2,10.5,-2.4,2381.0535,82.810165,-0.7753999999999905,-0.0014999999998508429,-0.00029999999969732016,-0.008075000000005161,-4.5000000014283614e-05,-1.5000000033182914e-05,2525,0,1,1,0,1,0,1.2,3485.4970445764056,89.95476193032462,10565.239064129562,182,0
1066.75,1.2,10.5,-2.4,2380.2769,82.802055,-0.7766000000001441,-0.0012000000001535227,0.00029999999969732016,-0.00811000000000206,-3.499999999689862e-05,1.0000000017384991e-05,2526,0,1,1,0,1,0,1.2,3485.0596800554017,89.95193141709537,10568.095396523815,183,0
1066.5,1.2,10.5,-2.4,2379.4985,82.79391,-0.7783999999996922,-0.001799999999548163,-0.0005999999993946403,-0.008144999999998959,-3.499999999689862e-05,0.0,2527,0,1,1,0,1,0,1.2,3484.622353639241,89.94909992128164,10570.950794838032,184,0
1065.75,1.2,10.5,-2.4,2378.719,82.78572,-0.7795000000000982,-0.0011000000004059984,0.0006999999991421646,-0.008189999999999031,-4.500000000007276e-05,-1.0000000003174137e-05,2528,0,1,1,0,1,0,1.2,3484.1850648477657,89.94626742625543,10573.80525775221,185,0
1066.75,1.2,10.5,-2.4,2377.9382,82.7775,-0.7807999999999993,-0.001299999999901047,-0.00019999999949504854,-0.008219999999994343,-2.9999999995311555e-05,1.5000000004761205e-05,2529,0,1,1,0,1,0,1.2,3483.74781312253,89.94343392134388,10576.65878370635,186,0
1068.75,1.2,10.5,-2.4,2377.156,82.769226,-0.7822000000001026,-0.0014000000001033186,-0.00010000000020227162,-0.008274000000000115,-5.400000000577165e-05,-2.40000000104601e-05,2530,0,1,1,0,1,0,1.2,3483.3105978664557,89.94059938640852,10579.511371020455,187,0
1067.75,1.3,10.5,-2.4,2376.3723,82.760925,-0.7836999999999534,-0.0014999999998508429,-9.999999974752427e-05,-0.008301000000003,-2.7000000002885827e-05,2.7000000002885827e-05,2531,0,1,1,0,1,0,1.0999999999999999,3482.873418443918,89.93776381200632,10582.36301789452,188,0
1068.75,1.3,10.5,-2.4,2375.5874,82.75258,-0.784900000000107,-0.0012000000001535227,0.00029999999969732016,-0.008345000000005598,-4.400000000259752e-05,-1.699999999971169e-05,2532,0,1,1,0,1,0,1.0999999999999999,3482.436274338729,89.93492718199764,10585.21372288855,189,0
1069.25,1.3,10.5,-2.4,2374.801,82.744194,-0.7863999999999578,-0.0014999999998508429,-0.00029999999969732016,-0.008386000000001559,-4.0999999995960934e-05,3.000000006636583e-06,2533,0,1,1,0,1,0,1.0999999999999999,3481.999164917127,89.93208948145225,10588.06348420254,190,0
1069.25,1.3,10.5,-2.4,2374.0134,82.73578,-0.7876000000001113,-0.0012000000001535227,0.00029999999969732016,-0.008413999999987709,-2.7999999986150215e-05,1.300000000981072e-05,2534,0,1,1,0,1,0,1.0999999999999999,3481.562089664694,89.92925070059172,10590.912300396492,191,0
1068.25,1.3,10.5,-2.4,2373.2246,82.72732,-0.7887999999998101,-0.0011999999996987754,4.547473508864641e-13,-0.008459999999999468,-4.600000001175886e-05,-1.8000000025608642e-05,2535,0,1,1,0,1,0,1.0999999999999999,3481.125048067823,89.9264108225552,10593.760170030406,192,0
1068.25,1.3,10.5,-2.4,2372.4343,82.71882,-0.7903000000001157,-0.0015000000003055902,-0.00030000000060681487,-0.008500000000012164,-4.0000000012696546e-05,5.999999999062311e-06,2536,0,1,1,0,1,0,1.0999999999999999,3480.688039495467,89.92356983287347,10596.607091304284,193,0
1069.25,1.3,10.5,-2.4,2371.6428,82.71029,-0.7914999999998145,-0.0011999999996987754,0.00030000000060681487,-0.008529999999993265,-2.99999999811007e-05,1.0000000031595846e-05,2537,0,1,1,0,1,0,1.0999999999999999,3480.251063435776,89.92072772104018,10599.453062778122,194,0
1068.75,1.3,10.5,-2.4,2370.8499,82.70171,-0.7928999999999178,-0.0014000000001033186,-0.00020000000040454324,-0.008579999999994925,-5.000000000165983e-05,-2.0000000020559128e-05,2538,0,1,1,0,1,0,1.0999999999999999,3479.814119298937,89.91788446868847,10602.298082771924,195,0
1067.75,1.3,10.5,-2.4,2370.056,82.6931,-0.7939000000001215,-0.0010000000002037268,0.0003999999998995918,-0.008610000000004447,-3.000000000952241e-05,1.9999999992137418e-05,2539,0,1,1,0,1,0,1.0999999999999999,3479.3772066535435,89.91504006535433,10605.142150085685,196,0
1068.75,1.3,10.5,-2.4,2369.2605,82.684456,-0.7955000000001746,-0.0016000000000531145,-0.0005999999998493877,-0.00864400000000387,-3.399999999942338e-05,-3.999999989900971e-06,2540,0,1,1,0,1,0,1.0999999999999999,3478.940324832743,89.91219449901614,10607.98526279941,197,0
1067.25,1.3,10.5,-2.4,2368.4639,82.675766,-0.7965999999996711,-0.0010999999994965037,0.0005000000005566108,-0.008690000000001419,-4.5999999997548e-05,-1.1999999998124622e-05,2541,0,1,1,0,1,0,1.0999999999999999,3478.503473367427,89.90934775295044,10610.827419593097,198,0
1067.5,1.3,10.5,-2.4,2367.6658,82.66704,-0.7980999999999767,-0.0015000000003055902,-0.0004000000008090865,-0.008725999999995793,-3.5999999994373866e-05,1.0000000003174137e-05,2542,0,1,1,0,1,0,1.0999999999999999,3478.066651631931,89.90649981439245,10613.668618666745,199,0
1067.25,1.3,11.5,-2.4,2366.8667,82.65828,-0.7991000000001804,-0.0010000000002037268,0.0005000000001018634,-0.008759999999995216,-3.399999999942338e-05,1.9999999949504854e-06,2543,0,1,1,0,1,0,1.0999999999999999,3477.629859198113,89.90365067138364,10616.508858820354,200,0
1065.75,1.3,11.5,-2.4,2366.0662,82.649475,-0.800499999999829,-0.0013999999996485712,-0.00039999999944484443,-0.0088050000000095,-4.5000000014283614e-05,-1.1000000014860234e-05,2544,0,1,1,0,1,0,1.0999999999999999,3477.1930954813356,89.90080030766208,10619.348138373925,201,0
1066.25,1.3,11.5,-2.4,2365.2646,82.64064,-0.801600000000235,-0.0011000000004059984,0.0002999999992425728,-0.0088349999999906,-2.99999999811007e-05,1.5000000033182914e-05,2545,0,1,1,0,1,0,1.0999999999999999,3476.7563600157114,89.89794871288295,10622.186456007457,202,0
1065.25,1.3,11.5,-2.4,2364.4617,82.63176,-0.8029000000001361,-0.001299999999901047,-0.00019999999949504854,-0.008880000000004884,-4.5000000014283614e-05,-1.5000000033182914e-05,2546,0,1,1,0,1,0,1.0999999999999999,3476.319652257558,89.89509587082843,10625.023810160952,203,0
1064.25,1.3,11.5,-2.4,2363.6577,82.62285,-0.8039999999996326,-0.0010999999994965037,0.00020000000040454324,-0.008910000000000196,-2.9999999995311555e-05,1.500000001897206e-05,2547,0,1,1,0,1,0,1.0999999999999999,3475.8829717425433,89.89224177119308,10627.860199514407,204,0
1065.25,1.3,11.5,-2.4,2362.8523,82.6139,-0.8054000000001906,-0.001400000000558066,-0.0003000000010615622,-0.008949999999998681,-3.999999999848569e-05,-1.0000000003174137e-05,2548,0,1,1,0,1,0,1.0999999999999999,3475.4463178893684,89.8893863997646,10630.695622387824,205,0
1065.5,1.3,11.5,-2.4,2362.046,82.60491,-0.8063000000001921,-0.0009000000000014552,0.0005000000005566108,-0.008989999999997167,-3.999999999848569e-05,0.0,2549,0,1,1,0,1,0,1.0999999999999999,3475.0096903137255,89.88652974235295,10633.530077701203,206,0
1065.5,1.3,11.5,-2.4,2361.238,82.59589,-0.8079999999999927,-0.0016999999998006388,-0.0007999999997991836,-0.00902000000000669,-3.000000000952241e-05,9.999999988963282e-06,2550,0,1,1,0,1,0,1.0999999999999999,3474.573088318307,89.88367178871032,10636.363563414543,207,0
1065.75,1.3,11.5,-2.4,2360.4292,82.58682,-0.8087999999997919,-0.0007999999997991836,0.0009000000000014552,-0.009069999999994138,-4.999999998744897e-05,-1.9999999977926564e-05,2551,0,1,1,0,1,0,1.0999999999999999,3474.136511559561,89.88081252076803,10639.196078567844,208,0
1065.25,1.3,11.5,-2.4,2359.6191,82.57773,-0.8101000000001477,-0.0013000000003557943,-0.0005000000005566108,-0.009090000000000487,-2.0000000006348273e-05,2.99999999811007e-05,2552,0,1,1,0,1,0,1.0999999999999999,3473.699959498629,89.87795193223658,10642.027621601104,209,0
1064.75,1.3,11.5,-2.4,2358.8079,82.56859,-0.811200000000099,-0.001099999999951251,0.00020000000040454324,-0.009140000000002146,-5.000000000165983e-05,-2.9999999995311555e-05,2553,0,1,1,0,1,0,1.0999999999999999,3473.263431675803,89.87509000509006,10644.858191194327,210,0
1065.25,1.3,11.5,-2.4,2357.9954,82.55942,-0.8125,-0.001299999999901047,-0.0001999999999497959,-0.009169999999997458,-2.9999999995311555e-05,2.0000000006348273e-05,2554,0,1,1,0,1,0,1.0999999999999999,3472.8269275538164,89.87222672915851,10647.687785787512,211,0
1065.0,1.3,11.5,-2.4,2357.182,82.55021,-0.8134000000000015,-0.0009000000000014552,0.0003999999998995918,-0.009209999999995944,-3.999999999848569e-05,-1.0000000003174137e-05,2555,0,1,1,0,1,0,1.0999999999999999,3472.390446752738,89.86936209037559,10650.516404300655,212,0
1064.75,1.3,11.5,-2.4,2356.3672,82.54096,-0.81479999999965,-0.0013999999996485712,-0.0004999999996471161,-0.00925000000000864,-4.0000000012696546e-05,-1.4210854715202004e-14,2556,0,1,1,0,1,0,1.0999999999999999,3471.9539886976922,89.86649607469691,10653.344045053762,213,0
1064.75,1.3,11.5,-2.4,2355.5513,82.53168,-0.815900000000056,-0.0011000000004059984,0.0002999999992425728,-0.009280000000003952,-2.9999999995311555e-05,1.0000000017384991e-05,2557,0,1,1,0,1,0,1.0999999999999999,3471.517552931978,89.86362867200938,10656.170706726829,214,0
1064.75,1.3,11.5,-2.4,2354.7341,82.52236,-0.8171999999999571,-0.001299999999901047,-0.00019999999949504854,-0.009319999999988227,-3.9999999984274837e-05,-9.999999988963282e-06,2558,0,1,1,0,1,0,1.0999999999999999,3471.081138921454,89.86075986830794,10658.996387759855,215,0
1064.5,1.3,11.5,-2.4,2353.916,82.51301,-0.8180999999999585,-0.0009000000000014552,0.0003999999998995918,-0.00935000000001196,-3.0000000023733264e-05,9.999999960541572e-06,2559,0,1,1,0,1,0,1.0999999999999999,3470.6447462890624,89.85788965351563,10661.821087072844,216,0
1064.75,1.3,11.5,-2.4,2353.097,82.50361,-0.81899999999996,-0.0009000000000014552,0.0,-0.009399999999999409,-4.999999998744897e-05,-1.999999996371571e-05,2560,0,1,1,0,1,0,1.0999999999999999,3470.208374658337,89.85501800976182,10664.644803585792,217,0
1063.75,1.3,11.5,-2.4,2352.2766,82.49419,-0.8204000000000633,-0.0014000000001033186,-0.0005000000001018634,-0.009419999999991546,-1.9999999992137418e-05,2.9999999995311555e-05,2561,0,1,1,0,1,0,1.0999999999999999,3469.7720234582357,89.85214493091335,10667.467535618702,218,0
1064.0,1.3,11.5,-2.4,2351.455,82.48472,-0.8216000000002168,-0.0012000000001535227,0.0001999999999497959,-0.009470000000007417,-5.000000001587068e-05,-3.0000000023733264e-05,2562,0,1,1,0,1,0,1.0999999999999999,3469.3356921966447,89.84927039914163,10670.289281731571,219,0
1061.75,1.3,11.5,-2.4,2350.6326,82.47522,-0.822400000000016,-0.0007999999997991836,0.00040000000035433914,-0.009500000000002728,-2.9999999995311555e-05,2.0000000020559128e-05,2563,0,1,1,0,1,0,1.0999999999999999,3468.899380538222,89.84639440444617,10673.110040964402,220,0
1061.5,1.3,11.5,-2.4,2349.809,82.46568,-0.8235999999997148,-0.0011999999996987754,-0.0003999999998995918,-0.009539999999987003,-3.9999999984274837e-05,-9.999999988963282e-06,2564,0,1,1,0,1,0,1.0999999999999999,3468.4630879922024,89.84351693294347,10675.929811877193,221,0
1061.25,1.3,11.5,-2.4,2348.9844,82.45611,-0.8246000000003733,-0.0010000000006584742,0.0001999999990403012,-0.009570000000010737,-3.0000000023733264e-05,9.999999960541572e-06,2565,0,1,1,0,1,0,1.0999999999999999,3468.0268141465313,89.84063797466874,10678.748593269944,222,0
1059.75,1.3,11.5,-2.4,2348.1584,82.4465,-0.8260000000000218,-0.0013999999996485712,-0.0003999999989900971,-0.009609999999995011,-3.9999999984274837e-05,-9.999999960541572e-06,2566,0,1,1,0,1,0,1.0999999999999999,3467.59055843397,89.83775751577717,10681.566383462656,223,0
1058.25,1.3,11.5,-2.4,2347.3318,82.43686,-0.8265999999998712,-0.0005999999998493877,0.0007999999997991836,-0.009640000000004534,-3.000000000952241e-05,9.999999974752427e-06,2567,0,1,1,0,1,0,1.0999999999999999,3467.154320599688,89.83487554633956,10684.383181735328,224,0
1058.25,1.3,11.5,-2.4,2346.504,82.42718,-0.8278000000000247,-0.0012000000001535227,-0.000600000000304135,-0.009679999999988809,-3.9999999984274837e-05,-9.999999974752427e-06,2568,0,1,1,0,1,0,1.0999999999999999,3466.718100155703,89.83199205254964,10687.19898664796,225,0
1058.25,1.3,11.5,-2.4,2345.6748,82.41746,-0.8292000000001281,-0.0014000000001033186,-0.0001999999999497959,-0.009720000000001505,-4.0000000012696546e-05,-2.842170943040401e-14,2569,0,1,1,0,1,0,1.0999999999999999,3466.2818965369647,89.82910702062257,10690.013796520552,226,0
1059.25,1.3,11.5,-2.4,2344.845,82.40771,-0.8297999999999774,-0.0005999999998493877,0.0008000000002539309,-0.009750000000011028,-3.000000000952241e-05,1.0000000003174137e-05,2570,0,1,1,0,1,0,1.0999999999999999,3465.8457094904707,89.82622044068457,10692.827610633105,227,0
1059.5,1.3,11.5,-2.4,2344.014,82.39792,-0.8309999999996762,-0.0011999999996987754,-0.0005999999998493877,-0.009789999999995302,-3.9999999984274837e-05,-9.999999974752427e-06,2571,0,1,1,0,1,0,1.0999999999999999,3465.4095385303267,89.82333229898911,10695.640427545617,228,0
1059.75,1.3,11.5,-2.4,2343.1821,82.3881,-0.8319000000001324,-0.0009000000004562025,0.0002999999992425728,-0.009820000000004825,-3.000000000952241e-05,9.999999974752427e-06,2572,0,1,1,0,1,0,1.0999999999999999,3464.9733832879906,89.82044258569763,10698.452246178089,229,0
1059.25,1.3,11.5,-2.4,2342.349,82.37824,-0.8330999999998312,-0.0011999999996987754,-0.0002999999992425728,-0.0098599999999891,-3.9999999984274837e-05,-9.999999974752427e-06,2573,0,1,1,0,1,0,1.0999999999999999,3464.537243278943,89.81755128710178,10701.263065090523,230,0
1058.25,1.3,11.5,-2.4,2341.5151,82.36835,-0.8339000000000851,-0.0008000000002539309,0.00039999999944484443,-0.009889999999998622,-3.000000000952241e-05,9.999999974752427e-06,2574,0,1,1,0,1,0,1.0999999999999999,3464.101118174757,89.81465839339806,10704.072883322915,231,0
1056.75,1.3,11.5,-2.4,2340.68,82.35842,-0.8351000000002387,-0.0012000000001535227,-0.0003999999998995918,-0.009930000000011319,-4.0000000012696546e-05,-1.0000000003174137e-05,2575,0,1,1,0,1,0,1.0999999999999999,3463.665007492236,89.81176389091615,10706.881699435267,232,0
1058.25,1.3,11.5,-2.4,2339.844,82.34846,-0.8359999999997854,-0.0008999999995467078,0.00030000000060681487,-0.00995999999999242,-2.99999999811007e-05,1.0000000031595846e-05,2576,0,1,1,0,1,0,1.0999999999999999,3463.2289108653476,89.80886776988747,10709.68951234758,233,0
1058.75,1.3,11.5,-2.4,2339.007,82.33846,-0.8369999999999891,-0.0010000000002037268,-0.00010000000065701897,-0.010000000000005116,-4.0000000012696546e-05,-1.0000000031595846e-05,2577,0,1,1,0,1,0,1.0999999999999999,3462.792827889837,89.8059700166796,10712.496320859853,234,0
1060.25,1.3,11.5,-2.4,2338.1692,82.32843,-0.837800000000243,-0.0008000000002539309,0.0001999999999497959,-0.010030000000000427,-2.9999999995311555e-05,1.0000000017384991e-05,2578,0,1,1,0,1,0,1.0999999999999999,3462.356758239628,89.80307062155875,10715.302124012085,235,0
1060.25,1.3,11.5,-2.4,2337.3303,82.31836,-0.8388999999997395,-0.0010999999994965037,-0.0002999999992425728,-0.010069999999998913,-3.999999999848569e-05,-1.0000000003174137e-05,2579,0,1,1,0,1,0,1.0999999999999999,3461.9207014728686,89.80016957093024,10718.106920484277,236,0
1060.5,1.3,11.5,-2.4,2336.4905,82.30826,-0.8398000000001957,-0.0009000000004562025,0.0001999999990403012,-0.010099999999994225,-2.9999999995311555e-05,1.0000000003174137e-05,2580,0,1,1,0,1,0,1.0999999999999999,3461.484657225881,89.79726685509492,10720.910709196429,237,0
1059.25,1.3,11.5,-2.4,2335.6497,82.29812,-0.8407999999999447,-0.0009999999997489795,-9.999999929277692e-05,-0.010140000000006921,-4.0000000012696546e-05,-1.0000000017384991e-05,2581,0,1,1,0,1,0,1.0999999999999999,3461.0486250968243,89.79436246049573,10723.713488948539,238,0
1059.75,1.3,11.5,-2.4,2334.8079,82.28795,-0.8418000000001484,-0.0010000000002037268,-4.547473508864641e-13,-0.010170000000002233,-2.9999999995311555e-05,1.0000000017384991e-05,2582,0,1,1,0,1,0,1.0999999999999999,3460.612604684475,89.79145637746805,10726.51525854061,239,0
1061.25,1.3,11.5,-2.4,2333.9653,82.27774,-0.8425999999999476,-0.0007999999997991836,0.00020000000040454324,-0.010210000000000719,-3.999999999848569e-05,-1.0000000003174137e-05,2583,0,1,1,0,1,0,1.0999999999999999,3460.176595665635,89.78854859249226,10729.316017012641,240,0
1063.25,1.3,11.5,-2.4,2333.1216,82.2675,-0.8436999999998989,-0.001099999999951251,-0.0003000000001520675,-0.01023999999999603,-2.9999999995311555e-05,1.0000000003174137e-05,2584,0,1,1,0,1,0,1.0999999999999999,3459.7405976015475,89.7856390959381,10732.11576304463,241,0
1063.25,1.3,11.5,-2.4,2332.277,82.257225,-0.8445999999999003,-0.0009000000000014552,0.0001999999999497959,-0.010274999999992929,-3.499999999689862e-05,-5.000000001587068e-06,2585,0,1,1,0,1,0,1.0999999999999999,3459.304610131477,89.78272787625677,10734.914495556579,242,0
1063.25,1.3,11.5,-2.4,2331.432,82.24692,-0.8450000000002547,-0.00040000000035433914,0.0004999999996471161,-0.010305000000002451,-3.000000000952241e-05,4.9999999873762135e-06,2586,0,1,1,0,1,0,1.0999999999999999,3458.8686330885193,89.77981492385003,10737.712214068488,243,0
1065.75,1.3,11.5,-2.4,2330.5854,82.23657,-0.846599999999853,-0.0015999999995983671,-0.001199999999244028,-0.010350000000002524,-4.500000000007276e-05,-1.499999999055035e-05,2587,0,1,1,0,1,0,1.0999999999999999,3458.4326658423493,89.77690022333847,10740.508916660356,244,0
1065.75,1.3,11.5,-2.4,2329.7383,82.2262,-0.8470999999999549,-0.0005000000001018634,0.0010999999994965037,-0.010369999999994661,-1.9999999992137418e-05,2.500000000793534e-05,2588,0,1,1,0,1,0,1.0999999999999999,3457.9967081884893,89.77398376902279,10743.304602732183,245,0
1066.25,1.3,11.5,-2.4,2328.8901,82.21579,-0.8481999999999061,-0.001099999999951251,-0.0005999999998493877,-0.010410000000007358,-4.0000000012696546e-05,-2.0000000020559128e-05,2589,0,1,1,0,1,0,1.0999999999999999,3457.5607596911195,89.77106554749035,10746.09927096397,246,0
1066.5,1.3,11.5,-2.4,2328.0413,82.20534,-0.8488000000002103,-0.000600000000304135,0.0004999999996471161,-0.010449999999991633,-3.9999999984274837e-05,2.842170943040401e-14,2590,0,1,1,0,1,0,1.0999999999999999,3457.1248201080666,89.76814554534928,10748.892920635717,247,0
1065.75,1.3,11.5,-2.4,2327.1914,82.19486,-0.8498999999997068,-0.0010999999994965037,-0.0004999999991923687,-0.010480000000001155,-3.000000000952241e-05,9.999999974752427e-06,2591,0,1,1,0,1,0,1.0999999999999999,3456.6888890046293,89.76522375308642,10751.685550427423,248,0
1064.25,1.3,11.5,-2.4,2326.3408,82.18435,-0.8506000000002132,-0.0007000000005064066,0.0003999999989900971,-0.010510000000010677,-3.000000000952241e-05,0.0,2592,0,1,1,0,1,0,1.0999999999999999,3456.2529661010412,89.76230016120324,10754.477159499087,249,0
1063.25,1.3,11.5,-2.4,2325.4893,82.173805,-0.8514999999997599,-0.0008999999995467078,-0.0001999999990403012,-0.010544999999993365,-3.499999998268777e-05,-4.999999973165359e-06,2593,0,1,1,0,1,0,1.0999999999999999,3455.817051040864,89.75937475828836,10757.267746770709,250,0
1065.25,1.3,11.5,-2.4,2324.637,82.16322,-0.8523000000000138,-0.0008000000002539309,9.999999929277692e-05,-0.010585000000006062,-4.0000000012696546e-05,-5.000000030008778e-06,2594,0,1,1,0,1,0,1.0999999999999999,3455.3811435067432,89.7564475310212,10760.057311282293,251,0
1065.75,1.3,11.5,-2.4,2323.7837,82.15261,-0.8533000000002176,-0.0010000000002037268,-0.0001999999999497959,-0.010609999999999786,-2.4999999993724487e-05,1.500000001897206e-05,2595,0,1,1,0,1,0,1.0999999999999999,3454.9452431047766,89.75351847187981,10762.845851833834,252,0
1064.75,1.3,11.5,-2.4,2322.9297,82.14196,-0.8539999999998145,-0.000699999999596912,0.00030000000060681487,-0.010649999999998272,-3.999999999848569e-05,-1.5000000004761205e-05,2596,0,1,1,0,1,0,1.0999999999999999,3454.5093495571814,89.75058756757797,10765.633367585335,253,0
1065.0,1.3,11.5,-2.4,2322.075,82.13128,-0.8547000000003209,-0.0007000000005064066,-9.094947017729282e-13,-0.010679999999993584,-2.9999999995311555e-05,1.0000000003174137e-05,2597,0,1,1,0,1,0,1.0999999999999999,3454.073462586605,89.747654808699,10768.419857696794,254,0
1065.75,1.3,11.5,-2.4,2321.2192,82.12057,-0.8557999999998174,-0.0010999999994965037,-0.0003999999989900971,-0.010710000000003106,-3.000000000952241e-05,-1.4210854715202004e-14,2598,0,1,1,0,1,0,1.0999999999999999,3453.637581762216,89.7447201858407,10771.205320848212,255,0
1065.75,1.3,11.5,-2.4,2320.363,82.10982,-0.8562000000001717,-0.00040000000035433914,0.0006999999991421646,-0.010750000000001592,-3.999999999848569e-05,-9.999999988963282e-06,2599,0,1,1,0,1,0,1.0999999999999999,3453.2017069230765,89.74178368576924,10773.98975655959,256,0
1068.25,1.3,11.5,-2.4,2319.5056,82.09904,-0.8573999999998705,-0.0011999999996987754,-0.0007999999993444362,-0.010779999999996903,-2.9999999995311555e-05,1.0000000003174137e-05,2600,0,1,1,0,1,0,1.0999999999999999,3452.765837600923,89.73884529911572,10776.773163390926,257,0
1069.25,1.3,11.5,-2.4,2318.6477,82.08823,-0.8578999999999724,-0.0005000000001018634,0.000699999999596912,-0.010810000000006426,-3.000000000952241e-05,-1.4210854715202004e-14,2601,0,1,1,0,1,0,1.0999999999999999,3452.3299735972328,89.73590501652575,10779.555540742222,258,0
1067.75,1.3,11.5,-2.4,2317.7888,82.07738,-0.8589000000001761,-0.0010000000002037268,-0.0005000000001018634,-0.0108499999999907,-3.9999999984274837e-05,-9.999999974752427e-06,2602,0,1,1,0,1,0,1.0999999999999999,3451.894114521706,89.73296282481752,10782.336887413476,259,0
1065.25,1.3,11.5,-2.4,2316.9294,82.0665,-0.8593999999998232,-0.0004999999996471161,0.0005000000005566108,-0.010880000000000223,-3.000000000952241e-05,9.999999974752427e-06,2603,0,1,1,0,1,0,1.0999999999999999,3451.458260176651,89.73001871466974,10785.117202804688,260,0
1065.5,1.3,11.5,-2.4,2316.069,82.05559,-0.8604000000000269,-0.0010000000002037268,-0.0005000000005566108,-0.010910000000009745,-3.000000000952241e-05,0.0,2604,0,1,1,0,1,0,1.0999999999999999,3451.0224101727445,89.72707267677542,10787.896485715859,261,0
1067.25,1.3,11.5,-2.4,2315.208,82.04464,-0.8609999999998763,-0.0005999999998493877,0.00040000000035433914,-0.01094999999999402,-3.9999999984274837e-05,-9.999999974752427e-06,2605,0,1,1,0,1,0,1.0999999999999999,3450.586564274751,89.7241246980046,10790.67473542699,262,0
1066.75,1.3,11.5,-2.4,2314.3462,82.03367,-0.8618000000001302,-0.0008000000002539309,-0.00020000000040454324,-0.010970000000000368,-2.0000000006348273e-05,1.9999999977926564e-05,2606,0,1,1,0,1,0,1.0999999999999999,3450.150722171078,89.72117477291907,10793.451950978078,263,0
1066.75,1.3,11.5,-2.4,2313.4836,82.02265,-0.8625999999999294,-0.0007999999997991836,4.547473508864641e-13,-0.011020000000002028,-5.000000000165983e-05,-2.9999999995311555e-05,2607,0,1,1,0,1,0,1.0999999999999999,3449.7148835506136,89.71822288458588,10796.228131409125,264,0
1066.5,1.3,11.5,-2.4,2312.6204,82.01161,-0.8632000000002336,-0.000600000000304135,0.00019999999949504854,-0.011039999999994166,-1.9999999992137418e-05,3.000000000952241e-05,2608,0,1,1,0,1,0,1.0999999999999999,3449.2790481793786,89.71526902759678,10799.00327600013,265,0
1064.25,1.3,11.5,-2.4,2311.7563,82.000534,-0.8640999999997803,-0.0008999999995467078,-0.0002999999992425728,-0.01107600000000275,-3.600000000858472e-05,-1.6000000016447302e-05,2609,0,1,1,0,1,0,1.0999999999999999,3448.8432157088123,89.71231319042145,10801.777383671095,266,0
1064.25,1.3,11.5,-2.4,2310.8916,81.98943,-0.8647000000000844,-0.000600000000304135,0.0002999999992425728,-0.011104000000003111,-2.800000000036107e-05,8.000000008223651e-06,2610,0,1,1,0,1,0,1.0999999999999999,3448.407385905783,89.70935536461126,10804.550453702019,267,0
1063.25,1.3,11.5,-2.4,2310.0264,81.978294,-0.8651999999997315,-0.0004999999996471161,0.00010000000065701897,-0.011135999999993373,-3.199999999026204e-05,-3.999999989900971e-06,2611,0,1,1,0,1,0,1.0999999999999999,3447.9715585758036,89.70639554019908,10807.3224854929,268,0
1061.25,1.3,11.5,-2.4,2309.1602,81.96712,-0.86620000000039,-0.0010000000006584742,-0.0005000000010113581,-0.01117400000001112,-3.800000001774606e-05,-6.00000002748402e-06,2612,0,1,1,0,1,0,1.0999999999999999,3447.5357333333336,89.70343370493686,10810.093477843739,269,0
1063.75,1.3,11.5,-2.4,2308.2935,81.95592,-0.8666999999995824,-0.0004999999991923687,0.0005000000014661055,-0.011199999999988108,-2.5999999976988875e-05,1.2000000040757186e-05,2613,0,1,1,0,1,0,1.0999999999999999,3447.0999099846977,89.70046985118591,10812.863430154537,270,0
1063.25,1.3,11.5,-2.4,2307.426,81.94468,-0.867500000000291,-0.0008000000007086783,-0.00030000000151630957,-0.011240000000000805,-4.0000000012696546e-05,-1.4000000035707671e-05,2614,0,1,1,0,1,0,1.0999999999999999,3446.6640882217976,89.69750396596558,10815.632341465294,271,0
1064.25,1.3,11.5,-2.4,2306.5579,81.93341,-0.8681000000001404,-0.0005999999998493877,0.0002000000008592906,-0.011270000000010327,-3.000000000952241e-05,1.0000000003174137e-05,2615,0,1,1,0,1,0,1.0999999999999999,3446.228267813456,89.69453604013762,10818.400211056009,272,0
1064.5,1.3,11.5,-2.4,2305.689,81.92211,-0.8688999999999396,-0.0007999999997991836,-0.0001999999999497959,-0.011299999999991428,-2.99999999811007e-05,2.842170943040401e-14,2616,0,1,1,0,1,0,1.0999999999999999,3445.7924484524265,89.69156606457776,10821.167037966681,273,0
1065.25,1.3,11.5,-2.4,2304.8196,81.91078,-0.8694000000000415,-0.0005000000001018634,0.00029999999969732016,-0.01133000000000095,-3.000000000952241e-05,-2.842170943040401e-14,2617,0,1,1,0,1,0,1.0999999999999999,3445.3566299465238,89.68859403017571,10823.932821597313,274,0
1065.75,1.3,11.5,-2.4,2303.9495,81.89942,-0.8700999999996384,-0.000699999999596912,-0.00019999999949504854,-0.011359999999996262,-2.9999999995311555e-05,1.4210854715202004e-14,2618,0,1,1,0,1,0,1.0999999999999999,3444.920812027491,89.68561992783505,10826.697561107901,275,0
1065.25,1.3,11.5,-2.4,2303.0789,81.88802,-0.870600000000195,-0.0005000000005566108,0.0001999999990403012,-0.011400000000008959,-4.0000000012696546e-05,-1.0000000017384991e-05,2619,0,1,1,0,1,0,1.0999999999999999,3444.484994503817,89.68264374465649,10829.46125589845,276,0
1063.75,1.3,11.5,-2.4,2302.2075,81.8766,-0.8713999999999942,-0.0007999999997991836,-0.0002999999992425728,-0.011420000000001096,-1.9999999992137418e-05,2.0000000020559128e-05,2620,0,1,1,0,1,0,1.0999999999999999,3444.049177069821,89.67966547539108,10832.223905008956,277,0
1065.25,1.3,11.5,-2.4,2301.3354,81.86514,-0.8721000000000458,-0.0007000000000516593,9.999999974752427e-05,-0.011459999999999582,-3.999999999848569e-05,-2.0000000006348273e-05,2621,0,1,1,0,1,0,1.0999999999999999,3443.6133594584285,89.6766851071701,10834.98550759942,278,0
1064.75,1.3,11.5,-2.4,2300.463,81.85365,-0.8723999999997432,-0.00029999999969732016,0.00040000000035433914,-0.011489999999994893,-2.9999999995311555e-05,1.0000000003174137e-05,2622,0,1,1,0,1,0,1.0999999999999999,3443.177541555471,89.67370263095692,10837.746063309842,279,0
1065.25,1.3,11.5,-2.4,2299.5896,81.84213,-0.8734000000004016,-0.0010000000006584742,-0.000700000000961154,-0.011520000000004416,-3.000000000952241e-05,-1.4210854715202004e-14,2623,0,1,1,0,1,0,1.0999999999999999,3442.7417229801827,89.67071803772865,10840.505570940222,280,0
1065.5,1.3,11.5,-2.4,2298.7158,81.83058,-0.8737999999998465,-0.00039999999944484443,0.0006000000012136297,-0.011549999999999727,-2.9999999995311555e-05,1.4210854715202004e-14,2624,0,1,1,0,1,0,1.0999999999999999,3442.3059035809524,89.66773131847619,10843.264030010561,281,0
1064.25,1.3,11.5,-2.4,2297.8416,81.819,-0.8741999999997461,-0.0003999999998995918,-4.547473508864641e-13,-0.011579999999995039,-2.9999999995311555e-05,0.0,2625,0,1,1,0,1,0,1.0999999999999999,3441.870083206398,89.66474246420412,10846.021440040857,282,0
1064.5,1.3,11.5,-2.4,2296.9666,81.80739,-0.875,-0.0008000000002539309,-0.00040000000035433914,-0.011610000000004561,-3.000000000952241e-05,-1.4210854715202004e-14,2626,0,1,1,0,1,0,1.0999999999999999,3441.4342615531023,89.66175146593072,10848.777800071111,283,0
1064.5,1.3,11.5,-2.4,2296.0908,81.795746,-0.8758000000002539,-0.0008000000002539309,0.0,-0.011644000000003984,-3.399999999942338e-05,-3.999999989900971e-06,2627,0,1,1,0,1,0,1.0999999999999999,3440.9984383181127,89.6587583131659,10851.533109141325,284,0
1065.75,1.3,11.5,-2.4,2295.2148,81.784065,-0.875999999999749,-0.00019999999949504854,0.0006000000007588824,-0.011680999999995834,-3.699999999184911e-05,-2.999999992425728e-06,2628,0,1,1,0,1,0,1.0999999999999999,3440.562613427159,89.6557629942944,10854.287367011495,285,0
1065.75,1.3,11.5,-2.4,2294.3381,81.77236,-0.8767000000002554,-0.0007000000005064066,-0.0005000000010113581,-0.011704999999992083,-2.3999999996249244e-05,1.2999999995599865e-05,2629,0,1,1,0,1,0,1.0999999999999999,3440.126786615969,89.6527655026616,10857.040572841623,286,0
1065.25,1.3,11.5,-2.4,2293.461,81.76063,-0.877100000000155,-0.0003999999998995918,0.00030000000060681487,-0.011730000000000018,-2.500000000793534e-05,-1.0000000116860974e-06,2630,0,1,1,0,1,0,1.0999999999999999,3439.690957734702,89.64976583124287,10859.792726151709,287,0
1065.25,1.3,11.5,-2.4,2292.5833,81.748856,-0.8777000000000044,-0.0005999999998493877,-0.0001999999999497959,-0.011774000000002616,-4.400000000259752e-05,-1.8999999994662176e-05,2631,0,1,1,0,1,0,1.0999999999999999,3439.255126557751,89.64676396580546,10862.543826221752,288,0
1065.25,1.3,11.5,-2.4,2291.7048,81.73706,-0.8784999999998035,-0.0007999999997991836,-0.0001999999999497959,-0.011796000000003914,-2.200000000129876e-05,2.200000000129876e-05,2632,0,1,1,0,1,0,1.0999999999999999,3438.8192927838963,89.64375990049373,10865.293872091755,289,0
1065.25,1.3,11.5,-2.4,2290.826,81.725235,-0.8787999999999556,-0.0003000000001520675,0.0004999999996471161,-0.01182500000000175,-2.8999999997836312e-05,-6.999999996537554e-06,2633,0,1,1,0,1,0,1.0999999999999999,3438.383456302202,89.64075362680333,10868.042863401715,290,0
1065.25,1.3,11.5,-2.4,2289.9468,81.71337,-0.8791999999998552,-0.0003999999998995918,-9.999999974752427e-05,-0.011865000000000236,-3.999999999848569e-05,-1.100000000064938e-05,2634,0,1,1,0,1,0,1.0999999999999999,3437.9476169639465,89.63774513206832,10870.790799671631,291,0
1062.75,1.3,11.5,-2.4,2289.067,81.701485,-0.8798000000001593,-0.000600000000304135,-0.00020000000040454324,-0.011884999999992374,-1.9999999992137418e-05,2.0000000006348273e-05,2635,0,1,1,0,1,0,1.0999999999999999,3437.5117745447646,89.63473441122913,10873.537680181507,292,0
1064.75,1.3,11.5,-2.4,2288.1865,81.68957,-0.880500000000211,-0.0007000000000516593,-9.999999974752427e-05,-0.011915000000001896,-3.000000000952241e-05,-1.0000000017384991e-05,2636,0,1,1,0,1,0,1.0999999999999999,3437.0759287827073,89.63172145544179,10876.28350409134,293,0
1064.75,1.3,11.5,-2.4,2287.3057,81.67762,-0.8807999999999083,-0.00029999999969732016,0.00040000000035433914,-0.011949999999998795,-3.499999999689862e-05,-4.9999999873762135e-06,2637,0,1,1,0,1,0,1.0999999999999999,3436.640079567854,89.62870625398028,10879.02827104113,294,0
1065.75,1.3,11.5,-2.4,2286.4243,81.665634,-0.8813999999997577,-0.0005999999998493877,-0.0003000000001520675,-0.01198600000000738,-3.600000000858472e-05,-1.0000000116860974e-06,2638,0,1,1,0,1,0,1.0999999999999999,3436.204226676771,89.62568879575596,10881.77198031088,295,0
1065.75,1.3,11.5,-2.4,2285.5425,81.653625,-0.881800000000112,-0.00040000000035433914,0.00019999999949504854,-0.012008999999991943,-2.2999999984563146e-05,1.3000000024021574e-05,2639,0,1,1,0,1,0,1.0999999999999999,3435.768369962121,89.62266907462121,10884.514631420585,296,0
1065.5,1.3,11.5,-2.4,2284.6604,81.64159,-0.8820999999998094,-0.00029999999969732016,0.00010000000065701897,-0.012035000000011564,-2.600000001962144e-05,-3.0000000350582923e-06,2640,0,1,1,0,1,0,1.0999999999999999,3435.332509314653,89.61964708330177,10887.256224010249,297,0
1065.5,1.3,11.5,-2.4,2283.7776,81.62952,-0.8828000000003158,-0.0007000000005064066,-0.0004000000008090865,-0.012069999999994252,-3.499999998268777e-05,-8.99999996306633e-06,2641,0,1,1,0,1,0,1.0999999999999999,3434.896644473883,89.61662281112794,10889.996757239871,298,0
1064.75,1.3,11.5,-2.4,2282.8943,81.617424,-0.8832999999999629,-0.0004999999996471161,0.0002000000008592906,-0.012095999999999663,-2.6000000005410584e-05,8.999999977277184e-06,2642,0,1,1,0,1,0,1.0999999999999999,3434.4607752553916,89.6135962508513,10892.736230509448,299,0
1065.25,1.3,11.5,-2.4,2282.0107,81.60529,-0.883600000000115,-0.0003000000001520675,0.00019999999949504854,-0.012134000000003198,-3.8000000003535206e-05,-1.1999999998124622e-05,2643,0,1,1,0,1,0,1.0999999999999999,3434.024901550681,89.61056739069592,10895.474643458985,300,0
1067.75,1.3,11.5,-2.4,2281.1267,81.59313,-0.8840000000000146,-0.0003999999998995918,-9.999999974752427e-05,-0.012159999999994398,-2.599999999119973e-05,1.2000000012335477e-05,2644,0,1,1,0,1,0,1.0999999999999999,3433.5890232136103,89.60753622344045,10898.211995608479,301,0
1067.75,1.3,11.5,-2.4,2280.2422,81.58095,-0.8844999999996617,-0.0004999999996471161,-9.999999974752427e-05,-0.012180000000000746,-2.0000000006348273e-05,5.999999984851456e-06,2645,0,1,1,0,1,0,1.0999999999999999,3433.1531400604686,89.60450274414211,10900.94828635793,302,0
1067.25,1.3,11.5,-2.4,2279.3572,81.56873,-0.8850000000002183,-0.0005000000005566108,-9.094947017729282e-13,-0.012219999999999231,-3.999999999848569e-05,-1.9999999992137418e-05,2646,0,1,1,0,1,0,1.0999999999999999,3432.7172519078204,89.60146694030979,10903.683515107341,303,0
1067.0,1.3,11.5,-2.4,2278.472,81.55649,-0.8851999999997133,-0.00019999999949504854,0.0003000000010615622,-0.01224000000000558,-2.0000000006348273e-05,1.9999999992137418e-05,2647,0,1,1,0,1,0,1.0999999999999999,3432.2813586858,89.59842880702416,10906.417681616707,304,0
1067.75,1.3,11.5,-2.4,2277.5862,81.54421,-0.8858000000000175,-0.000600000000304135,-0.0004000000008090865,-0.012279999999989855,-3.9999999984274837e-05,-1.9999999977926564e-05,2648,0,1,1,0,1,0,1.0999999999999999,3431.8454601736503,89.59538833182333,10909.150785166032,305,0
1067.75,1.3,11.5,-2.4,2276.7002,81.531906,-0.8859999999999673,-0.0001999999999497959,0.00040000000035433914,-0.012304000000000315,-2.40000000104601e-05,1.5999999973814738e-05,2649,0,1,1,0,1,0,1.0999999999999999,3431.409556301887,89.59234550830189,10911.882825515313,306,0
1068.25,1.3,11.5,-2.4,2275.8137,81.51957,-0.8865000000000691,-0.0005000000001018634,-0.0003000000001520675,-0.012336000000004788,-3.2000000004472895e-05,-7.999999994012796e-06,2650,0,1,1,0,1,0,1.0999999999999999,3430.973646887967,89.5893003270464,10914.613802064552,307,0
1067.25,1.3,11.5,-2.4,2274.9268,81.50721,-0.8868999999999687,-0.0003999999998995918,0.00010000000020227162,-0.012360000000001037,-2.3999999996249244e-05,8.000000008223651e-06,2651,0,1,1,0,1,0,1.0999999999999999,3430.5377317873304,89.5862527816742,10917.343714333749,308,0
1067.25,1.3,11.5,-2.4,2274.0396,81.49482,-0.8872000000001208,-0.0003000000001520675,9.999999974752427e-05,-0.012389999999996348,-2.9999999995311555e-05,-5.999999999062311e-06,2652,0,1,1,0,1,0,1.0999999999999999,3430.101810893328,89.5832028635507,10920.072561962903,309,0
1066.25,1.3,11.5,-2.4,2273.1519,81.4824,-0.8877000000002226,-0.0005000000001018634,-0.0001999999999497959,-0.01242000000000587,-3.000000000952241e-05,-1.4210854715202004e-14,2653,0,1,1,0,1,0,1.0999999999999999,3429.665884024115,89.58015056405425,10922.800344352014,310,0
1064.75,1.3,11.5,-2.4,2272.264,81.46995,-0.8878999999997177,-0.00019999999949504854,0.00030000000060681487,-0.012450000000001182,-2.9999999995311555e-05,1.4210854715202004e-14,2654,0,1,1,0,1,0,1.0999999999999999,3429.229951111111,89.57709587457627,10925.527061261082,311,0
1062.75,1.3,11.5,-2.4,2271.3755,81.45747,-0.8885000000000218,-0.000600000000304135,-0.0004000000008090865,-0.012479999999996494,-2.9999999995311555e-05,0.0,2655,0,1,1,0,1,0,1.0999999999999999,3428.794011935241,89.57403878652109,10928.252711970108,312,0
1062.75,1.3,11.5,-2.4,2270.4868,81.44496,-0.8886999999999716,-0.0001999999999497959,0.00040000000035433914,-0.012510000000006016,-3.000000000952241e-05,-1.4210854715202004e-14,2656,0,1,1,0,1,0,1.0999999999999999,3428.3580664283027,89.57097929130599,10930.977296239093,313,0
1062.75,1.3,11.5,-2.4,2269.598,81.43243,-0.8888000000001739,-0.00010000000020227162,9.999999974752427e-05,-0.012529999999998154,-1.9999999992137418e-05,1.0000000017384991e-05,2657,0,1,1,0,1,0,1.0999999999999999,3427.9221145598194,89.56791738412339,10933.700813948033,314,0
1063.75,1.3,11.5,-2.4,2268.7085,81.41987,-0.8894999999997708,-0.000699999999596912,-0.0005999999993946403,-0.012559999999993465,-2.9999999995311555e-05,-1.0000000003174137e-05,2658,0,1,1,0,1,0,1.0999999999999999,3427.4861560737118,89.56485305641219,10936.423264256931,315,0
1065.25,1.3,11.5,-2.4,2267.8188,81.40727,-0.8897000000001754,-0.00020000000040454324,0.0004999999991923687,-0.012600000000006162,-4.0000000012696546e-05,-1.0000000017384991e-05,2659,0,1,1,0,1,0,1.0999999999999999,3427.0501909022555,89.56178629586466,10939.144646925786,316,0
1065.25,1.3,11.5,-2.4,2266.929,81.39465,-0.8897999999999229,-9.999999974752427e-05,0.00010000000065701897,-0.0126199999999983,-1.9999999992137418e-05,2.0000000020559128e-05,2660,0,1,1,0,1,0,1.0999999999999999,3426.6142190154073,89.55871709770763,10941.864961834599,317,0
1064.25,1.3,11.5,-2.4,2266.0388,81.382,-0.8902000000002772,-0.00040000000035433914,-0.00030000000060681487,-0.01264999999999361,-2.9999999995311555e-05,-1.0000000003174137e-05,2661,0,1,1,0,1,0,1.0999999999999999,3426.1782402704735,89.55564545341849,10944.584208503367,318,0
1063.25,1.3,11.5,-2.4,2265.1482,81.36933,-0.8905999999997221,-0.00039999999944484443,9.094947017729282e-13,-0.012669999999999959,-2.0000000006348273e-05,9.999999988963282e-06,2662,0,1,1,0,1,0,1.0999999999999999,3425.742254524972,89.55257135824259,10947.302386452095,319,0
1062.25,1.3,11.5,-2.4,2264.2573,81.35663,-0.8908999999998741,-0.0003000000001520675,9.999999929277692e-05,-0.012700000000009481,-3.000000000952241e-05,-1.0000000003174137e-05,2663,0,1,1,0,1,0,1.0999999999999999,3425.3062616741745,89.54949480367867,10950.01949532078,320,0
1064.25,1.3,11.5,-2.4,2263.3662,81.343895,-0.8911000000002787,-0.00020000000040454324,9.999999974752427e-05,-0.01273499999999217,-3.499999998268777e-05,-4.999999973165359e-06,2664,0,1,1,0,1,0,1.0999999999999999,3424.8702616510323,89.54641577936209,10952.735534869422,321,0
1066.25,1.3,11.5,-2.4,2262.4749,81.33113,-0.8912999999997737,-0.00019999999949504854,9.094947017729282e-13,-0.012765000000001692,-3.000000000952241e-05,4.999999973165359e-06,2665,0,1,1,0,1,0,1.0999999999999999,3424.4342543885973,89.54333427681921,10955.45050485802,322,0
1066.75,1.3,11.5,-2.4,2261.5833,81.318344,-0.8916000000003805,-0.00030000000060681487,-0.00010000000111176632,-0.012786000000005515,-2.1000000003823516e-05,9.000000005698894e-06,2666,0,1,1,0,1,0,1.0999999999999999,3423.9982397825274,89.54025029096363,10958.164404926576,323,0
1065.75,1.3,11.5,-2.4,2260.6914,81.305534,-0.8918999999996231,-0.0002999999992425728,1.3642420526593924e-12,-0.012810000000001764,-2.3999999996249244e-05,-2.999999992425728e-06,2667,0,1,1,0,1,0,1.0999999999999999,3423.5622177286355,89.53716381559221,10960.87723471509,324,0
1064.25,1.3,11.5,-2.4,2259.7993,81.29269,-0.8921000000000276,-0.00020000000040454324,9.999999883802957e-05,-0.012844000000001188,-3.399999999942338e-05,-1.0000000003174137e-05,2668,0,1,1,0,1,0,1.0999999999999999,3423.1261881603596,89.53407484076433,10963.58899398356,325,0
1065.75,1.3,11.5,-2.6,2258.907,81.279816,-0.8922999999999774,-0.0001999999999497959,4.547473508864641e-13,-0.0128739999999965,-2.9999999995311555e-05,4.0000000041118255e-06,2669,0,1,1,0,1,0,1.3,3422.6901510112357,89.53098335805244,10966.299682491986,326,0
1064.25,1.3,11.5,-2.6,2258.0144,81.26692,-0.8926000000001295,-0.0003000000001520675,-0.00010000000020227162,-0.012895999999997798,-2.200000000129876e-05,7.999999994012796e-06,2670,0,1,1,0,1,0,1.3,3422.2541061774614,89.52788936203669,10969.009299880372,327,0
1065.25,1.3,11.5,-2.6,2257.1216,81.25399,-0.8928000000000793,-0.0001999999999497959,0.00010000000020227162,-0.012929999999997221,-3.399999999942338e-05,-1.1999999998124622e-05,2671,0,1,1,0,1,0,1.3,3421.818053592814,89.52479284281438,10971.717845908714,328,0
1065.25,1.3,11.5,-2.6,2256.2288,81.24104,-0.8928000000000793,0.0,0.0001999999999497959,-0.01295000000000357,-2.0000000006348273e-05,1.3999999993075107e-05,2672,0,1,1,0,1,0,1.3,3421.381993265993,89.52169379573513,10974.425320577013,329,0
1064.75,1.3,11.5,-2.6,2255.3354,81.22806,-0.8933999999999287,-0.0005999999998493877,-0.0005999999998493877,-0.012979999999998881,-2.9999999995311555e-05,-9.999999988963282e-06,2673,0,1,1,0,1,0,1.3,3420.9459249813017,89.51859221241585,10977.131723165268,330,0
1063.25,1.3,11.5,-2.6,2254.4421,81.21505,-0.8932999999997264,0.00010000000020227162,0.0007000000000516593,-0.013009999999994193,-2.9999999995311555e-05,0.0,2674,0,1,1,0,1,0,1.3,3420.509848785047,89.51548808448598,10979.837053793482,331,0
1064.25,1.3,11.5,-2.6,2253.5486,81.20202,-0.893500000000131,-0.00020000000040454324,-0.00030000000060681487,-0.013030000000000541,-2.0000000006348273e-05,9.999999988963282e-06,2675,0,1,1,0,1,0,1.3,3420.07376461136,89.51238140732437,10982.541312221652,332,0
1064.25,1.3,11.5,-2.6,2252.6548,81.18896,-0.893800000000283,-0.0003000000001520675,-9.999999974752427e-05,-0.013060000000010064,-3.000000000952241e-05,-1.0000000003174137e-05,2676,0,1,1,0,1,0,1.3,3419.6376723571166,89.50927217258125,10985.24449808978,333,0
1064.25,1.3,11.5,-2.6,2251.761,81.17587,-0.8937999999998283,4.547473508864641e-13,0.00030000000060681487,-0.013089999999991164,-2.99999999811007e-05,2.842170943040401e-14,2677,0,1,1,0,1,0,1.3,3419.201572031367,89.50616037191934,10987.946611397865,334,0
1064.75,1.3,11.5,-2.6,2250.8667,81.16276,-0.8942999999999302,-0.0005000000001018634,-0.0005000000005566108,-0.013109999999997513,-2.0000000006348273e-05,9.999999974752427e-06,2678,0,1,1,0,1,0,1.3,3418.7654634565138,89.50304600074655,10990.647651545905,335,0
1067.25,1.3,11.5,-2.6,2249.9727,81.14961,-0.8940000000002328,0.00029999999969732016,0.0007999999997991836,-0.013150000000010209,-4.0000000012696546e-05,-2.0000000006348273e-05,2679,0,1,1,0,1,0,1.3,3418.3293467537314,89.49992904701492,10993.347618893904,336,0
1065.75,1.3,11.5,-2.6,2249.0781,81.136444,-0.8945999999996275,-0.0005999999993946403,-0.0008999999990919605,-0.013165999999998235,-1.5999999988025593e-05,2.4000000024670953e-05,2680,0,1,1,0,1,0,1.3,3417.8932217083175,89.4968095076464,10996.046512721861,337,0
1066.25,1.3,11.5,-2.6,2248.1836,81.12325,-0.8945000000003347,9.999999929277692e-05,0.0006999999986874172,-0.013193999999998596,-2.800000000036107e-05,-1.2000000012335477e-05,2681,0,1,1,0,1,0,1.3,3417.4570883668903,89.49368737509322,10998.744333149773,338,0
1067.25,1.3,11.5,-2.6,2247.289,81.11003,-0.8945999999996275,-9.999999929277692e-05,-0.00019999999858555384,-0.013220000000004006,-2.6000000005410584e-05,1.9999999949504854e-06,2682,0,1,1,0,1,0,1.3,3417.0209467014533,89.4905626425643,11001.441080057642,339,0
1066.75,1.3,11.5,-2.6,2246.3943,81.09678,-0.8947000000002845,-0.00010000000065701897,-1.3642420526593924e-12,-0.013249999999999318,-2.9999999995311555e-05,-3.999999989900971e-06,2683,0,1,1,0,1,0,1.3,3416.584796684054,89.48743530178838,11004.13675332547,340,0
1065.25,1.3,11.5,-2.6,2245.4993,81.0835,-0.8949999999999818,-0.00029999999969732016,-0.0001999999990403012,-0.01327999999999463,-2.9999999995311555e-05,0.0,2684,0,1,1,0,1,0,1.3,3416.1486382122903,89.48430534450652,11006.831352593254,341,0
1064.75,1.3,11.5,-2.6,2244.6045,81.070206,-0.894800000000032,0.0001999999999497959,0.0004999999996471161,-0.013294000000001915,-1.4000000007285962e-05,1.5999999988025593e-05,2685,0,1,1,0,1,0,1.3,3415.7124713700673,89.48117276842889,11009.524878100996,342,0
1066.25,1.3,11.5,-2.6,2243.7092,81.05688,-0.8953000000001339,-0.0005000000001018634,-0.0007000000000516593,-0.013325999999992177,-3.199999999026204e-05,-1.7999999982976078e-05,2686,0,1,1,0,1,0,1.3,3415.2762959806473,89.47803756457016,11012.217329248693,343,0
1067.25,1.3,11.5,-2.6,2242.8142,81.043526,-0.8949999999999818,0.0003000000001520675,0.0008000000002539309,-0.01335400000000675,-2.8000000014571924e-05,3.999999975690116e-06,2687,0,1,1,0,1,0,1.3,3414.8401121651787,89.47489972544642,11014.908706396349,344,0
1065.75,1.3,11.5,-2.6,2241.919,81.03015,-0.8951999999999316,-0.0001999999999497959,-0.0005000000001018634,-0.013375999999993837,-2.1999999987087904e-05,6.00000002748402e-06,2688,0,1,1,0,1,0,1.3,3414.4039198586834,89.47175924581629,11017.59900930396,345,0
1068.75,1.3,11.5,-2.6,2241.0237,81.01675,-0.8952999999996791,-9.999999974752427e-05,0.00010000000020227162,-0.013400000000004297,-2.40000000104601e-05,-2.000000023372195e-06,2689,0,1,1,0,1,0,1.3,3413.9677190334573,89.4686161197026,11020.28823785153,346,0
1066.75,1.3,11.5,-2.6,2240.1282,81.00331,-0.8955000000000837,-0.00020000000040454324,-0.00010000000065701897,-0.013440000000002783,-3.999999999848569e-05,-1.5999999988025593e-05,2690,0,1,1,0,1,0,1.3,3413.531509624675,89.46547033519138,11022.976391799055,347,0
1066.75,1.3,11.5,-2.6,2239.2327,80.98986,-0.8955000000000837,0.0,0.00020000000040454324,-0.013450000000005957,-1.0000000003174137e-05,2.9999999995311555e-05,2691,0,1,1,0,1,0,1.3,3413.095291641902,89.46232189153046,11025.66347114654,348,0
1066.75,1.3,11.5,-2.6,2238.3372,80.97638,-0.8955000000000837,0.0,0.0,-0.013479999999987058,-2.99999999811007e-05,-1.9999999977926564e-05,2692,0,1,1,0,1,0,1.3,3412.6590650946896,89.45917078054214,11028.34947589398,349,0
1066.5,1.3,11.5,-2.6,2237.4417,80.96287,-0.8955000000000837,0.0,0.0,-0.013510000000010791,-3.0000000023733264e-05,-4.263256414560601e-14,2693,0,1,1,0,1,0,1.3,3412.222829992576,89.45601699406087,11031.034406041375,350,0
1065.75,1.3,11.5,-2.6,2236.5461,80.94933,-0.8955999999998312,-9.999999974752427e-05,-9.999999974752427e-05,-0.013539999999991892,-2.99999999811007e-05,4.263256414560601e-14,2694,0,1,1,0,1,0,1.3,3411.7865863079774,89.45286052393321,11033.71826146873,351,0
1067.25,1.3,11.5,-2.6,2235.6506,80.935776,-0.8955000000000837,9.999999974752427e-05,0.00019999999949504854,-0.013553999999999178,-1.4000000007285962e-05,1.5999999973814738e-05,2695,0,1,1,0,1,0,1.3,3411.3503340875372,89.44970136795253,11036.401042296042,352,0
1067.75,1.3,11.5,-2.6,2234.755,80.922195,-0.8955999999998312,-9.999999974752427e-05,-0.00019999999949504854,-0.013581000000002064,-2.7000000002885827e-05,-1.2999999995599865e-05,2696,0,1,1,0,1,0,1.3,3410.9140733036706,89.4465395190953,11039.08274840331,353,0
1067.75,1.3,11.5,-2.6,2233.8594,80.908585,-0.895600000000286,-4.547473508864641e-13,9.999999929277692e-05,-0.0136099999999999,-2.8999999997836312e-05,-1.9999999949504854e-06,2697,0,1,1,0,1,0,1.3,3410.477803965901,89.44337496960712,11041.763379790535,354,0
1068.25,1.3,11.5,-2.6,2232.9639,80.89495,-0.8954999999996289,0.00010000000065701897,0.00010000000111176632,-0.013635000000007835,-2.500000000793534e-05,3.999999989900971e-06,2698,0,1,1,0,1,0,1.3,3410.0415261207854,89.44020771322711,11044.442936577718,355,0
1069.25,1.3,11.5,-2.6,2232.068,80.881294,-0.8958999999999833,-0.00040000000035433914,-0.0005000000010113581,-0.013655999999997448,-2.099999998961266e-05,4.00000001832268e-06,2699,0,1,1,0,1,0,1.3,3409.6052396296295,89.4370377451852,11047.121418284856,356,0
1069.25,1.3,11.5,-2.6,2231.1726,80.86761,-0.8954000000003361,0.0004999999996471161,0.0009000000000014552,-0.013683999999997809,-2.800000000036107e-05,-7.000000010748408e-06,2700,0,1,1,0,1,0,1.3,3409.1689446871524,89.43386505812661,11049.798825511953,357,0
1069.5,1.3,11.5,-2.6,2230.277,80.8539,-0.8955999999998312,-0.00019999999949504854,-0.0006999999991421646,-0.01371000000000322,-2.6000000005410584e-05,1.9999999949504854e-06,2701,0,1,1,0,1,0,1.3,3408.7326412287193,89.43068964544781,11052.475158019006,358,0
1069.75,1.3,11.5,-2.6,2229.3816,80.840164,-0.8953999999998814,0.0001999999999497959,0.00039999999944484443,-0.01373599999999442,-2.599999999119973e-05,1.4210854715202004e-14,2702,0,1,1,0,1,0,1.3,3408.296329337773,89.42751150055494,11055.150416046017,359,0
1068.75,1.3,11.5,-2.6,2228.486,80.82641,-0.895600000000286,-0.00020000000040454324,-0.00040000000035433914,-0.013754000000005817,-1.8000000011397788e-05,7.999999979801942e-06,2703,0,1,1,0,1,0,1.3,3407.860008949704,89.42433061982248,11057.824599352984,360,0
1068.75,1.3,11.5,-2.6,2227.5906,80.81262,-0.8953999999998814,0.00020000000040454324,0.0004000000008090865,-0.013790000000000191,-3.5999999994373866e-05,-1.7999999982976078e-05,2704,0,1,1,0,1,0,1.3,3407.423680147874,89.42114699297596,11060.497708179908,361,0
1069.25,1.3,11.5,-2.6,2226.695,80.79881,-0.8955999999998312,-0.0001999999999497959,-0.00040000000035433914,-0.013809999999992328,-1.9999999992137418e-05,1.6000000002236447e-05,2705,0,1,1,0,1,0,1.3,3406.9873428677015,89.41796061566889,11063.16974228679,362,0
1069.25,1.3,11.5,-2.6,2225.7998,80.78498,-0.8952000000003864,0.00039999999944484443,0.0005999999993946403,-0.013829999999998677,-2.0000000006348273e-05,-1.4210854715202004e-14,2706,0,1,1,0,1,0,1.3,3406.5509972663463,89.41477148356114,11065.840702153628,363,0
1069.75,1.3,11.5,-2.6,2224.9045,80.771126,-0.8952999999996791,-9.999999929277692e-05,-0.0004999999987376214,-0.013854000000009137,-2.40000000104601e-05,-4.0000000041118255e-06,2707,0,1,1,0,1,0,1.3,3406.1146433161002,89.41157959084195,11068.510587660423,364,0
1070.25,1.3,11.5,-2.6,2224.0095,80.75724,-0.8949999999999818,0.00029999999969732016,0.0003999999989900971,-0.013885999999999399,-3.199999999026204e-05,-7.999999979801942e-06,2708,0,1,1,0,1,0,1.3,3405.6782811369512,89.408384928756,11071.179399167177,365,0
1070.75,1.3,11.5,-2.6,2223.1145,80.74333,-0.8949999999999818,0.0,-0.00029999999969732016,-0.013909999999995648,-2.3999999996249244e-05,7.999999994012796e-06,2709,0,1,1,0,1,0,1.3,3405.2419107380074,89.40518749151292,11073.847136673885,366,0
1070.75,1.3,11.5,-2.6,2222.2195,80.72941,-0.8949999999999818,0.0,0.0,-0.013919999999998822,-1.0000000003174137e-05,1.3999999993075107e-05,2710,0,1,1,0,1,0,1.3,3404.8055321283655,89.40198727849503,11076.513800180552,367,0
1070.75,1.3,11.5,-2.6,2221.3245,80.715454,-0.8949999999999818,0.0,0.0,-0.013956000000007407,-3.600000000858472e-05,-2.6000000005410584e-05,2711,0,1,1,0,1,0,1.3,3404.369145317109,89.39878427949853,11079.179389687175,368,0
1070.25,1.3,11.5,-2.6,2220.4297,80.70147,-0.894800000000032,0.0001999999999497959,0.0001999999999497959,-0.013983999999993557,-2.7999999986150215e-05,8.000000022434506e-06,2712,0,1,1,0,1,0,1.3,3403.9327503870254,89.39557848728344,11081.843905433756,369,0
1070.75,1.3,11.5,-2.6,2219.5352,80.68747,-0.8945000000003347,0.00029999999969732016,9.999999974752427e-05,-0.013999999999995794,-1.6000000002236447e-05,1.1999999983913767e-05,2713,0,1,1,0,1,0,1.3,3403.496347457627,89.39236989904201,11084.507347780294,370,0
1069.25,1.3,11.5,-2.6,2218.6406,80.67345,-0.8945999999996275,-9.999999929277692e-05,-0.0003999999989900971,-0.014020000000002142,-2.0000000006348273e-05,-4.0000000041118255e-06,2714,0,1,1,0,1,0,1.3,3403.059936500921,89.38915851049724,11087.169716606788,371,0
1071.25,1.3,11.5,-2.6,2217.7463,80.65939,-0.8943000000003849,0.0002999999992425728,0.00039999999853534973,-0.014060000000000628,-3.999999999848569e-05,-1.9999999992137418e-05,2715,0,1,1,0,1,0,1.3,3402.6235176362297,89.38594431001472,11089.83101227324,372,0
1072.25,1.3,11.5,-2.6,2216.852,80.64532,-0.8942999999999302,4.547473508864641e-13,-0.00029999999878782546,-0.014070000000003802,-1.0000000003174137e-05,2.9999999995311555e-05,2716,0,1,1,0,1,0,1.3,3402.1870908722854,89.38272729701877,11092.491234779649,373,0
1069.75,1.3,11.5,-2.6,2215.958,80.631226,-0.8939999999997781,0.0003000000001520675,0.00029999999969732016,-0.014094000000000051,-2.3999999996249244e-05,-1.3999999993075107e-05,2717,0,1,1,0,1,0,1.3,3401.7506563281827,89.37950746578366,11095.150384486014,374,0
1070.75,1.3,11.5,-2.6,2215.0642,80.6171,-0.893800000000283,0.00019999999949504854,-0.00010000000065701897,-0.014126000000004524,-3.2000000004472895e-05,-8.000000008223651e-06,2718,0,1,1,0,1,0,1.3,3401.314214086061,89.37628480764987,11097.808461632338,375,0
1071.25,1.3,11.5,-2.6,2214.1704,80.60296,-0.8937999999998283,4.547473508864641e-13,-0.0001999999990403012,-0.014139999999997599,-1.3999999993075107e-05,1.8000000011397788e-05,2719,0,1,1,0,1,0,1.3,3400.877764154412,89.37305932058823,11100.465466218619,376,0
1071.5,1.3,11.5,-2.6,2213.2769,80.58879,-0.893500000000131,0.00029999999969732016,0.0002999999992425728,-0.01416999999999291,-2.9999999995311555e-05,-1.6000000002236447e-05,2720,0,1,1,0,1,0,1.3,3400.441306651966,89.3698309966924,11103.121398604855,377,0
1072.25,1.3,11.5,-2.6,2212.3835,80.5746,-0.8933999999999287,0.00010000000020227162,-0.00019999999949504854,-0.014189999999999259,-2.0000000006348273e-05,9.999999988963282e-06,2721,0,1,1,0,1,0,1.3,3400.004841623806,89.36659983174137,11105.77625891105,378,0
1073.75,1.3,11.5,-2.6,2211.4902,80.56038,-0.8932999999997264,0.00010000000020227162,0.0,-0.014220000000008781,-3.000000000952241e-05,-1.0000000003174137e-05,2722,0,1,1,0,1,0,1.3,3399.5683691149466,89.36336581784796,11108.430047257201,379,0
1074.75,1.3,11.5,-2.6,2210.5974,80.54614,-0.8928000000000793,0.0004999999996471161,0.00039999999944484443,-0.014240000000000919,-1.9999999992137418e-05,1.0000000017384991e-05,2723,0,1,1,0,1,0,1.3,3399.1318893171806,89.36012895080763,11111.08276424331,380,0
1076.25,1.3,11.5,-2.6,2209.7046,80.53188,-0.8928000000000793,0.0,-0.0004999999996471161,-0.014259999999993056,-1.9999999992137418e-05,0.0,2724,0,1,1,0,1,0,1.3,3398.6954022385326,89.35688922642201,11113.734409869376,381,0
1076.25,1.3,11.5,-2.6,2208.812,80.5176,-0.8926000000001295,0.0001999999999497959,0.0001999999999497959,-0.014279999999999404,-2.0000000006348273e-05,-1.4210854715202004e-14,2725,0,1,1,0,1,0,1.3,3398.2589079603813,89.35364664049891,11116.3849843754,382,0
1074.25,1.3,11.5,-2.6,2207.9197,80.503296,-0.8922999999999774,0.0003000000001520675,0.00010000000020227162,-0.014303999999995654,-2.3999999996249244e-05,-3.999999989900971e-06,2726,0,1,1,0,1,0,1.3,3397.82240660066,89.3504011873854,11119.034488121379,383,0
1075.25,1.3,11.5,-2.6,2207.0276,80.48896,-0.8921000000000276,0.0001999999999497959,-0.00010000000020227162,-0.014336000000000126,-3.2000000004472895e-05,-8.000000008223651e-06,2727,0,1,1,0,1,0,1.3,3397.385898240469,89.3471528585044,11121.682921347317,384,0
1076.25,1.3,11.5,-2.6,2206.1357,80.47461,-0.8919000000000779,0.0001999999999497959,0.0,-0.014350000000007412,-1.4000000007285962e-05,1.7999999997186933e-05,2728,0,1,1,0,1,0,1.3,3396.9493829607914,89.34390165188714,11124.330284293212,385,0
1076.25,1.3,11.5,-2.6,2205.2441,80.460236,-0.8915999999999258,0.0003000000001520675,0.00010000000020227162,-0.014374000000003662,-2.3999999996249244e-05,-9.999999988963282e-06,2729,0,1,1,0,1,0,1.3,3396.512860879121,89.34064756190476,11126.976577319063,386,0
1075.75,1.3,11.5,-2.6,2204.353,80.44584,-0.8910999999998239,0.0005000000001018634,0.0001999999999497959,-0.01439599999999075,-2.1999999987087904e-05,2.00000000916134e-06,2730,0,1,1,0,1,0,1.3,3396.076332186012,89.33739058366899,11129.621801024872,387,0
1076.0,1.3,11.5,-2.6,2203.462,80.43142,-0.8910000000000764,9.999999974752427e-05,-0.00040000000035433914,-0.01442000000000121,-2.40000000104601e-05,-2.000000023372195e-06,2731,0,1,1,0,1,0,1.3,3395.6397969253294,89.33413071156662,11132.265955530638,388,0
1076.25,1.3,11.5,-2.6,2202.571,80.41698,-0.8910000000000764,0.0,-9.999999974752427e-05,-0.014440000000007558,-2.0000000006348273e-05,4.0000000041118255e-06,2732,0,1,1,0,1,0,1.3,3395.203255104281,89.33086794145628,11134.90904083636,389,0
1076.5,1.3,11.5,-2.6,2201.6807,80.40251,-0.8903000000000247,0.0007000000000516593,0.0007000000000516593,-0.014469999999988659,-2.99999999811007e-05,-9.999999974752427e-06,2733,0,1,1,0,1,0,1.3,3394.766706986101,89.327602265545,11137.551057782042,390,0
1075.75,1.3,11.5,-2.6,2200.7903,80.38802,-0.8903999999997723,-9.999999974752427e-05,-0.0007999999997991836,-0.014490000000009218,-2.0000000020559128e-05,9.999999960541572e-06,2734,0,1,1,0,1,0,1.3,3394.3301525411334,89.3243336797075,11140.19200624768,391,0
1075.75,1.3,11.5,-2.6,2199.9004,80.37351,-0.8899000000001251,0.0004999999996471161,0.0005999999993946403,-0.014510000000001355,-1.9999999992137418e-05,2.842170943040401e-14,2735,0,1,1,0,1,0,1.3,3393.893591959064,89.32106217982455,11142.831886833275,392,0
1075.75,1.3,11.5,-2.6,2199.0107,80.358986,-0.8897000000001754,0.0001999999999497959,-0.00029999999969732016,-0.01452399999999443,-1.3999999993075107e-05,5.999999999062311e-06,2736,0,1,1,0,1,0,1.3,3393.457025319693,89.31778776397515,11145.470699778827,393,0
1075.75,1.3,11.5,-2.6,2198.1216,80.34443,-0.8890999999998712,0.000600000000304135,0.00040000000035433914,-0.014555999999998903,-3.2000000004472895e-05,-1.8000000011397788e-05,2737,0,1,1,0,1,0,1.3,3393.020452848795,89.3145104236669,11148.108445804337,394,0
1074.75,1.3,11.5,-2.6,2197.2327,80.32985,-0.8888999999999214,0.0001999999999497959,-0.00040000000035433914,-0.014580000000009363,-2.40000000104601e-05,7.999999994012796e-06,2738,0,1,1,0,1,0,1.3,3392.583874625776,89.31123015334063,11150.745125149804,395,0
1074.75,1.3,11.5,-2.6,2196.344,80.315254,-0.8886999999999716,0.0001999999999497959,0.0,-0.014595999999997389,-1.5999999988025593e-05,8.000000022434506e-06,2739,0,1,1,0,1,0,1.3,3392.147290729927,89.30794695036496,11153.38073805523,396,0
1074.25,1.3,11.5,-2.6,2195.4558,80.30064,-0.8881999999998698,0.0005000000001018634,0.0003000000001520675,-0.014613999999994576,-1.7999999997186933e-05,-2.00000000916134e-06,2740,0,1,1,0,1,0,1.3,3391.7107013498726,89.3046608113827,11156.015285120611,397,0
1073.75,1.3,11.5,-2.6,2194.5679,80.285995,-0.8879000000001724,0.00029999999969732016,-0.00020000000040454324,-0.014645000000001573,-3.100000000699765e-05,-1.300000000981072e-05,2741,0,1,1,0,1,0,1.3,3391.274106601021,89.30137172830051,11158.64876670595,398,0
1073.75,1.3,11.5,-2.6,2193.6802,80.27133,-0.8877000000002226,0.0001999999999497959,-9.999999974752427e-05,-0.01466499999999371,-1.9999999992137418e-05,1.1000000014860234e-05,2742,0,1,1,0,1,0,1.3,3390.8375065621585,89.29807969704703,11161.281183051247,399,0
1074.0,1.3,11.5,-2.6,2192.793,80.256645,-0.887199999999666,0.0005000000005566108,0.00030000000060681487,-0.014685000000000059,-2.0000000006348273e-05,-1.4210854715202004e-14,2743,0,1,1,0,1,0,1.3,3390.400901421283,89.29478471355685,11163.9125347565,400,0
1074.25,1.3,11.5,-2.6,2191.906,80.24194,-0.887000000000171,0.00019999999949504854,-0.0003000000010615622,-0.014705000000006407,-2.0000000006348273e-05,0.0,2744,0,1,1,0,1,0,1.3,3389.9642912568306,89.29148677377049,11166.542822061712,401,0
1073.25,1.3,12.5,-2.6,2191.0195,80.22722,-0.8865000000000691,0.0005000000001018634,0.00030000000060681487,-0.014719999999996958,-1.499999999055035e-05,5.000000015797923e-06,2745,0,1,1,0,1,0,1.3,3389.527676256373,89.2881858754552,11169.172045566882,402,0
1074.75,1.3,12.5,-2.6,2190.1335,80.21247,-0.8859999999999673,0.0005000000001018634,0.0,-0.01475000000000648,-3.000000000952241e-05,-1.500000001897206e-05,2746,0,1,1,0,1,0,1.3,3389.091056607208,89.284882010921,11171.800205872009,403,0
1074.75,1.3,12.5,-2.6,2189.2478,80.1977,-0.8856999999998152,0.0003000000001520675,-0.0001999999999497959,-0.014769999999998618,-1.9999999992137418e-05,1.0000000017384991e-05,2747,0,1,1,0,1,0,1.3,3388.654432423581,89.2815751761281,11174.427303337092,404,0
1074.75,1.3,12.5,-2.6,2188.3625,80.18291,-0.8852999999999156,0.0003999999998995918,9.999999974752427e-05,-0.014789999999990755,-1.9999999992137418e-05,0.0,2748,0,1,1,0,1,0,1.3,3388.2178038559473,89.27826536704256,11177.053338442134,405,0
1074.75,1.3,12.5,-2.6,2187.4778,80.1681,-0.8847000000000662,0.0005999999998493877,0.0001999999999497959,-0.014810000000011314,-2.0000000020559128e-05,-2.842170943040401e-14,2749,0,1,1,0,1,0,1.3,3387.7811711272725,89.27495257963636,11179.678311907132,406,0
1072.75,1.3,12.5,-2.6,2186.5933,80.15326,-0.8845000000001164,0.0001999999999497959,-0.0003999999998995918,-0.014839999999992415,-2.99999999811007e-05,-9.999999960541572e-06,2750,0,1,1,0,1,0,1.3,3387.3445343147946,89.27163680625227,11182.302223972089,407,0
1071.75,1.3,12.5,-2.6,2185.7092,80.13841,-0.8841000000002168,0.0003999999998995918,0.0001999999999497959,-0.0148500000000098,-1.0000000017384991e-05,1.999999996371571e-05,2751,0,1,1,0,1,0,1.3,3386.9078935683137,89.26831804651162,11184.925075117002,408,0
1071.5,1.3,12.5,-2.6,2184.8257,80.123535,-0.8834999999999127,0.000600000000304135,0.00020000000040454324,-0.014874999999989313,-2.4999999979513632e-05,-1.499999996212864e-05,2752,0,1,1,0,1,0,1.3,3386.4712491100618,89.26499629458772,11187.546866061875,409,0
1072.25,1.3,12.5,-2.6,2183.9426,80.10864,-0.8831000000000131,0.0003999999998995918,-0.00020000000040454324,-0.014895000000009873,-2.0000000020559128e-05,4.999999958954504e-06,2753,0,1,1,0,1,0,1.3,3386.034601089325,89.26167154647786,11190.167597286703,410,0
1070.25,1.3,12.5,-2.6,2183.0598,80.09373,-0.882799999999861,0.0003000000001520675,-9.999999974752427e-05,-0.014910000000000423,-1.499999999055035e-05,5.000000030008778e-06,2754,0,1,1,0,1,0,1.3,3385.5979496188747,89.2583438,11192.787269151491,411,0
1069.75,1.3,12.5,-2.6,2182.1777,80.07879,-0.8820999999998094,0.0007000000000516593,0.0003999999998995918,-0.014939999999995734,-2.9999999995311555e-05,-1.5000000004761205e-05,2755,0,1,1,0,1,0,1.3,3385.1612949564583,89.25501304753266,11195.405882496236,412,0
1069.25,1.3,12.5,-2.6,2181.296,80.06383,-0.8817000000003645,0.00039999999944484443,-0.00030000000060681487,-0.014960000000002083,-2.0000000006348273e-05,9.999999988963282e-06,2756,0,1,1,0,1,0,1.3,3384.7246372506347,89.2516792850925,11198.023437800937,413,0
1069.75,1.3,12.5,-2.6,2180.4148,80.04885,-0.8811999999998079,0.0005000000005566108,0.00010000000111176632,-0.01497999999999422,-1.9999999992137418e-05,1.4210854715202004e-14,2757,0,1,1,0,1,0,1.3,3384.2879766860046,89.24834250870195,11200.639935665597,414,0
1069.75,1.3,12.5,-2.6,2179.534,80.03385,-0.8807999999999083,0.0003999999998995918,-0.00010000000065701897,-0.015000000000000568,-2.0000000006348273e-05,-1.4210854715202004e-14,2758,0,1,1,0,1,0,1.3,3383.851313410656,89.24500271438927,11203.255376570214,415,0
1070.25,1.3,12.5,-2.6,2178.6536,80.01884,-0.8804000000000087,0.0003999999998995918,0.0,-0.015010000000003743,-1.0000000003174137e-05,1.0000000003174137e-05,2759,0,1,1,0,1,0,1.3,3383.4146475724638,89.2416599018116,11205.86976099479,416,0
1069.25,1.3,12.5,-2.6,2177.774,80.0038,-0.8796000000002095,0.0007999999997991836,0.0003999999998995918,-0.015039999999999054,-2.9999999995311555e-05,-1.9999999992137418e-05,2760,0,1,1,0,1,0,1.3,3382.9779794639626,89.23831406338283,11208.483089899324,417,0
1070.75,1.3,12.5,-2.6,2176.8945,79.98874,-0.8795000000000073,0.00010000000020227162,-0.000699999999596912,-0.015059999999991192,-1.9999999992137418e-05,1.0000000003174137e-05,2761,0,1,0,1,1,0,1.3,3382.541309123823,89.23496519514845,11211.095363403814,418,0
1069.75,1.3,12.5,-2.6,2176.0159,79.97366,-0.8786000000000058,0.0009000000000014552,0.0007999999997991836,-0.01508000000001175,-2.0000000020559128e-05,-2.842170943040401e-14,2762,0,1,0,1,1,0,1.3,3382.1046368802026,89.23161329315961,11213.706582588264,419,0
1072.25,1.3,12.5,-2.6,2175.1375,79.958565,-0.878400000000056,0.0001999999999497959,-0.0007000000000516593,-0.015095000000002301,-1.499999999055035e-05,5.000000030008778e-06,2763,0,1,0,1,1,0,1.3,3381.6679628075253,89.22825835528221,11216.31674769267,420,0
1073.75,1.3,12.5,-2.6,2174.2598,79.94344,-0.8777000000000044,0.0007000000000516593,0.0005000000001018634,-0.015124999999997613,-2.9999999995311555e-05,-1.5000000004761205e-05,2764,0,1,0,1,1,0,1.3,3381.23128716094,89.22490037396022,11218.925859557034,421,0
1073.75,1.2,12.5,-2.6,2173.3826,79.92831,-0.8771999999999025,0.0005000000001018634,-0.0001999999999497959,-0.0151299999999992,-5.000000001587068e-06,2.4999999993724487e-05,2765,0,1,0,1,1,0,1.4000000000000001,3380.7946101229213,89.22153935068691,11221.533918781357,422,0
1071.25,1.2,12.5,-2.6,2172.506,79.91315,-0.8766000000000531,0.0005999999998493877,9.999999974752427e-05,-0.015159999999994511,-2.9999999995311555e-05,-2.4999999993724487e-05,2766,0,1,0,1,1,0,1.4000000000000001,3380.357931911818,89.21817527791832,11224.140926085636,423,0
1071.75,1.2,12.5,-2.4,2171.6301,79.89797,-0.8759000000000015,0.0007000000000516593,0.00010000000020227162,-0.01518000000000086,-2.0000000006348273e-05,9.999999988963282e-06,2767,0,1,0,1,1,0,1.2,3379.9212527817917,89.2148081517341,11226.746882309875,424,0
1072.75,1.2,12.5,-2.4,2170.7546,79.882774,-0.8754999999996471,0.00040000000035433914,-0.00029999999969732016,-0.015196000000003096,-1.6000000002236447e-05,4.0000000041118255e-06,2768,0,1,0,1,1,0,1.2,3379.4845728782952,89.21143796966413,11229.35178793407,425,0
1074.75,1.2,12.5,-2.4,2169.8796,79.86756,-0.875,0.0004999999996471161,9.999999929277692e-05,-0.015214000000000283,-1.7999999997186933e-05,-1.9999999949504854e-06,2769,0,1,0,1,1,0,1.2,3379.0478923826718,89.20806472851986,11231.955643558225,426,0
1074.5,1.2,12.5,-2.4,2169.0054,79.852325,-0.8742000000002008,0.0007999999997991836,0.0003000000001520675,-0.015235000000004106,-2.1000000003823516e-05,-3.000000006636583e-06,2770,0,1,0,1,1,0,1.2,3378.6112115842657,89.20468842403464,11234.558450142338,427,0
1073.25,1.2,12.5,-2.4,2168.1316,79.83707,-0.8737999999998465,0.00040000000035433914,-0.00039999999944484443,-0.015254999999996244,-1.9999999992137418e-05,1.0000000116860974e-06,2771,0,1,0,1,1,0,1.2,3378.1745306277057,89.2013090523088,11237.160208166408,428,0
1074.25,1.2,12.5,-2.4,2167.2585,79.82179,-0.8731000000002496,0.000699999999596912,0.0002999999992425728,-0.015280000000004179,-2.500000000793534e-05,-5.000000015797923e-06,2772,0,1,0,1,1,0,1.2,3377.7378497655964,89.19792660764514,11239.760918470436,429,0
1073.25,1.2,12.5,-2.4,2166.386,79.8065,-0.8724999999999454,0.000600000000304135,-9.999999929277692e-05,-0.015289999999993142,-9.999999988963282e-06,1.500000001897206e-05,2773,0,1,0,1,1,0,1.2,3377.301169214131,89.19454108976207,11242.360581774423,430,0
1073.25,1.2,12.5,-2.4,2165.514,79.79119,-0.8719999999998436,0.0005000000001018634,-0.00010000000020227162,-0.01530999999999949,-2.0000000006348273e-05,-1.0000000017384991e-05,2774,0,1,0,1,1,0,1.2,3376.864489153153,89.19115249477478,11244.959198678367,431,0
1072.25,1.2,12.5,-2.4,2164.6428,79.77586,-0.8712000000000444,0.0007999999997991836,0.00029999999969732016,-0.015330000000005839,-2.0000000006348273e-05,0.0,2775,0,1,0,1,1,0,1.2,3376.4278098703167,89.18776081880404,11247.556770142271,432,0
1071.75,1.2,12.5,-2.4,2163.772,79.76051,-0.8708000000001448,0.0003999999998995918,-0.0003999999998995918,-0.015349999999997976,-1.9999999992137418e-05,1.4210854715202004e-14,2776,0,1,0,1,1,0,1.2,3375.991131508822,89.18436605797623,11250.153296646131,433,0
1073.25,1.2,12.5,-2.4,2162.902,79.74514,-0.8699999999998909,0.0008000000002539309,0.00040000000035433914,-0.015369999999990114,-1.9999999992137418e-05,0.0,2777,0,1,0,1,1,0,1.2,3375.5544543556516,89.18096820842334,11252.748779149952,434,0
1072.25,1.2,12.5,-2.4,2162.0327,79.72975,-0.8692999999998392,0.0007000000000516593,-0.00010000000020227162,-0.015390000000010673,-2.0000000020559128e-05,-2.842170943040401e-14,2778,0,1,0,1,1,0,1.2,3375.117778661389,89.17756726628284,11255.343218493728,435,0
1071.25,1.2,12.5,-2.4,2161.1638,79.71435,-0.8689000000003944,0.00039999999944484443,-0.00030000000060681487,-0.015399999999999636,-9.999999988963282e-06,1.0000000031595846e-05,2779,0,1,0,1,1,0,1.2,3374.6811045683453,89.17416323129497,11257.936615157465,436,0
1070.75,1.2,12.5,-2.4,2160.296,79.69892,-0.8677999999999884,0.0011000000004059984,0.000700000000961154,-0.015429999999994948,-2.9999999995311555e-05,-2.0000000006348273e-05,2780,0,1,0,1,1,0,1.2,3374.2444324703342,89.17075609600863,11260.528970461159,437,0
1070.25,1.2,12.5,-2.4,2159.4285,79.68348,-0.8674999999998363,0.0003000000001520675,-0.0008000000002539309,-0.015439999999998122,-1.0000000003174137e-05,1.9999999992137418e-05,2781,0,1,0,1,1,0,1.2,3373.807762473041,89.16734586017255,11263.120284764811,438,0
1070.25,1.2,12.5,-2.4,2158.5618,79.66802,-0.8667000000000371,0.0007999999997991836,0.0004999999996471161,-0.01546000000000447,-2.0000000006348273e-05,-1.0000000003174137e-05,2782,0,1,0,1,1,0,1.2,3373.37109486166,89.1639325199425,11265.710559028423,439,0
1070.25,1.2,12.5,-2.4,2157.6958,79.65254,-0.8659999999999854,0.0007000000000516593,-9.999999974752427e-05,-0.015479999999996608,-1.9999999992137418e-05,1.4210854715202004e-14,2783,0,1,0,1,1,0,1.2,3372.9344298850574,89.16051607147989,11268.299794091992,440,0
1069.25,1.2,12.5,-2.4,2156.8306,79.63704,-0.8652000000001863,0.0007999999997991836,9.999999974752427e-05,-0.015500000000002956,-2.0000000006348273e-05,-1.4210854715202004e-14,2784,0,1,0,1,1,0,1.2,3372.4977678276477,89.15709651095153,11270.88799091552,441,0
1067.25,1.2,12.5,-2.4,2155.9658,79.62152,-0.8647999999998319,0.00040000000035433914,-0.00039999999944484443,-0.015519999999995093,-1.9999999992137418e-05,1.4210854715202004e-14,2785,0,1,0,1,1,0,1.2,3372.0611088298633,89.15367383452978,11273.475149979005,442,0
1067.5,1.2,12.5,-2.4,2155.102,79.60599,-0.863800000000083,0.0009999999997489795,0.0005999999993946403,-0.015529999999998267,-1.0000000003174137e-05,9.999999988963282e-06,2786,0,1,0,1,1,0,1.2,3371.624453247219,89.15024804198062,11276.061272482451,443,0
1069.25,1.2,12.5,-2.4,2154.2388,79.59044,-0.8631999999997788,0.000600000000304135,-0.00039999999944484443,-0.015550000000004616,-2.0000000006348273e-05,-1.0000000003174137e-05,2787,0,1,0,1,1,0,1.2,3371.187801291248,89.1468191294835,11278.646359145854,444,0
1067.75,1.2,12.5,-2.4,2153.3762,79.57487,-0.8625999999999294,0.0005999999998493877,-4.547473508864641e-13,-0.015569999999996753,-1.9999999992137418e-05,1.4210854715202004e-14,2788,0,1,0,1,1,0,1.2,3370.7511531731802,89.14338709322338,11281.230410689217,445,0
1066.75,1.2,12.5,-2.4,2152.5146,79.55928,-0.8616000000001804,0.0009999999997489795,0.0003999999998995918,-0.015590000000003101,-2.0000000006348273e-05,-1.4210854715202004e-14,2789,0,1,0,1,1,0,1.2,3370.3145092473114,89.13995192939068,11283.813428312536,446,0
1065.75,1.2,12.5,-2.4,2151.6536,79.54367,-0.8609999999998763,0.000600000000304135,-0.00039999999944484443,-0.015609999999995239,-1.9999999992137418e-05,1.4210854715202004e-14,2790,0,1,0,1,1,0,1.2,3369.8778697241137,89.1365136341813,11286.395412735816,447,0
1066.25,1.2,12.5,-2.4,2150.7935,79.52805,-0.8600999999998749,0.0009000000000014552,0.00029999999969732016,-0.015620000000012624,-1.0000000017384991e-05,9.999999974752427e-06,2791,0,1,0,1,1,0,1.2,3369.4412349212034,89.13307220737822,11288.976365039054,448,0
1066.25,1.2,12.5,-2.4,2149.9338,79.512405,-0.85970000000043,0.00039999999944484443,-0.0005000000005566108,-0.015644999999992137,-2.4999999979513632e-05,-1.499999996212864e-05,2792,0,1,0,1,1,0,1.2,3369.0046049767275,89.1296276433942,11291.55628570225,449,0
1066.25,1.2,12.5,-2.4,2149.0752,79.49675,-0.8585999999995693,0.0011000000008607458,0.0007000000014159014,-0.01565499999999531,-1.0000000003174137e-05,1.4999999976339495e-05,2793,0,1,0,1,1,0,1.2,3368.567980279169,89.12617994201861,11294.135176045407,450,0
1066.25,1.2,12.5,-2.4,2148.2173,79.48107,-0.8579000000004271,0.0006999999991421646,-0.0004000000017185812,-0.015680000000003247,-2.500000000793534e-05,-1.5000000004761205e-05,2794,0,1,0,1,1,0,1.2,3368.1313610733455,89.12272909767441,11296.71303690852,451,0
1065.75,1.2,12.5,-2.4,2147.36,79.46538,-0.8572999999996682,0.0006000000007588824,-9.999999838328222e-05,-0.01569000000000642,-1.0000000003174137e-05,1.5000000004761205e-05,2795,0,1,0,1,1,0,1.2,3367.6947475679544,89.11927511015736,11299.289869011594,452,0
1064.75,1.2,12.5,-2.4,2146.504,79.44967,-0.8560000000002219,0.0012999999994462996,0.0006999999986874172,-0.01570999999999856,-1.9999999992137418e-05,-9.999999988963282e-06,2796,0,1,0,1,1,0,1.2,3367.2581402216665,89.11581797568824,11301.865673914626,453,0
1066.25,1.2,12.5,-2.4,2145.6482,79.433945,-0.8557999999998174,0.00020000000040454324,-0.0010999999990417564,-0.01572500000000332,-1.5000000004761205e-05,4.9999999873762135e-06,2797,0,1,0,1,1,0,1.2,3366.821539099357,89.1123576922802,11304.440451857618,454,0
1066.75,1.2,12.5,-2.4,2144.7937,79.4182,-0.8544999999999163,0.001299999999901047,0.0010999999994965037,-0.015744999999995457,-1.9999999992137418e-05,-4.9999999873762135e-06,2798,0,1,0,1,1,0,1.2,3366.384944658807,89.10889425616293,11307.014204400568,455,0
1067.0,1.2,12.5,-2.4,2143.9397,79.402435,-0.8540000000002692,0.0004999999996471161,-0.0008000000002539309,-0.015765000000001805,-2.0000000006348273e-05,-1.4210854715202004e-14,2799,0,1,0,1,1,0,1.2,3365.9483570714287,89.10542766357143,11309.586932143477,456,0
1069.25,1.2,12.5,-2.4,2143.0867,79.38666,-0.8530000000000655,0.0010000000002037268,0.0005000000005566108,-0.01577499999999077,-9.999999988963282e-06,1.0000000017384991e-05,2800,0,1,0,1,1,0,1.2,3365.5117766868975,89.10195791431632,11312.158636286345,457,0
1069.5,1.2,12.5,-2.4,2142.2344,79.370865,-0.8523000000000138,0.0007000000000516593,-0.0003000000001520675,-0.015795000000011328,-2.0000000020559128e-05,-1.0000000031595846e-05,2801,0,1,0,1,1,0,1.2,3365.075203747323,89.09848500463954,11314.729317669173,458,0
1067.25,1.2,12.5,-2.4,2141.3828,79.35505,-0.8515999999999622,0.0007000000000516593,0.0,-0.015814999999989254,-1.9999999977926564e-05,4.263256414560601e-14,2802,0,1,0,1,1,0,1.2,3364.6386384944703,89.09500893078844,11317.298977131959,459,0
1067.25,1.2,12.5,-2.4,2140.5325,79.33922,-0.8503000000000611,0.001299999999901047,0.0005999999998493877,-0.015830000000008226,-1.500000001897206e-05,4.999999958954504e-06,2803,0,1,0,1,1,0,1.2,3364.2020813837375,89.09152969079886,11319.867616234704,460,0
1066.75,1.2,12.5,-2.4,2139.6826,79.32337,-0.8498999999997068,0.00040000000035433914,-0.0008999999995467078,-0.015850000000000364,-1.9999999992137418e-05,-4.999999973165359e-06,2804,0,1,0,1,1,0,1.2,3363.7655325490196,89.08804728092692,11322.43523545741,461,0
1066.75,1.2,12.5,-2.4,2138.8337,79.30751,-0.8488999999999578,0.0009999999997489795,0.0005999999993946403,-0.015860000000003538,-1.0000000003174137e-05,9.999999988963282e-06,2805,0,1,0,1,1,0,1.2,3363.3289923378475,89.08456170099785,11325.001836000074,462,0
1066.75,1.2,12.5,-2.4,2137.9858,79.29163,-0.8479000000002088,0.0009999999997489795,0.0,-0.015879999999995675,-1.9999999992137418e-05,-9.999999988963282e-06,2806,0,1,0,1,1,0,1.2,3362.8924610972567,89.08107294727466,11327.567419062696,463,0
1068.25,1.2,12.5,-2.4,2137.1387,79.27574,-0.8470999999999549,0.0008000000002539309,-0.00019999999949504854,-0.01588999999999885,-1.0000000003174137e-05,9.999999988963282e-06,2807,0,1,0,1,1,0,1.2,3362.4559391025646,89.07758101958689,11330.13198560528,464,0
1069.25,1.2,12.5,-2.4,2136.2925,79.25983,-0.8461999999999534,0.0009000000000014552,9.999999974752427e-05,-0.015910000000005198,-2.0000000006348273e-05,-1.0000000003174137e-05,2808,0,1,0,1,1,0,1.2,3362.019426664293,89.07408591420435,11332.69553670782,465,0
1068.25,1.2,12.5,-2.4,2135.4473,79.2439,-0.8452000000002045,0.0009999999997489795,9.999999974752427e-05,-0.015929999999997335,-1.9999999992137418e-05,1.4210854715202004e-14,2809,0,1,0,1,1,0,1.2,3361.5829241281135,89.07058762740213,11335.258073570323,466,0
1068.5,1.2,12.5,-2.4,2134.6028,79.22796,-0.844499999999698,0.0007000000005064066,-0.0002999999992425728,-0.01594000000000051,-1.0000000003174137e-05,9.999999988963282e-06,2810,0,1,0,1,1,0,1.2,3361.1464317324794,89.06708615901815,11337.819597032783,467,0
1068.25,1.2,12.5,-2.4,2133.7595,79.212,-0.8432999999999993,0.0011999999996987754,0.0004999999991923687,-0.015959999999992647,-1.9999999992137418e-05,-9.999999988963282e-06,2811,0,1,0,1,1,0,1.2,3360.7099498933144,89.06358150533428,11340.380108535204,468,0
1070.25,1.2,12.5,-2.4,2132.9167,79.19602,-0.8427999999998974,0.0005000000001018634,-0.000699999999596912,-0.015979999999998995,-2.0000000006348273e-05,-1.4210854715202004e-14,2812,0,1,0,1,1,0,1.2,3360.2734787771064,89.06007366263775,11342.939608677585,469,0
1071.75,1.2,12.5,-2.4,2132.0752,79.18003,-0.8414999999999964,0.001299999999901047,0.0007999999997991836,-0.01599000000000217,-1.0000000003174137e-05,1.0000000003174137e-05,2813,0,1,0,1,1,0,1.2,3359.8370188343993,89.05656263077469,11345.498099019924,470,0
1070.75,1.2,12.5,-2.4,2131.2346,79.164024,-0.8406000000004497,0.0008999999995467078,-0.00040000000035433914,-0.016006000000004406,-1.6000000002236447e-05,-5.999999999062311e-06,2814,0,1,0,1,1,0,1.2,3359.4005703730018,89.05304840746004,11348.055580642224,471,0
1070.5,1.2,12.5,-2.4,2130.3948,79.147995,-0.839799999999741,0.0008000000007086783,-9.999999883802957e-05,-0.01602900000000318,-2.2999999998774e-05,-6.999999996537554e-06,2815,0,1,0,1,1,0,1.2,3358.9641336647724,89.04953098792613,11350.612054504481,472,0
1069.75,1.2,12.5,-2.4,2129.5562,79.13196,-0.8386000000000422,0.0011999999996987754,0.0003999999989900971,-0.01603499999998803,-5.999999984851456e-06,1.7000000013922545e-05,2816,0,1,0,1,1,0,1.2,3358.527709123181,89.04601037344693,11353.1675220467,473,0
1070.25,1.2,12.5,-2.4,2128.7183,79.115906,-0.8378999999999905,0.0007000000000516593,-0.0004999999996471161,-0.016054000000011115,-1.9000000023083885e-05,-1.3000000038232429e-05,2817,0,1,0,1,1,0,1.2,3358.091296983677,89.04248656068134,11355.721984108879,474,0
1071.75,1.2,12.5,-2.4,2127.8813,79.09983,-0.8369999999999891,0.0009000000000014552,0.0001999999999497959,-0.016075999999998203,-2.1999999987087904e-05,-2.9999999640040187e-06,2818,0,1,0,1,1,0,1.2,3357.6548975523233,89.0389595452288,11358.275441771018,475,0
1070.25,1.2,12.5,-2.4,2127.0454,79.08375,-0.8359000000000378,0.001099999999951251,0.0001999999999497959,-0.016080000000002315,-4.0000000041118255e-06,1.7999999982976078e-05,2819,0,1,0,1,1,0,1.2,3357.218511205674,89.03542932907801,11360.827896353116,476,0
1071.25,1.2,12.5,-2.4,2126.2107,79.06765,-0.8346999999998843,0.0012000000001535227,0.00010000000020227162,-0.016099999999994452,-1.9999999992137418e-05,-1.5999999988025593e-05,2820,0,1,0,1,1,0,1.2,3356.782138355193,89.03189590854306,11363.379349295174,477,0
1071.75,1.2,12.5,-2.4,2125.3767,79.05153,-0.8340000000002874,0.000699999999596912,-0.0005000000005566108,-0.0161200000000008,-2.0000000006348273e-05,-1.4210854715202004e-14,2821,0,1,0,1,1,0,1.2,3356.3457792345857,89.0283592799433,11365.929801437193,478,0
1071.5,1.2,12.5,-2.4,2124.544,79.0354,-0.8326999999999316,0.0013000000003557943,0.0006000000007588824,-0.016130000000003974,-1.0000000003174137e-05,1.0000000003174137e-05,2822,0,1,0,1,1,0,1.2,3355.909434289763,89.02481944314559,11368.47925433917,479,0
1072.25,1.2,12.5,-2.4,2123.712,79.01926,-0.83199999999988,0.0007000000000516593,-0.000600000000304135,-0.016139999999992938,-9.999999988963282e-06,1.4210854715202004e-14,2823,0,1,0,1,1,0,1.2,3355.473103753541,89.02127639801701,11371.027708841108,480,0
1071.75,1.2,12.5,-2.4,2122.881,79.0031,-0.831000000000131,0.0009999999997489795,0.00029999999969732016,-0.016159999999999286,-2.0000000006348273e-05,-1.0000000017384991e-05,2824,0,1,0,1,1,0,1.2,3355.036787964602,89.01773014088495,11373.575166143006,481,0
1071.25,1.2,12.5,-2.4,2122.0513,78.986916,-0.8296999999997752,0.0013000000003557943,0.00030000000060681487,-0.016184000000009746,-2.40000000104601e-05,-4.0000000041118255e-06,2825,0,1,0,1,1,0,1.2,3354.6004873673032,89.01418066666668,11376.121627804865,482,0
1069.75,1.2,12.5,-2.4,2121.2224,78.970726,-0.828899999999976,0.0007999999997991836,-0.0005000000005566108,-0.016189999999994598,-5.999999984851456e-06,1.8000000025608642e-05,2826,0,1,0,1,1,0,1.2,3354.164202228511,89.0106279766537,11378.667094786684,483,0
1068.75,1.2,12.5,-2.4,2120.3948,78.95452,-0.8276000000000749,0.001299999999901047,0.0005000000001018634,-0.016205999999996834,-1.6000000002236447e-05,-1.0000000017384991e-05,2827,0,1,0,1,1,0,1.2,3353.727932991513,89.00707206859973,11381.211568648463,484,0
1069.75,1.2,12.5,-2.4,2119.568,78.9383,-0.826799999999821,0.0008000000002539309,-0.0004999999996471161,-0.01622000000000412,-1.4000000007285962e-05,1.9999999949504854e-06,2828,0,1,0,1,1,0,1.2,3353.291679922234,89.00351294096853,11383.755050350203,485,0
1068.75,1.2,12.5,-2.4,2118.7424,78.922066,-0.8256000000001222,0.0011999999996987754,0.00039999999944484443,-0.016233999999997195,-1.3999999993075107e-05,1.4210854715202004e-14,2829,0,1,0,1,1,0,1.2,3352.8554434275616,88.99995059222614,11386.297541331902,486,0
1068.75,1.2,12.5,-2.4,2117.9177,78.905815,-0.8247000000001208,0.0009000000000014552,-0.00029999999969732016,-0.016250999999996907,-1.699999999971169e-05,-3.000000006636583e-06,2830,0,1,0,1,1,0,1.2,3352.4192238078417,88.99638501978099,11388.839042673562,487,0
1068.75,1.2,12.5,-2.4,2117.0942,78.88956,-0.8234999999999673,0.0012000000001535227,0.0003000000001520675,-0.01625500000000102,-4.0000000041118255e-06,1.2999999995599865e-05,2831,0,1,0,1,1,0,1.2,3351.9830214689264,88.9928162256356,11391.379555815181,488,0
1070.25,1.2,12.5,-2.4,2116.272,78.873276,-0.8222000000000662,0.001299999999901047,9.999999974752427e-05,-0.016283999999998855,-2.8999999997836312e-05,-2.4999999993724487e-05,2832,0,1,0,1,1,0,1.2,3351.5468368513943,88.98924420296505,11393.919082316763,489,0
1069.75,1.2,12.5,-2.4,2115.4507,78.85699,-0.8213000000000648,0.0009000000000014552,-0.0003999999998995918,-0.016286000000008016,-2.00000000916134e-06,2.6999999988674972e-05,2833,0,1,0,1,1,0,1.2,3351.110670254058,88.9856689544813,11396.457623258304,490,0
1069.75,1.2,12.5,-2.4,2114.6304,78.840675,-0.820299999999861,0.0010000000002037268,0.00010000000020227162,-0.016314999999991642,-2.8999999983625457e-05,-2.6999999974464117e-05,2834,0,1,0,1,1,0,1.2,3350.6745220105818,88.9820904733686,11398.995179839807,491,0
1069.75,1.2,12.5,-2.4,2113.8113,78.824356,-0.8191000000001623,0.0011999999996987754,0.00019999999949504854,-0.016319000000009964,-4.00000001832268e-06,2.4999999965302777e-05,2835,0,1,0,1,1,0,1.2,3350.2383925246827,88.9785087616361,11401.53175350127,492,0
1070.25,1.2,12.5,-2.4,2112.9934,78.80802,-0.8179000000000087,0.0012000000001535227,4.547473508864641e-13,-0.016335999999995465,-1.6999999985500835e-05,-1.2999999967178155e-05,2836,0,1,0,1,1,0,1.2,3349.8022821995064,88.9749238167078,11404.067345682693,493,0
1069.75,1.2,12.5,-2.4,2112.1765,78.79167,-0.816899999999805,0.0010000000002037268,-0.0001999999999497959,-0.01635000000000275,-1.4000000007285962e-05,2.9999999782148734e-06,2837,0,1,0,1,1,0,1.2,3349.36619136716,88.97133563706835,11406.601957584078,494,0
1070.75,1.2,12.5,-2.4,2111.3606,78.775314,-0.815900000000056,0.0009999999997489795,-4.547473508864641e-13,-0.016356000000001814,-5.999999999062311e-06,8.000000008223651e-06,2838,0,1,0,1,1,0,1.2,3348.9301203592813,88.96774422402254,11409.135590405423,495,0
1071.25,1.2,12.5,-2.4,2110.5461,78.758934,-0.8144999999999527,0.0014000000001033186,0.00040000000035433914,-0.016379999999998063,-2.3999999996249244e-05,-1.7999999997186933e-05,2839,0,1,0,1,1,0,1.2,3348.4940696478875,88.9641495725352,11411.66824582673,496,0
1071.25,1.2,12.5,-2.4,2109.7327,78.742546,-0.8134000000000015,0.001099999999951251,-0.0003000000001520675,-0.016387999999992076,-7.999999994012796e-06,1.6000000002236447e-05,2840,0,1,0,1,1,0,1.2,3348.0580395987326,88.96055168321014,11414.199925167997,497,0
1071.75,1.2,12.5,-2.4,2108.9204,78.72614,-0.8123000000000502,0.001099999999951251,0.0,-0.016406000000003473,-1.8000000011397788e-05,-1.0000000017384991e-05,2841,0,1,0,1,1,0,1.2,3347.622030577059,88.9569505531316,11416.730629749225,498,0
1073.25,1.2,12.5,-2.4,2108.1091,78.709724,-0.8112999999998465,0.0010000000002037268,-9.999999974752427e-05,-0.016416000000006647,-1.0000000003174137e-05,8.000000008223651e-06,2842,0,1,0,1,1,0,1.2,3347.1860429124163,88.9533461822019,11419.260360770415,499,0
1072.25,1.2,12.5,-2.4,2107.2993,78.69329,-0.8097999999999956,0.0014999999998508429,0.0004999999996471161,-0.016433999999989624,-1.7999999982976078e-05,-7.999999979801942e-06,2843,0,1,0,1,1,0,1.2,3346.7500771097048,88.94973856751055,11421.789120031564,500,0
1074.25,1.2,12.5,-2.4,2106.4905,78.67685,-0.8088000000002467,0.0009999999997489795,-0.0005000000001018634,-0.016440000000002897,-6.000000013273166e-06,1.1999999969702912e-05,2844,0,1,0,1,1,0,1.2,3346.3141334973634,88.94612771036907,11424.316908732677,501,0
1075.25,1.2,12.5,-2.4,2105.6829,78.66039,-0.8076000000000931,0.0012000000001535227,0.00020000000040454324,-0.016459999999995034,-1.9999999992137418e-05,-1.3999999978864253e-05,2845,0,1,0,1,1,0,1.2,3345.878212473647,88.94251360716795,11426.843728313748,502,0
1075.5,1.2,12.5,-2.4,2104.8765,78.64392,-0.8063999999999396,0.0012000000001535227,0.0,-0.01647000000001242,-1.0000000017384991e-05,9.999999974752427e-06,2846,0,1,0,1,1,0,1.2,3345.442314436249,88.93889625781524,11429.369580214783,503,0
1076.75,1.2,12.5,-2.4,2104.0713,78.62744,-0.8051999999997861,0.0012000000001535227,0.0,-0.01647999999998717,-9.999999974752427e-06,4.263256414560601e-14,2847,0,1,0,1,1,0,1.2,3345.0064397823035,88.9352756622191,11431.89446587578,504,0
1077.0,1.2,12.5,-2.4,2103.2673,78.61094,-0.8040000000000873,0.0011999999996987754,-4.547473508864641e-13,-0.01650000000000773,-2.0000000020559128e-05,-1.00000000458067e-05,2848,0,1,0,1,1,0,1.2,3344.570588908389,88.93165181677782,11434.418386736736,505,0
1077.0,1.2,12.5,-2.4,2102.4646,78.59443,-0.8027000000001863,0.001299999999901047,0.00010000000020227162,-0.016509999999996694,-9.999999988963282e-06,1.0000000031595846e-05,2849,0,1,0,1,1,0,1.2,3344.134762245614,88.92802472140352,11436.941344357654,506,0
1077.25,1.2,12.5,-2.4,2101.663,78.57791,-0.8015999999997803,0.0011000000004059984,-0.00019999999949504854,-0.016519999999999868,-1.0000000003174137e-05,-1.4210854715202004e-14,2850,0,1,0,1,1,0,1.2,3343.698960154332,88.92439437600842,11439.463340058534,507,0
1077.25,1.2,12.5,-2.4,2100.8628,78.56137,-0.8002000000001317,0.0013999999996485712,0.0002999999992425728,-0.016540000000006216,-2.0000000006348273e-05,-1.0000000003174137e-05,2851,0,1,0,1,1,0,1.2,3343.2631830995797,88.9207607769986,11441.984375519374,508,0
1077.75,1.2,12.5,-2.4,2100.0637,78.54482,-0.7990999999997257,0.0011000000004059984,-0.0002999999992425728,-0.01654999999999518,-9.999999988963282e-06,1.0000000017384991e-05,2852,0,1,0,1,1,0,1.2,3342.827431440589,88.91712392429022,11444.504452060179,509,0
1079.25,1.2,12.5,-2.4,2099.266,78.52827,-0.7977000000000771,0.0013999999996485712,0.0002999999992425728,-0.01654999999999518,0.0,9.999999988963282e-06,2853,0,1,0,1,1,0,1.2,3342.391705641205,88.91348382130343,11447.023571360944,510,0
1079.25,1.2,12.5,-2.4,2098.4695,78.511696,-0.7964999999999236,0.0012000000001535227,-0.00019999999949504854,-0.01657400000000564,-2.40000000104601e-05,-2.40000000104601e-05,2854,0,1,0,1,1,0,1.2,3341.9560060945705,88.90984046304729,11449.541734861668,511,0
1079.5,1.2,12.5,-2.4,2097.6743,78.49511,-0.7952000000000226,0.001299999999901047,9.999999974752427e-05,-0.016586000000003764,-1.1999999998124622e-05,1.2000000012335477e-05,2855,0,1,0,1,1,0,1.2,3341.520333228291,88.90619384873949,11452.058944122358,512,0
1079.25,1.2,12.5,-2.4,2096.8804,78.47851,-0.7939000000001215,0.001299999999901047,0.0,-0.01659999999999684,-1.3999999993075107e-05,-1.9999999949504854e-06,2856,0,1,0,1,1,0,1.2,3341.0846874693734,88.90254397689884,11454.575200703008,513,0
1079.0,1.2,12.5,-2.4,2096.0876,78.4619,-0.7928000000001703,0.001099999999951251,-0.0001999999999497959,-0.016610000000000014,-1.0000000003174137e-05,3.999999989900971e-06,2857,0,1,0,1,1,0,1.2,3340.6490691742474,88.89889084744577,11457.09050592362,514,0
1078.25,1.2,12.5,-2.4,2095.2961,78.445274,-0.7914999999998145,0.0013000000003557943,0.00020000000040454324,-0.01662600000000225,-1.6000000002236447e-05,-5.999999999062311e-06,2858,0,1,0,1,1,0,1.2,3340.2134787688,88.89523445820217,11459.604861344194,515,0
1077.75,1.2,12.5,-2.4,2094.506,78.42864,-0.7901000000001659,0.0013999999996485712,9.999999929277692e-05,-0.016633999999996263,-7.999999994012796e-06,8.000000008223651e-06,2859,0,1,0,1,1,0,1.2,3339.7779167132867,88.89157480979021,11462.11826864473,516,0
1076.25,1.2,12.5,-2.4,2093.7173,78.411995,-0.7887000000000626,0.0014000000001033186,4.547473508864641e-13,-0.016644999999996912,-1.100000000064938e-05,-3.000000006636583e-06,2860,0,1,0,1,1,0,1.2,3339.342383467319,88.88791190178259,11464.630729505228,517,0
1076.0,1.2,12.5,-2.4,2092.93,78.39533,-0.7872999999999593,0.0014000000001033186,0.0,-0.01666500000000326,-2.0000000006348273e-05,-9.000000005698894e-06,2861,0,1,0,1,1,0,1.2,3338.906879489867,88.88424573060796,11467.14224560569,518,0
1076.0,1.2,12.5,-2.4,2092.1438,78.37866,-0.786200000000008,0.001099999999951251,-0.0003000000001520675,-0.016670000000004848,-5.000000001587068e-06,1.5000000004761205e-05,2862,0,1,0,1,1,0,1.2,3338.471405134474,88.88057629793923,11469.652818266113,519,0
1075.75,1.2,12.5,-2.4,2091.3591,78.361984,-0.7846999999997024,0.0015000000003055902,0.00040000000035433914,-0.0166759999999897,-5.999999984851456e-06,-9.99999983264388e-07,2863,0,1,0,1,1,0,1.2,3338.0359608938547,88.87690360509777,11472.162449286498,520,0
1077.25,1.2,12.5,-2.4,2090.5757,78.34528,-0.7834000000002561,0.0012999999994462996,-0.0002000000008592906,-0.01670400000000427,-2.8000000014571924e-05,-2.2000000029720468e-05,2864,0,1,0,1,1,0,1.2,3337.600547190227,88.87322764572426,11474.671140226845,521,0
1077.25,1.2,12.5,-2.4,2089.7935,78.32858,-0.7821999999996478,0.00120000000060827,-9.999999883802957e-05,-0.01670000000000016,4.0000000041118255e-06,3.200000001868375e-05,2865,0,1,0,1,1,0,1.2,3337.1651644103276,88.86954842463363,11477.178892527156,522,0
1078.25,1.2,12.5,-2.4,2089.0127,78.31186,-0.7807999999999993,0.0013999999996485712,0.0001999999990403012,-0.016720000000006507,-2.0000000006348273e-05,-2.40000000104601e-05,2866,0,1,0,1,1,0,1.2,3336.7298130101153,88.86586593826298,11479.685707867427,523,0
1078.0,1.2,12.5,-2.4,2088.2334,78.295135,-0.7793000000001484,0.0014999999998508429,0.00010000000020227162,-0.016724999999993884,-4.9999999873762135e-06,1.500000001897206e-05,2867,0,1,0,1,1,0,1.2,3336.294493479777,88.86218018828451,11482.191588047663,524,0
1078.25,1.2,12.5,-2.4,2087.4553,78.27839,-0.7780999999999949,0.0012000000001535227,-0.00029999999969732016,-0.016745000000000232,-2.0000000006348273e-05,-1.500000001897206e-05,2868,0,1,0,1,1,0,1.2,3335.859206204252,88.85849117113978,11484.69653450786,525,0
1079.75,1.2,12.5,-2.4,2086.6787,78.26164,-0.7766000000001441,0.0014999999998508429,0.00029999999969732016,-0.01675000000000182,-5.000000001587068e-06,1.5000000004761205e-05,2869,0,1,0,1,1,0,1.2,3335.423951672474,88.85479888850175,11487.200549048022,526,0
1079.75,1.2,12.5,-2.4,2085.9036,78.24488,-0.7750999999998385,0.0015000000003055902,4.547473508864641e-13,-0.016760000000004993,-1.0000000003174137e-05,-5.000000001587068e-06,2870,0,1,0,1,1,0,1.2,3334.9887303726923,88.85110334029955,11489.703633468145,527,0
1079.75,1.2,12.5,-2.4,2085.1296,78.2281,-0.7739999999998872,0.001099999999951251,-0.00040000000035433914,-0.01677999999999713,-1.9999999992137418e-05,-9.999999988963282e-06,2871,0,1,0,1,1,0,1.2,3334.5535426532033,88.8474045229805,11492.205789088232,528,0
1081.25,1.2,12.5,-2.4,2084.3572,78.21132,-0.7724000000002889,0.0015999999995983671,0.0004999999996471161,-0.01677999999999713,0.0,1.9999999992137418e-05,2872,0,1,0,1,1,0,1.2,3334.118389035851,88.84370243995822,11494.707017828281,529,0
1082.75,1.2,12.5,-2.4,2083.5862,78.19452,-0.7709999999997308,0.001400000000558066,-0.0001999999990403012,-0.01680000000000348,-2.0000000006348273e-05,-2.0000000006348273e-05,2873,0,1,0,1,1,0,1.2,3333.6832699721645,88.83999708768268,11497.207321368292,530,0
1082.75,1.2,12.5,-2.4,2082.8167,78.17771,-0.7695000000003347,0.0014999999993960955,9.999999883802957e-05,-0.016809999999992442,-9.999999988963282e-06,1.0000000017384991e-05,2874,0,1,0,1,1,0,1.2,3333.248185947826,88.83628846608696,11499.706701508268,531,0
1083.25,1.2,12.5,-2.4,2082.0486,78.1609,-0.7680999999997766,0.001400000000558066,-9.999999883802957e-05,-0.016810000000006653,-1.4210854715202004e-14,9.999999974752427e-06,2875,0,1,0,1,1,0,1.2,3332.813137413074,88.83257657858137,11502.205159928206,532,0
1084.25,1.2,12.5,-2.4,2081.2817,78.144066,-0.7669000000000779,0.0011999999996987754,-0.0002000000008592906,-0.016834000000002902,-2.3999999996249244e-05,-2.399999998203839e-05,2876,0,1,0,1,1,0,1.2,3332.3781247480015,88.8288614202294,11504.702698068108,533,0
1085.25,1.2,12.5,-2.4,2080.5166,78.12723,-0.7651000000000749,0.0018000000000029104,0.000600000000304135,-0.016835999999997853,-1.9999999949504854e-06,2.200000000129876e-05,2877,0,1,0,1,1,0,1.2,3331.943148540653,88.82514299374566,11507.199318087973,534,0
1084.25,1.2,12.5,-2.4,2079.7527,78.110374,-0.7638999999999214,0.0012000000001535227,-0.0005999999998493877,-0.0168560000000042,-2.0000000006348273e-05,-1.8000000011397788e-05,2878,0,1,0,1,1,0,1.2,3331.5082091698505,88.82142129558873,11509.6950214278,535,0
1086.25,1.2,12.5,-2.4,2078.9905,78.09351,-0.7622000000001208,0.0016999999998006388,0.0004999999996471161,-0.016863999999998214,-7.999999994012796e-06,1.2000000012335477e-05,2879,0,1,0,1,1,0,1.2,3331.0733071875,88.81769632638888,11512.189810127593,536,0
1085.75,1.2,12.5,-2.4,2078.2295,78.076645,-0.7609999999999673,0.0012000000001535227,-0.0004999999996471161,-0.01686499999999569,-9.999999974752427e-07,6.999999996537554e-06,2880,0,1,0,1,1,0,1.2,3330.6384429711907,88.81396808920513,11514.683685627348,537,0
1086.0,1.2,12.5,-2.4,2077.4702,78.05976,-0.7592999999997119,0.0017000000002553861,0.0005000000001018634,-0.016885000000002037,-2.0000000006348273e-05,-1.900000000887303e-05,2881,0,1,0,1,1,0,1.2,3330.203617071478,88.81023658049965,11517.176649967067,538,0
1086.75,1.2,12.5,-2.4,2076.7122,78.04287,-0.7580000000002656,0.0012999999994462996,-0.0004000000008090865,-0.016890000000003624,-5.000000001587068e-06,1.5000000004761205e-05,2882,0,1,0,1,1,0,1.2,3329.76882989941,88.80650180194242,11519.668704706748,539,0
1086.25,1.2,12.5,-2.4,2075.9558,78.02596,-0.7563999999997577,0.0016000000005078618,0.0003000000010615622,-0.016909999999995762,-1.9999999992137418e-05,-1.499999999055035e-05,2883,0,1,0,1,1,0,1.2,3329.3340819694868,88.80276375,11522.159851766393,540,0
1086.5,1.2,12.5,-2.4,2075.201,78.009056,-0.7548000000001593,0.0015999999995983671,-9.094947017729282e-13,-0.0169039999999967,5.999999999062311e-06,2.599999999119973e-05,2884,0,1,0,1,1,0,1.2,3328.899373795494,88.79902243015599,11524.650093066004,541,0
1086.75,1.2,12.5,-2.4,2074.4475,77.99213,-0.7534999999998035,0.0013000000003557943,-0.0002999999992425728,-0.016925999999997998,-2.200000000129876e-05,-2.800000000036107e-05,2885,0,1,0,1,1,0,1.2,3328.464705786556,88.79527783818433,11527.139430165576,542,0
1086.75,1.2,12.5,-2.4,2073.6958,77.9752,-0.7517000000002554,0.001799999999548163,0.0004999999991923687,-0.01693000000000211,-4.0000000041118255e-06,1.7999999997186933e-05,2886,0,1,0,1,1,0,1.2,3328.03007852442,88.79152997609975,11529.627865225115,543,0
1084.75,1.2,12.5,-2.4,2072.9453,77.95825,-0.7505000000001019,0.0012000000001535227,-0.0005999999993946403,-0.016949999999994247,-1.9999999992137418e-05,-1.5999999988025593e-05,2887,0,1,0,1,1,0,1.2,3327.5954923822715,88.78777884037396,11532.115399684615,544,0
1084.5,1.2,12.5,-2.4,2072.1965,77.9413,-0.7487999999998465,0.0017000000002553861,0.0005000000001018634,-0.01695000000000846,-1.4210854715202004e-14,1.9999999977926564e-05,2888,0,1,0,1,1,0,1.2,3327.1609479058493,88.78402443440636,11534.602035584081,545,0
1084.25,1.2,12.5,-2.4,2071.4492,77.92434,-0.7472999999999956,0.0014999999998508429,-0.00020000000040454324,-0.01695999999999742,-9.999999988963282e-06,-9.999999974752427e-06,2889,0,1,0,1,1,0,1.2,3326.726445570934,88.78026675813149,11537.087774723512,546,0
1083.25,1.2,12.5,-2.4,2070.7036,77.90737,-0.745600000000195,0.0016999999998006388,0.0001999999999497959,-0.016970000000000596,-1.0000000003174137e-05,-1.4210854715202004e-14,2890,0,1,0,1,1,0,1.2,3326.2919859218264,88.77650581148391,11539.572619142904,547,0
1084.25,1.2,12.5,-2.4,2069.9595,77.89039,-0.7440999999998894,0.0015000000003055902,-0.00019999999949504854,-0.01698000000000377,-1.0000000003174137e-05,0.0,2891,0,1,0,1,1,0,1.2,3325.8575694329184,88.77274159439834,11542.056570642262,548,0
1085.25,1.2,12.5,-2.4,2069.2168,77.8734,-0.7426999999997861,0.0014000000001033186,-0.00010000000020227162,-0.016989999999992733,-9.999999988963282e-06,1.4210854715202004e-14,2892,0,1,0,1,1,0,1.2,3325.423196543381,88.76897410680954,11544.539630901585,549,0
1086.25,1.2,12.5,-2.4,2068.4758,77.8564,-0.7409999999999854,0.0016999999998006388,0.00029999999969732016,-0.017000000000010118,-1.0000000017384991e-05,-2.842170943040401e-14,2893,0,1,0,1,1,0,1.2,3324.9888677954386,88.76520334865239,11547.021801960873,550,0
1085.25,1.2,12.5,-2.4,2067.7366,77.839386,-0.7391999999999825,0.0018000000000029104,0.00010000000020227162,-0.017013999999988982,-1.3999999978864253e-05,-3.999999961479261e-06,2894,0,1,0,1,1,0,1.2,3324.554583765112,88.76142931848014,11549.503085980123,551,0
1085.0,1.2,12.5,-2.4,2066.9985,77.822365,-0.7381000000000313,0.001099999999951251,-0.0007000000000516593,-0.01702099999999973,-7.000000010748408e-06,6.999999968115844e-06,2895,0,1,0,1,1,0,1.2,3324.1203447859116,88.7576520172652,11551.983484279339,552,0
1086.75,1.2,12.5,-2.4,2066.2625,77.80534,-0.7360000000003311,0.0020999999997002305,0.0009999999997489795,-0.017025000000003843,-4.0000000041118255e-06,3.000000006636583e-06,2896,0,1,0,1,1,0,1.2,3323.6861515360715,88.75387144701415,11554.46299937852,553,0
1086.75,1.2,12.5,-2.4,2065.5278,77.7883,-0.7346999999999753,0.0013000000003557943,-0.0007999999993444362,-0.017039999999994393,-1.499999999055035e-05,-1.0999999986438525e-05,2897,0,1,0,1,1,0,1.2,3323.2520044168396,88.75008760593512,11556.941632837665,554,0
1086.25,1.2,12.5,-2.4,2064.795,77.771255,-0.7327999999997701,0.001900000000205182,0.0005999999998493877,-0.01704500000001019,-5.000000015797923e-06,9.999999974752427e-06,2898,0,1,0,1,1,0,1.2,3322.8179040358746,88.74630049568816,11559.419386936775,555,0
1085.25,1.2,12.5,-2.4,2064.0635,77.7542,-0.731499999999869,0.001299999999901047,-0.000600000000304135,-0.017054999999999154,-9.999999988963282e-06,-4.999999973165359e-06,2899,0,1,0,1,1,0,1.2,3322.3838507931036,88.74251011620689,11561.89626323585,556,0
1085.0,1.2,12.5,-2.4,2063.3337,77.73714,-0.7298000000000684,0.0016999999998006388,0.0003999999998995918,-0.01706000000000074,-5.000000001587068e-06,4.9999999873762135e-06,2900,0,1,0,1,1,0,1.2,3321.9498452257844,88.73871646914857,11564.37226377489,557,0
1085.0,1.2,12.5,-2.4,2062.6057,77.72006,-0.7280000000000655,0.0018000000000029104,0.00010000000020227162,-0.01707999999999288,-1.9999999992137418e-05,-1.499999999055035e-05,2901,0,1,0,1,1,0,1.2,3321.515887904893,88.73491955099931,11566.847390713896,558,0
1085.0,1.2,12.5,-2.4,2061.8792,77.70299,-0.7265000000002146,0.0014999999998508429,-0.0003000000001520675,-0.017070000000003915,9.999999988963282e-06,2.99999999811007e-05,2902,0,1,0,1,1,0,1.2,3321.0819792972784,88.73111936858423,11569.321645852866,559,0
1085.25,1.2,12.5,-2.4,2061.1545,77.6859,-0.724699999999757,0.0018000000004576577,0.00030000000060681487,-0.017089999999996053,-1.9999999992137418e-05,-2.99999999811007e-05,2903,0,1,0,1,1,0,1.2,3320.6481199724517,88.72731591838843,11571.795031351801,560,0
1084.25,1.2,12.5,-2.4,2060.4314,77.66879,-0.7231000000001586,0.0015999999995983671,-0.0002000000008592906,-0.0171100000000024,-2.0000000006348273e-05,-1.4210854715202004e-14,2904,0,1,0,1,1,0,1.2,3320.2143104302922,88.72350919690189,11574.267549130702,561,0
1083.75,1.2,12.5,-2.4,2059.71,77.65169,-0.7213999999999032,0.0017000000002553861,0.00010000000065701897,-0.017099999999999227,1.0000000003174137e-05,3.000000000952241e-05,2905,0,1,0,1,1,0,1.2,3319.7805512044047,88.71969921094288,11576.739201229568,562,0
1083.75,1.2,12.5,-2.4,2058.9902,77.634575,-0.7197999999998501,0.0016000000000531145,-0.00010000000020227162,-0.017115000000003988,-1.5000000004761205e-05,-2.500000000793534e-05,2906,0,1,0,1,1,0,1.2,3319.3468427932576,88.71588595872032,11579.209989568399,563,0
1082.75,1.2,12.5,-2.4,2058.272,77.617455,-0.7182000000002517,0.0015999999995983671,-4.547473508864641e-13,-0.017119999999991364,-4.9999999873762135e-06,1.0000000017384991e-05,2907,0,1,0,1,1,0,1.2,3318.9131856946356,88.71206944188445,11581.679916067196,564,0
1080.75,1.2,12.5,-2.4,2057.5557,77.60032,-0.7163000000000466,0.001900000000205182,0.00030000000060681487,-0.017135000000010336,-1.500000001897206e-05,-1.0000000031595846e-05,2908,0,1,0,1,1,0,1.2,3318.479580508766,88.70824965864558,11584.14898300596,565,0
1079.25,1.2,12.5,-2.4,2056.841,77.583176,-0.7146999999999935,0.0016000000000531145,-0.0003000000001520675,-0.017144000000001824,-8.999999991488039e-06,6.00000002748402e-06,2909,0,1,0,1,1,0,1.2,3318.046027731959,88.70442660927836,11586.617192304688,566,0
1079.75,1.2,12.5,-2.4,2056.1282,77.56603,-0.7127999999997883,0.001900000000205182,0.0003000000001520675,-0.017145999999996775,-1.9999999949504854e-06,6.999999996537554e-06,2910,0,1,0,1,1,0,1.2,3317.6125279628995,88.70060029646169,11589.08454624338,567,0
1079.5,1.2,12.5,-2.4,2055.4167,77.548874,-0.7114999999998872,0.001299999999901047,-0.000600000000304135,-0.01715599999999995,-1.0000000003174137e-05,-8.000000008223651e-06,2911,0,1,0,1,1,0,1.2,3317.179081593407,88.69677072012362,11591.551046382041,568,0
1080.75,1.2,12.5,-2.4,2054.7073,77.531715,-0.709400000000187,0.0020999999997002305,0.0007999999997991836,-0.017158999999992375,-2.999999992425728e-06,7.000000010748408e-06,2912,0,1,0,1,1,0,1.2,3316.7456892893924,88.69293788259526,11594.016695240667,569,0
1081.75,1.2,12.5,-2.4,2053.9995,77.51454,-0.7078000000001339,0.0016000000000531145,-0.0004999999996471161,-0.017175000000008822,-1.6000000016447302e-05,-1.3000000024021574e-05,2913,0,1,0,1,1,0,1.2,3316.312351544269,88.68910178174332,11596.481494739259,570,0
1080.75,1.2,12.5,-2.4,2053.2937,77.49736,-0.7057999999997264,0.0020000000004074536,0.00040000000035433914,-0.0171799999999962,-4.9999999873762135e-06,1.1000000029071089e-05,2914,0,1,0,1,1,0,1.2,3315.879068987993,88.68526241921097,11598.945447277818,571,0
1082.25,1.2,12.5,-2.4,2052.5894,77.48017,-0.7043000000003303,0.0014999999993960955,-0.0005000000010113581,-0.017189999999999372,-1.0000000003174137e-05,-5.000000015797923e-06,2915,0,1,0,1,1,0,1.2,3315.4458420781893,88.68141979492455,11601.408554656342,572,0
1083.25,1.2,12.5,-2.4,2051.887,77.46298,-0.7023999999996704,0.0019000000006599294,0.00040000000126383384,-0.017189999999999372,0.0,1.0000000003174137e-05,2916,0,1,0,1,1,0,1.2,3315.012671408982,88.6775739122386,11603.870819154832,573,0
1085.25,1.2,12.5,-2.4,2051.186,77.44578,-0.7010000000000218,0.0013999999996485712,-0.0005000000010113581,-0.017200000000002547,-1.0000000003174137e-05,-1.0000000003174137e-05,2917,0,1,0,1,1,0,1.2,3314.57955740233,88.67372477107608,11606.332242453289,574,0
1083.75,1.2,13.5,-2.4,2050.4873,77.428566,-0.6987000000003718,0.0022999999996500264,0.0009000000000014552,-0.01721399999999562,-1.3999999993075107e-05,-3.999999989900971e-06,2918,0,1,0,1,1,0,1.2,3314.146500787941,88.66987236998972,11608.792827311712,575,0
1084.0,1.2,13.5,-2.4,2049.79,77.411354,-0.6972999999998137,0.001400000000558066,-0.0008999999990919605,-0.01721200000000067,1.9999999949504854e-06,1.5999999988025593e-05,2919,0,1,0,1,1,0,1.2,3313.7135019863013,88.6660167130137,11611.252575410103,576,0
1083.25,1.2,13.5,-2.4,2049.0947,77.39413,-0.695299999999861,0.0019999999999527063,0.0005999999993946403,-0.017223999999998796,-1.1999999998124622e-05,-1.3999999993075107e-05,2920,0,1,0,1,1,0,1.2,3313.280561622732,88.66215779938378,11613.71148914846,577,0
1083.25,1.2,13.5,-2.4,2048.4011,77.3769,-0.6936000000000604,0.0016999999998006388,-0.0003000000001520675,-0.017229999999997858,-5.999999999062311e-06,5.999999999062311e-06,2921,0,1,0,1,1,0,1.2,3312.8476802190276,88.65829563039014,11616.169570566783,578,0
1083.25,1.2,13.5,-2.4,2047.7095,77.35966,-0.6916000000001077,0.0019999999999527063,0.0003000000001520675,-0.017240000000001032,-1.0000000003174137e-05,-4.0000000041118255e-06,2922,0,1,0,1,1,0,1.2,3312.4148583989054,88.65443020595279,11618.626822065073,579,0
1083.75,1.2,13.5,-2.4,2047.0195,77.342415,-0.6899999999998272,0.0016000000002804882,-0.0003999999996722181,-0.01724500000000262,-5.000000001587068e-06,5.000000001587068e-06,2923,0,1,0,1,1,0,1.2,3311.9820966484267,88.65056152770177,11621.08324556333,580,0
1084.0,1.2,13.5,-2.4,2046.3314,77.325165,-0.6881000000000768,0.0018999999997504347,0.0002999999994699465,-0.017250000000004206,-5.000000001587068e-06,0.0,2924,0,1,0,1,1,0,1.2,3311.5493955555557,88.64668959726495,11623.538843341554,581,0
1082.75,1.2,13.5,-2.4,2045.6451,77.30791,-0.6863000000000739,0.0018000000000029104,-9.999999974752427e-05,-0.017254999999991583,-4.9999999873762135e-06,1.4210854715202004e-14,2925,0,1,0,1,1,0,1.2,3311.116755673274,88.64281441626794,11625.993617559745,582,0
1081.75,1.2,13.5,-2.4,2044.9607,77.29064,-0.6843999999998687,0.001900000000205182,0.00010000000020227162,-0.017270000000010555,-1.500000001897206e-05,-1.0000000031595846e-05,2926,0,1,0,1,1,0,1.2,3310.684177587974,88.63893598291766,11628.447570497903,583,0
1082.25,1.2,13.5,-2.4,2044.2782,77.27337,-0.6825000000001182,0.0018999999997504347,-4.547473508864641e-13,-0.017269999999996344,1.4210854715202004e-14,1.5000000033182914e-05,2927,0,1,0,1,1,0,1.2,3310.251661885246,88.63505430054646,11630.900704436028,584,0
1082.75,1.2,13.5,-2.4,2043.5975,77.25609,-0.680699999999888,0.001800000000230284,-9.99999995201506e-05,-0.017279999999999518,-1.0000000003174137e-05,-1.0000000017384991e-05,2928,0,1,0,1,1,0,1.2,3309.8192091157393,88.63116936906793,11633.353021534122,585,0
1081.75,1.2,13.5,-2.4,2042.9187,77.23881,-0.6788000000001375,0.0018999999997504347,9.99999995201506e-05,-0.017279999999999518,0.0,1.0000000003174137e-05,2929,0,1,0,1,1,0,1.2,3309.3868198634814,88.62728119180888,11635.80452407218,586,0
1082.0,1.2,13.5,-2.4,2042.2417,77.22151,-0.6769999999999072,0.001800000000230284,-9.99999995201506e-05,-0.017300000000005866,-2.0000000006348273e-05,-2.0000000006348273e-05,2930,0,1,0,1,1,0,1.2,3308.9544946775845,88.62338976526783,11638.255214210209,587,0
1082.75,1.2,13.5,-2.4,2041.5667,77.204216,-0.6749999999999545,0.0019999999999527063,0.00019999999972242222,-0.017293999999992593,6.000000013273166e-06,2.600000001962144e-05,2931,0,1,0,1,1,0,1.2,3308.522234174625,88.61949509481582,11640.705094348205,588,0
1082.25,1.2,13.5,-2.4,2040.8934,77.18691,-0.6733000000001539,0.0016999999998006388,-0.0003000000001520675,-0.01730600000000493,-1.2000000012335477e-05,-1.8000000025608642e-05,2932,0,1,0,1,1,0,1.2,3308.0900388680534,88.61559717967951,11643.154166526167,589,0
1083.25,1.2,13.5,-2.4,2040.2222,77.1696,-0.6711999999999989,0.002100000000154978,0.00040000000035433914,-0.01730999999999483,-3.999999989900971e-06,8.000000022434506e-06,2933,0,1,0,1,1,0,1.2,3307.657909406953,88.61169602181323,11645.602433264097,590,0
1084.75,1.2,13.5,-2.4,2039.5529,77.15228,-0.6693000000000211,0.0018999999999778083,-0.00020000000017716957,-0.017319999999998004,-1.0000000003174137e-05,-6.000000013273166e-06,2934,0,1,0,1,1,0,1.2,3307.2258463713797,88.60779162112436,11648.049896841996,591,0
1086.75,1.2,15.0,-2.4,2038.8854,77.134964,-0.6675000000000182,0.0018000000000029104,-9.999999997489795e-05,-0.017316000000008103,3.999999989900971e-06,1.3999999993075107e-05,2935,0,1,0,1,1,0,1.2,3306.7938503065393,88.60388398228883,11650.496559419862,592,0
1086.75,1.2,15.0,-2.4,2038.2198,77.11764,-0.665599999999813,0.001900000000205182,0.00010000000020227162,-0.017324000000002115,-7.999999994012796e-06,-1.1999999983913767e-05,2936,0,1,0,1,1,0,1.2,3306.3619217909427,88.59997310589036,11652.942423277696,593,0
1086.75,1.2,15.0,-2.4,2037.5563,77.1003,-0.6635000000001128,0.0020999999997002305,0.00019999999949504854,-0.01733999999999014,-1.5999999988025593e-05,-7.999999994012796e-06,2937,0,1,0,1,1,0,1.2,3305.930061470388,88.59605898978897,11655.3874909355,594,0
1087.75,1.2,15.0,-2.4,2036.8945,77.08296,-0.6617999999998574,0.0017000000002553861,-0.00039999999944484443,-0.017340000000004352,-1.4210854715202004e-14,1.5999999973814738e-05,2938,0,1,0,1,1,0,1.2,3305.498269853692,88.5921416372916,11657.831764433271,595,0
1089.25,1.2,15.0,-2.4,2036.2349,77.06561,-0.6596000000001823,0.0021999999996751285,0.0004999999994197424,-0.017349999999993315,-9.999999988963282e-06,-9.999999974752427e-06,2939,0,1,0,1,1,0,1.2,3305.066547619048,88.58822104829932,11660.275246411009,596,0
1089.25,1.2,15.0,-2.4,2035.5771,77.04826,-0.657799999999952,0.001800000000230284,-0.00039999999944484443,-0.017350000000007526,-1.4210854715202004e-14,9.999999974752427e-06,2940,0,1,0,1,1,0,1.2,3304.6348953077186,88.58429722611358,11662.717939028718,597,0
1087.25,1.2,15.0,-2.4,2034.9214,77.03091,-0.6557000000000244,0.0020999999999276042,0.00029999999969732016,-0.017349999999993315,1.4210854715202004e-14,2.842170943040401e-14,2941,0,1,0,1,1,0,1.2,3304.2033135622023,88.58037017403127,11665.159844806394,598,0
1087.5,1.2,15.0,-2.4,2034.2676,77.01354,-0.6538000000000466,0.0018999999999778083,-0.0001999999999497959,-0.017369999999999663,-2.0000000006348273e-05,-2.0000000020559128e-05,2942,0,1,0,1,1,0,1.2,3303.771802956167,88.5764398885491,11667.600966024038,599,0
1086.75,1.2,15.0,-2.4,2033.6157,76.99618,-0.6518999999998414,0.001900000000205182,2.2737367544323206e-13,-0.0173600000000107,9.999999988963282e-06,2.9999999995311555e-05,2943,0,1,0,1,1,0,1.2,3303.3403640625,88.5725063763587,11670.041304961653,600,0
1085.25,1.2,15.0,-2.4,2032.966,76.978806,-0.6497000000001663,0.0021999999996751285,0.0002999999994699465,-0.017373999999989564,-1.3999999978864253e-05,-2.3999999967827534e-05,2944,0,1,0,1,1,0,1.2,3302.9089975551783,88.56856963599321,11672.480864259234,601,0
1083.75,1.2,15.0,-2.4,2032.318,76.961426,-0.6479999999999109,0.0017000000002553861,-0.0004999999994197424,-0.017380000000002838,-6.000000013273166e-06,7.999999965591087e-06,2945,0,1,0,1,1,0,1.2,3302.4777039375426,88.56462966870333,11674.919645956787,602,0
1084.75,1.2,15.0,-2.4,2031.6722,76.944046,-0.6458000000000084,0.002199999999902502,0.0004999999996471161,-0.017380000000002838,0.0,6.000000013273166e-06,2946,0,1,0,1,1,0,1.2,3302.046483881914,88.56068647777401,11677.357652694305,603,0
1084.25,1.2,15.0,-2.4,2031.0284,76.92666,-0.6438000000000557,0.0019999999999527063,-0.0001999999999497959,-0.0173860000000019,-5.999999999062311e-06,-5.999999999062311e-06,2947,0,1,0,1,1,0,1.2,3301.6153379918587,88.55674006445047,11679.794886871796,604,0
1083.25,1.2,15.0,-2.4,2030.3866,76.90926,-0.6417999999998756,0.00200000000018008,2.2737367544323206e-13,-0.017399999999994975,-1.3999999993075107e-05,-7.999999994012796e-06,2948,0,1,0,1,1,0,1.2,3301.1842668701256,88.55279042726349,11682.231350889253,605,0
1082.75,1.2,16.0,-2.4,2029.7468,76.89187,-0.6398000000001502,0.0019999999997253326,-4.547473508864641e-13,-0.017390000000006012,9.999999988963282e-06,2.399999998203839e-05,2949,0,1,0,1,1,0,1.2,3300.7532711186445,88.54883757288135,11684.667047146682,606,0
1080.75,1.2,16.0,-2.4,2029.1091,76.87446,-0.6376999999999953,0.002100000000154978,0.0001000000004296453,-0.01740999999999815,-1.9999999992137418e-05,-2.99999999811007e-05,2950,0,1,0,1,1,0,1.2,3300.322351372416,88.54488149779735,11687.101978164079,607,0
1080.75,1.2,16.0,-2.4,2028.4734,76.857056,-0.6356999999998152,0.00200000000018008,-9.999999997489795e-05,-0.017403999999999087,5.999999999062311e-06,2.599999999119973e-05,2951,0,1,0,1,1,0,1.2,3299.8915082317076,88.54092220731707,11689.536146341447,608,0
1080.5,1.2,16.0,-2.4,2027.8398,76.839645,-0.633600000000115,0.0020999999997002305,9.99999995201506e-05,-0.017410999999995624,-6.999999996537554e-06,-1.2999999995599865e-05,2952,0,1,0,1,1,0,1.2,3299.4607423298344,88.5369597023366,11691.969554198782,609,0
1079.75,1.2,16.0,-2.4,2027.2083,76.82223,-0.63149999999996,0.002100000000154978,4.547473508864641e-13,-0.017414999999999736,-4.0000000041118255e-06,2.999999992425728e-06,2953,0,1,0,1,1,0,1.2,3299.0300542992554,88.53299398476642,11694.402204256088,610,0
1078.75,1.2,16.0,-2.4,2026.5787,76.8048,-0.6295999999999822,0.0018999999999778083,-0.00020000000017716957,-0.017430000000004497,-1.5000000004761205e-05,-1.100000000064938e-05,2954,0,1,0,1,1,0,1.2,3298.5994447038915,88.52902505279188,11696.834098793364,611,0
1079.25,1.2,16.0,-2.4,2025.9513,76.78738,-0.6274000000000797,0.002199999999902502,0.00029999999992469384,-0.017420000000001323,1.0000000003174137e-05,2.500000000793534e-05,2955,0,1,0,1,1,0,1.2,3298.1689142083897,88.52505291305819,11699.26524045061,612,0
1079.25,1.2,16.0,-2.4,2025.326,76.76995,-0.6252999999999247,0.002100000000154978,-9.999999974752427e-05,-0.017430000000004497,-1.0000000003174137e-05,-2.0000000006348273e-05,2956,0,1,0,1,1,0,1.2,3297.738463442678,88.52107756543795,11701.695631747825,613,0
1079.5,1.2,16.0,-2.4,2024.7028,76.75252,-0.6231999999999971,0.0020999999999276042,-2.2737367544323206e-13,-0.017429999999990287,1.4210854715202004e-14,1.0000000017384991e-05,2957,0,1,0,1,1,0,1.2,3297.3080930358346,88.51709901318458,11704.125275205011,614,0
1079.25,1.2,16.0,-2.4,2024.0817,76.73508,-0.6211000000000695,0.0020999999999276042,0.0,-0.01744000000000767,-1.0000000017384991e-05,-1.0000000031595846e-05,2958,0,1,0,1,1,0,1.2,3296.8778036160866,88.51311725616763,11706.554173342167,615,0
1078.75,1.2,16.0,-2.4,2023.4626,76.717636,-0.6190999999998894,0.00200000000018008,-9.999999974752427e-05,-0.017443999999997573,-3.999999989900971e-06,6.00000002748402e-06,2959,0,1,0,1,1,0,1.2,3296.4475957770273,88.50913229628378,11708.982328559294,616,0
1077.75,1.2,16.0,-2.4,2022.8457,76.70019,-0.6168999999999869,0.002199999999902502,0.00019999999972242222,-0.017445999999992523,-1.9999999949504854e-06,1.9999999949504854e-06,2960,0,1,0,1,1,0,1.2,3296.017470178994,88.50514413610267,11711.40974349639,617,0
1078.25,1.2,16.0,-2.4,2022.231,76.68274,-0.6147000000000844,0.002199999999902502,0.0,-0.017450000000010846,-4.00000001832268e-06,-2.000000023372195e-06,2961,0,1,0,1,1,0,1.2,3295.587427481432,88.50115277751519,11713.836420793457,618,0
1079.75,1.2,16.0,-2.4,2021.6183,76.66528,-0.6126999999999043,0.00200000000018008,-0.00019999999972242222,-0.01745999999999981,-9.999999988963282e-06,-5.9999999706406015e-06,2962,0,1,0,1,1,0,1.2,3295.1574682753967,88.49715822038475,11716.262362850495,619,0
1079.25,1.3,17.0,-2.4,2021.0078,76.64783,-0.6105000000000018,0.002199999999902502,0.00019999999972242222,-0.017449999999996635,1.0000000003174137e-05,1.9999999992137418e-05,2963,0,1,0,1,1,0,1.0999999999999999,3294.7275932186235,88.49316047132253,11718.687572307503,620,0
1079.25,1.3,17.0,-2.4,2020.3994,76.63036,-0.6084000000000742,0.0020999999999276042,-9.999999997489795e-05,-0.017470000000002983,-2.0000000006348273e-05,-3.000000000952241e-05,2964,0,1,0,1,1,0,1.0999999999999999,3294.2978029342325,88.48915952681281,11721.112051684482,621,0
1076.75,1.3,17.0,-2.4,2019.7932,76.6129,-0.6061999999999443,0.002200000000129876,0.00010000000020227162,-0.01745999999999981,1.0000000003174137e-05,3.000000000952241e-05,2965,0,1,0,1,1,0,1.0999999999999999,3293.8680980782196,88.4851553934592,11723.535803621433,622,0
1077.0,1.3,17.0,-2.4,2019.1892,76.59543,-0.6040000000000418,0.002199999999902502,-2.2737367544323206e-13,-0.017470000000002983,-1.0000000003174137e-05,-2.0000000006348273e-05,2966,0,1,0,1,1,0,1.0999999999999999,3293.438479305696,88.4811480711156,11725.958830758353,623,0
1077.25,1.3,17.0,-2.4,2018.5874,76.57796,-0.6018000000001393,0.002199999999902502,0.0,-0.017469999999988772,1.4210854715202004e-14,1.0000000017384991e-05,2967,0,1,0,1,1,0,1.0999999999999999,3293.0089472708896,88.47713756300539,11728.381135735246,624,0
1075.75,1.3,17.0,-2.4,2017.9878,76.560486,-0.5995999999997821,0.0022000000003572495,4.547473508864641e-13,-0.017474000000007095,-4.00000001832268e-06,-4.000000032533535e-06,2968,0,1,0,1,1,0,1.0999999999999999,3292.5795026271467,88.47312387100033,11730.802721192109,625,0
1074.75,1.3,17.0,-2.4,2017.3903,76.54301,-0.5975000000000819,0.0020999999997002305,-0.00010000000065701897,-0.017476000000002045,-1.9999999949504854e-06,2.000000023372195e-06,2969,0,1,0,1,1,0,1.0999999999999999,3292.1501459932656,88.4691069976431,11733.223589648944,626,0
1076.25,1.3,17.0,-2.4,2016.795,76.52553,-0.595299999999952,0.002200000000129876,0.0001000000004296453,-0.017479999999991946,-3.999999989900971e-06,-1.9999999949504854e-06,2970,0,1,0,1,1,0,1.0999999999999999,3291.720878020868,88.46508694479972,11735.64374374575,627,0
1076.25,1.3,17.0,-2.4,2016.2019,76.50804,-0.5931000000000495,0.002199999999902502,-2.2737367544323206e-13,-0.01749000000000933,-1.0000000017384991e-05,-6.00000002748402e-06,2971,0,1,0,1,1,0,1.0999999999999999,3291.2916993607,88.46106371231495,11738.063186122527,628,0
1076.0,1.3,17.0,-2.4,2015.6111,76.490555,-0.5907999999999447,0.002300000000104774,0.00010000000020227162,-0.017484999999993533,5.000000015797923e-06,1.5000000033182914e-05,2972,0,1,0,1,1,0,1.0999999999999999,3290.8626106962665,88.45703730507904,11740.481919539277,629,0
1075.75,1.3,17.0,-2.4,2015.0225,76.47306,-0.5886000000000422,0.002199999999902502,-0.00010000000020227162,-0.017494999999996708,-1.0000000003174137e-05,-1.500000001897206e-05,2973,0,1,0,1,1,0,1.0999999999999999,3290.4336126765297,88.45300772293207,11742.899946635998,630,0
1076.75,1.3,17.0,-2.4,2014.436,76.45557,-0.5865000000001146,0.0020999999999276042,-9.999999997489795e-05,-0.01749000000000933,4.9999999873762135e-06,1.499999999055035e-05,2974,0,1,0,1,1,0,1.0999999999999999,3290.0047059159665,88.4489749707563,11745.317269932691,631,0
1076.25,1.3,17.0,-2.4,2013.8519,76.43807,-0.5841000000000349,0.0024000000000796717,0.0003000000001520675,-0.017499999999998295,-9.999999988963282e-06,-1.4999999976339495e-05,2975,0,1,0,1,1,0,1.0999999999999999,3289.5758911290322,88.4449390483871,11747.733892309356,632,0
1074.75,1.3,17.0,-2.4,2013.27,76.42057,-0.581899999999905,0.002200000000129876,-0.0001999999999497959,-0.017499999999998295,0.0,9.999999988963282e-06,2976,0,1,0,1,1,0,1.0999999999999999,3289.147168962042,88.44089995901915,11750.149816405992,633,0
1076.25,1.3,17.0,-2.4,2012.6904,76.40307,-0.5796000000000276,0.0022999999998774,9.999999974752427e-05,-0.017499999999998295,0.0,0.0,2977,0,1,0,1,1,0,1.0999999999999999,3288.718540094023,88.43685770584285,11752.565044982603,634,0
1076.0,1.3,17.0,-2.4,2012.113,76.38557,-0.5773999999998978,0.002200000000129876,-9.999999974752427e-05,-0.017499999999998295,0.0,0.0,2978,0,1,0,1,1,0,1.0999999999999999,3288.29000516952,88.43281229204432,11754.979580679183,635,0
1076.0,1.3,18.5,-2.4,2011.538,76.36806,-0.5750000000000455,0.002399999999852298,0.00019999999972242222,-0.01751000000000147,-1.0000000003174137e-05,-1.0000000003174137e-05,2979,0,1,0,1,1,0,1.0999999999999999,3287.861564899329,88.42876371744967,11757.393426375736,636,0
1076.75,1.3,18.5,-2.4,2010.9651,76.35055,-0.5729000000001179,0.0020999999999276042,-0.00029999999992469384,-0.01751000000000147,0.0,1.0000000003174137e-05,2980,0,1,0,1,1,0,1.0999999999999999,3287.4332198926536,88.42471198523985,11759.806584592263,637,0
1077.75,1.3,18.5,-2.4,2010.3945,76.33304,-0.5705999999997857,0.0023000000003321475,0.00020000000040454324,-0.01751000000000147,0.0,0.0,2981,0,1,0,1,1,0,1.0999999999999999,3287.00497082495,88.42065709859155,11762.219058088762,638,0
1077.25,1.3,18.5,-2.4,2009.8263,76.31553,-0.5682000000001608,0.0023999999996249244,9.999999929277692e-05,-0.01751000000000147,0.0,0.0,2982,0,1,0,1,1,0,1.0999999999999999,3286.576818404291,88.41659906067717,11764.630849745234,639,0
1078.25,1.3,18.5,-2.4,2009.2604,76.29801,-0.565900000000056,0.002300000000104774,-9.99999995201506e-05,-0.017519999999990432,-9.999999988963282e-06,-9.999999988963282e-06,2983,0,1,0,1,1,0,1.0999999999999999,3286.14876330429,88.41253787131366,11767.041962321679,640,0
1080.75,1.3,18.5,-2.4,2008.6968,76.280495,-0.5635999999999513,0.002300000000104774,0.0,-0.017515000000003056,4.9999999873762135e-06,1.4999999976339495e-05,2984,0,1,0,1,1,0,1.0999999999999999,3285.720806197655,88.40847353534338,11769.452398578096,641,0
1083.25,1.3,18.5,-2.4,2008.1355,76.26298,-0.5612999999998465,0.002300000000104774,0.0,-0.017515000000003056,0.0,-4.9999999873762135e-06,2985,0,1,0,1,1,0,1.0999999999999999,3285.2929477561956,88.40440605592767,11771.862161274486,642,0
1082.75,1.3,18.5,-2.4,2007.5765,76.24545,-0.5590000000001965,0.0022999999996500264,-4.547473508864641e-13,-0.017529999999993606,-1.499999999055035e-05,-1.499999999055035e-05,2986,0,1,0,1,1,0,1.0999999999999999,3284.86518865082,88.40033543120187,11774.27125317085,643,0
1081.25,1.3,18.5,-2.4,2007.0199,76.22793,-0.5565999999998894,0.0024000000003070454,0.00010000000065701897,-0.017520000000004643,9.999999988963282e-06,2.4999999979513632e-05,2987,0,1,0,1,1,0,1.0999999999999999,3284.437529585007,88.39626166767067,11776.679677147187,644,0
1083.25,1.3,18.5,-2.4,2006.4656,76.2104,-0.554300000000012,0.0022999999998774,-0.0001000000004296453,-0.017529999999993606,-9.999999988963282e-06,-1.9999999977926564e-05,2988,0,1,0,1,1,0,1.0999999999999999,3284.009971227835,88.39218476513885,11779.087435963498,645,0
1083.75,1.3,18.5,-2.4,2005.9137,76.19288,-0.5518999999999323,0.0024000000000796717,0.00010000000020227162,-0.017520000000004643,9.999999988963282e-06,1.9999999977926564e-05,2989,0,1,0,1,1,0,1.0999999999999999,3283.5825142809367,88.38810473010034,11781.49453249978,646,0
1083.75,1.3,18.5,-2.4,2005.364,76.17535,-0.5497000000000298,0.002199999999902502,-0.00020000000017716957,-0.017530000000007817,-1.0000000003174137e-05,-1.9999999992137418e-05,2990,0,1,0,1,1,0,1.0999999999999999,3283.1551593781346,88.38402156235372,11783.900969396038,647,0
1083.25,1.3,18.5,-2.4,2004.8169,76.15782,-0.5471000000000004,0.0026000000000294676,0.00040000000012696546,-0.017529999999993606,1.4210854715202004e-14,1.0000000017384991e-05,2991,0,1,0,1,1,0,1.0999999999999999,3282.7279072860965,88.3799352650401,11786.30674977227,648,0
1083.25,1.3,18.5,-2.4,2004.2721,76.14029,-0.544800000000123,0.0022999999998774,-0.0003000000001520675,-0.017530000000007817,-1.4210854715202004e-14,-2.842170943040401e-14,2992,0,1,0,1,1,0,1.0999999999999999,3282.3007586702306,88.37584584129637,11788.711876388476,649,0
1084.75,1.3,18.5,-2.4,2003.7296,76.12276,-0.5425000000000182,0.002300000000104774,2.2737367544323206e-13,-0.017529999999993606,1.4210854715202004e-14,2.842170943040401e-14,2993,0,1,0,1,1,0,1.0999999999999999,3281.873714195057,88.37175329425519,11791.116352004654,650,0
1085.75,1.3,18.5,-2.4,2003.1896,76.105225,-0.5399999999999636,0.0025000000000545697,0.0001999999999497959,-0.017534999999995193,-5.000000001587068e-06,-5.000000015797923e-06,2994,0,1,0,1,1,0,1.0999999999999999,3281.446774590985,88.36765762537563,11793.520179620808,651,0
1085.75,1.3,18.5,-2.4,2002.6519,76.087685,-0.5376999999998588,0.002300000000104774,-0.0001999999999497959,-0.01754000000001099,-5.000000015797923e-06,-1.4210854715202004e-14,2995,0,1,0,1,1,0,1.0999999999999999,3281.0199405206945,88.36355883611482,11795.923361996935,652,0
1086.0,1.3,18.5,-2.4,2002.1167,76.07015,-0.5352000000000317,0.002499999999827196,0.00019999999972242222,-0.017534999999995193,5.000000015797923e-06,1.0000000031595846e-05,2996,0,1,0,1,1,0,1.0999999999999999,3280.5932127127126,88.35945693126459,11798.325902133036,653,0
1087.25,1.3,18.5,-2.4,2001.5839,76.05261,-0.532799999999952,0.0024000000000796717,-9.999999974752427e-05,-0.01753999999999678,-5.000000001587068e-06,-1.0000000017384991e-05,2997,0,1,0,1,1,0,1.0999999999999999,3280.1665918612407,88.35535191227484,11800.727802909112,654,0
1087.5,1.3,18.5,-2.4,2001.0535,76.03508,-0.5304000000000997,0.002399999999852298,-2.2737367544323206e-13,-0.017530000000007817,9.999999988963282e-06,1.499999999055035e-05,2998,0,1,0,1,1,0,1.0999999999999999,3279.740078659553,88.3512437855952,11803.129067205162,655,0
1088.25,1.3,18.5,-2.4,2000.5255,76.01754,-0.52800000000002,0.0024000000000796717,2.2737367544323206e-13,-0.01753999999999678,-9.999999988963282e-06,-1.9999999977926564e-05,2999,0,1,0,1,1,0,1.0999999999999999,3279.3136738000003,88.347132551,11805.529697901187,656,0
1088.0,1.3,18.5,-2.4,2000.0,76.0,-0.5254999999999654,0.0025000000000545697,9.999999997489795e-05,-0.01753999999999678,0.0,9.999999988963282e-06,3000,0,1,0,1,1,0,1.0999999999999999,3278.8873780073313,88.34301821159615,11807.929697997188,657,0
1087.25,1.3,18.5,-2.4,1999.4769,75.98246,-0.5231000000001131,0.002399999999852298,-0.00010000000020227162,-0.01753999999999678,0.0,0.0,3001,0,1,0,1,1,0,1.0999999999999999,3278.4611919720182,88.33890077048633,11810.329070373162,658,0
1086.75,1.3,18.5,-2.4,1998.9563,75.96492,-0.5205999999998312,0.0025000000002819434,0.0001000000004296453,-0.01753999999999678,0.0,0.0,3002,0,1,0,1,1,0,1.0999999999999999,3278.0351164169165,88.33478023076923,11812.727818029112,659,0
1087.75,1.3,19.5,-2.4,1998.4381,75.94738,-0.5181999999999789,0.002399999999852298,-0.0001000000004296453,-0.01754000000001099,-1.4210854715202004e-14,-1.4210854715202004e-14,3003,0,1,0,1,1,0,1.0999999999999999,3277.609152030626,88.33065659553928,11815.125943845038,660,0
1086.75,1.3,19.5,-2.4,1997.9224,75.92984,-0.5157000000001517,0.002499999999827196,9.999999997489795e-05,-0.01753999999999678,1.4210854715202004e-14,2.842170943040401e-14,3004,0,1,0,1,1,0,1.0999999999999999,3277.1832995341097,88.32652986788686,11817.523450820938,661,0
1086.5,1.3,19.5,-2.4,1997.409,75.91229,-0.5133999999998196,0.0023000000003321475,-0.00019999999949504854,-0.017549999999999955,-1.0000000003174137e-05,-1.0000000017384991e-05,3005,0,1,0,1,1,0,1.0999999999999999,3276.757559580838,88.32240004757153,11819.920341716814,662,0
1087.25,1.3,19.5,-2.4,1996.8981,75.89475,-0.5108999999999924,0.002499999999827196,0.00019999999949504854,-0.01753999999999678,1.0000000003174137e-05,2.0000000006348273e-05,3006,0,1,0,1,1,0,1.0999999999999999,3276.3319328899233,88.31826714100433,11822.316619532665,663,0
1087.25,1.3,19.5,-2.4,1996.3896,75.87721,-0.5085000000001401,0.002399999999852298,-9.999999997489795e-05,-0.01753999999999678,0.0,-1.0000000003174137e-05,3007,0,1,0,1,1,0,1.0999999999999999,3275.9064201462766,88.3141311512633,11824.712287148492,664,0
1086.75,1.3,19.5,-2.4,1995.8835,75.85967,-0.5061000000000604,0.0024000000000796717,2.2737367544323206e-13,-0.01754000000001099,-1.4210854715202004e-14,-1.4210854715202004e-14,3008,0,1,0,1,1,0,1.0999999999999999,3275.4810220338986,88.3099920814224,11827.107347444295,665,0
1086.5,1.3,19.5,-2.4,1995.3798,75.84213,-0.5036999999999807,0.0024000000000796717,0.0,-0.01753999999999678,1.4210854715202004e-14,2.842170943040401e-14,3009,0,1,0,1,1,0,1.0999999999999999,3275.0557392358805,88.30584993455149,11829.501803300072,666,0
1085.75,1.3,19.5,-2.4,1994.8785,75.82459,-0.501299999999901,0.0024000000000796717,0.0,-0.01753999999999678,0.0,-1.4210854715202004e-14,3010,0,1,0,1,1,0,1.0999999999999999,3274.630572434407,88.30170471371638,11831.895657595825,667,0
1087.25,1.3,19.5,-2.4,1994.3795,75.80705,-0.49900000000002365,0.0022999999998774,-0.00010000000020227162,-0.01753999999999678,0.0,0.0,3011,0,1,0,1,1,0,1.0999999999999999,3274.205522277556,88.29755642197875,11834.288913091556,668,0
1087.75,1.3,19.5,-2.4,1993.8829,75.78951,-0.496599999999944,0.0024000000000796717,0.00010000000020227162,-0.01753999999999678,0.0,0.0,3012,0,1,0,1,1,0,1.0999999999999999,3273.780589445735,88.29340506239627,11836.681572667263,669,0
1088.75,1.3,19.5,-2.4,1993.3888,75.77198,-0.4941000000001168,0.002499999999827196,9.999999974752427e-05,-0.017530000000007817,9.999999988963282e-06,9.999999988963282e-06,3013,0,1,0,1,1,0,1.0999999999999999,3273.355774651626,88.28925064134042,11839.073639322945,670,0
1088.5,1.3,19.5,-2.4,1992.897,75.75444,-0.491800000000012,0.002300000000104774,-0.00019999999972242222,-0.01753999999999678,-9.999999988963282e-06,-1.9999999977926564e-05,3014,0,1,0,1,1,0,1.0999999999999999,3272.93107854063,88.28509315854063,11841.465115818604,671,0
1087.75,1.3,19.5,-2.4,1992.4075,75.73691,-0.48949999999990723,0.002300000000104774,0.0,-0.017530000000007817,9.999999988963282e-06,1.9999999977926564e-05,3015,0,1,0,1,1,0,1.0999999999999999,3272.5065017572947,88.28093262035809,11843.85600491424,672,0
1088.0,1.3,19.5,-2.4,1991.9203,75.719376,-0.48720000000002983,0.0022999999998774,-2.2737367544323206e-13,-0.017533999999997718,-3.999999989900971e-06,-1.3999999978864253e-05,3016,0,1,0,1,1,0,1.0999999999999999,3272.08204494531,88.27676902850513,11846.246309369852,673,0
1088.25,1.3,19.5,-2.4,1991.4355,75.70184,-0.48479999999995016,0.0024000000000796717,0.00010000000020227162,-0.01753599999999267,-1.9999999949504854e-06,1.9999999949504854e-06,3017,0,1,0,1,1,0,1.0999999999999999,3271.6577087806495,88.27260238535455,11848.63603206544,674,0
1089.25,1.3,19.5,-2.4,1990.953,75.68431,-0.48250000000007276,0.0022999999998774,-0.00010000000020227162,-0.017530000000007817,5.999999984851456e-06,7.999999979801942e-06,3018,0,1,0,1,1,0,1.0999999999999999,3271.2334939052666,88.26843269592581,11851.025175761008,675,0
1091.25,1.3,19.5,-2.4,1990.4729,75.66679,-0.4800999999999931,0.0024000000000796717,0.00010000000020227162,-0.017519999999990432,1.0000000017384991e-05,4.000000032533535e-06,3019,0,1,0,1,1,0,1.0999999999999999,3270.809400993378,88.2642599665563,11853.41374333655,676,0
1090.25,1.3,19.5,-2.4,1989.9951,75.649254,-0.4777999999998883,0.002300000000104774,-9.999999997489795e-05,-0.01753600000000688,-1.6000000016447302e-05,-2.6000000033832293e-05,3020,0,1,0,1,1,0,1.0999999999999999,3270.3854306852036,88.26008419496856,11855.801737552069,677,0
1089.75,1.3,19.5,-2.4,1989.5197,75.63173,-0.475400000000036,0.002399999999852298,9.999999974752427e-05,-0.017523999999994544,1.2000000012335477e-05,2.800000002878278e-05,3021,0,1,0,1,1,0,1.0999999999999999,3269.96158365321,88.25590538815355,11858.189161287566,678,0
1091.25,1.3,19.5,-2.4,1989.0464,75.61421,-0.4733000000001084,0.0020999999999276042,-0.00029999999992469384,-0.017520000000004643,3.999999989900971e-06,-8.000000022434506e-06,3022,0,1,0,1,1,0,1.0999999999999999,3269.5378604697316,88.25172355044657,11860.57601706304,679,0
1090.75,1.3,19.5,-2.4,1988.5754,75.59669,-0.47100000000000364,0.002300000000104774,0.00020000000017716957,-0.017520000000004643,0.0,-3.999999989900971e-06,3023,0,1,0,1,1,0,1.0999999999999999,3269.1142617724868,88.2475386848545,11862.962307638492,680,0
1092.25,1.3,19.5,-2.4,1988.1069,75.57917,-0.46849999999994907,0.0025000000000545697,0.0001999999999497959,-0.017519999999990432,1.4210854715202004e-14,1.4210854715202004e-14,3024,0,1,0,1,1,0,1.0999999999999999,3268.690788264463,88.24335079438016,11865.348036013922,681,0
1093.25,1.3,19.5,-2.4,1987.6405,75.56166,-0.46640000000002146,0.0020999999999276042,-0.00040000000012696546,-0.01751000000000147,9.999999988963282e-06,9.999999974752427e-06,3025,0,1,0,1,1,0,1.0999999999999999,3268.267440515532,88.23915988532717,11867.733204709328,682,0
1093.75,1.3,19.5,-2.4,1987.1765,75.54414,-0.4639999999999418,0.0024000000000796717,0.0003000000001520675,-0.017520000000004643,-1.0000000003174137e-05,-1.9999999992137418e-05,3026,0,1,0,1,1,0,1.0999999999999999,3267.8442191939216,88.23496595738355,11870.117816604712,683,0
1093.25,1.3,19.5,-2.4,1986.7147,75.526634,-0.4618000000000393,0.002199999999902502,-0.00020000000017716957,-0.017505999999997357,1.4000000007285962e-05,2.40000000104601e-05,3027,0,1,0,1,1,0,1.0999999999999999,3267.421124900925,88.23076901816381,11872.501874340074,684,0
1092.25,1.3,19.5,-2.4,1986.2552,75.50913,-0.4594999999999345,0.002300000000104774,0.00010000000020227162,-0.017504000000002407,1.9999999949504854e-06,-1.2000000012335477e-05,3028,0,1,0,1,1,0,1.0999999999999999,3266.998158270056,88.22656907131066,11874.885380675416,685,0
1092.5,1.3,19.5,-2.4,1985.798,75.49162,-0.4572000000000571,0.0022999999998774,-2.2737367544323206e-13,-0.01751000000000147,-5.999999999062311e-06,-7.999999994012796e-06,3029,0,1,0,1,1,0,1.0999999999999999,3266.5753199339933,88.22236611782178,11877.268338370734,686,0
1092.25,1.3,19.5,-2.4,1985.3429,75.47413,-0.45509999999990214,0.002100000000154978,-0.00019999999972242222,-0.01748999999999512,2.0000000006348273e-05,2.6000000005410584e-05,3030,0,1,0,1,1,0,1.0999999999999999,3266.1526104585946,88.21816016727153,11879.65074994603,687,0
1092.75,1.3,19.5,-2.4,1984.8901,75.45663,-0.45280000000002474,0.0022999999998774,0.00019999999972242222,-0.017499999999998295,-1.0000000003174137e-05,-3.000000000952241e-05,3031,0,1,0,1,1,0,1.0999999999999999,3265.730030474934,88.21395121932717,11882.032618161305,688,0
1091.75,1.3,19.5,-2.4,1984.4396,75.43914,-0.45050000000014734,0.0022999999998774,0.0,-0.01749000000000933,9.999999988963282e-06,1.9999999992137418e-05,3032,0,1,0,1,1,0,1.0999999999999999,3265.3075806132547,88.20973928025059,11884.413945776558,689,0
1092.25,1.3,19.5,-2.4,1983.9913,75.421646,-0.44830000000001746,0.002200000000129876,-9.999999974752427e-05,-0.017493999999999232,-3.999999989900971e-06,-1.3999999978864253e-05,3033,0,1,0,1,1,0,1.0999999999999999,3264.8852614700068,88.20552435168096,11886.79473543179,690,0
1092.25,1.3,19.5,-2.4,1983.5453,75.40417,-0.4459999999999127,0.002300000000104774,9.999999997489795e-05,-0.017476000000002045,1.7999999997186933e-05,2.1999999987087904e-05,3034,0,1,0,1,1,0,1.0999999999999999,3264.463073673806,88.20130644250412,11889.174989887,691,0
1092.5,1.3,19.5,-2.4,1983.1014,75.38668,-0.4438999999999851,0.0020999999999276042,-0.00020000000017716957,-0.01748999999999512,-1.3999999993075107e-05,-3.199999999026204e-05,3035,0,1,0,1,1,0,1.0999999999999999,3264.041017786561,88.19708555105403,11891.55471166219,692,0
1093.25,1.3,19.5,-2.4,1982.6598,75.36921,-0.4416000000001077,0.0022999999998774,0.0001999999999497959,-0.017470000000002983,1.9999999992137418e-05,3.3999999985212526e-05,3036,0,1,0,1,1,0,1.0999999999999999,3263.619094435298,88.19286168686203,11893.933903517356,693,0
1092.25,1.3,19.5,-2.4,1982.2203,75.35173,-0.4394999999999527,0.002100000000154978,-0.00019999999972242222,-0.017479999999991946,-9.999999988963282e-06,-2.99999999811007e-05,3037,0,1,0,1,1,0,1.0999999999999999,3263.1973041803817,88.18863484957208,11896.312567972502,694,0
1092.0,1.3,19.5,-2.4,1981.783,75.33427,-0.4373000000000502,0.002199999999902502,9.999999974752427e-05,-0.01745999999999981,1.9999999992137418e-05,2.99999999811007e-05,3038,0,1,0,1,1,0,1.0999999999999999,3262.775647614347,88.18440504870023,11898.690707667629,695,0
1094.25,1.3,18.5,-2.4,1981.3479,75.3168,-0.43509999999992033,0.002200000000129876,2.2737367544323206e-13,-0.017470000000002983,-1.0000000003174137e-05,-2.9999999995311555e-05,3039,0,1,0,1,1,0,1.0999999999999999,3262.3541253289472,88.18017228388159,11901.068325242733,696,0
1094.5,1.3,18.5,-2.4,1980.915,75.29934,-0.4329000000000178,0.002199999999902502,-2.2737367544323206e-13,-0.01745999999999981,1.0000000003174137e-05,2.0000000006348273e-05,3040,0,1,0,1,1,0,1.0999999999999999,3261.9327379151596,88.1759365613285,11903.445423337816,697,0
1094.75,1.3,18.5,-2.4,1980.4844,75.28189,-0.43059999999991305,0.002300000000104774,0.00010000000020227162,-0.017449999999996635,1.0000000003174137e-05,0.0,3041,0,1,0,1,1,0,1.0999999999999999,3261.5114859960554,88.17169788724524,11905.82200471288,698,0
1095.75,1.3,18.5,-2.4,1980.0558,75.264435,-0.42859999999996035,0.0019999999999527063,-0.0003000000001520675,-0.017454999999998222,-5.000000001587068e-06,-1.5000000004761205e-05,3042,0,1,0,1,1,0,1.0999999999999999,3261.090370095301,88.16745626289845,11908.198071767923,699,0
1095.25,1.3,18.5,-2.4,1979.6294,75.246994,-0.42640000000005784,0.002199999999902502,0.0001999999999497959,-0.017441000000005147,1.3999999993075107e-05,1.8999999994662176e-05,3043,0,1,0,1,1,0,1.0999999999999999,3260.6693908015773,88.16321169579501,11910.573627142945,700,0
1095.25,1.3,18.5,-2.4,1979.2052,75.22955,-0.42419999999992797,0.002200000000129876,2.2737367544323206e-13,-0.017443999999997573,-2.999999992425728e-06,-1.6999999985500835e-05,3044,0,1,0,1,1,0,1.0999999999999999,3260.2485487027916,88.15896418784894,11912.948673477948,701,0
1095.75,1.3,18.5,-2.4,1978.7831,75.21212,-0.42210000000000036,0.0020999999999276042,-0.00010000000020227162,-0.017430000000004497,1.3999999993075107e-05,1.6999999985500835e-05,3045,0,1,0,1,1,0,1.0999999999999999,3259.8278443532504,88.15471374655286,11915.323213292928,702,0
1096.75,1.3,18.5,-2.4,1978.3632,75.194695,-0.41990000000009786,0.002199999999902502,9.999999997489795e-05,-0.01742500000000291,5.000000001587068e-06,-8.999999991488039e-06,3046,0,1,0,1,1,0,1.0999999999999999,3259.40727833935,88.15046037643584,11917.69724922789,703,0
1094.25,1.3,18.5,-2.4,1977.9453,75.17727,-0.4178999999999178,0.00200000000018008,-0.00019999999972242222,-0.01742500000000291,0.0,-5.000000001587068e-06,3047,0,1,0,1,1,0,1.0999999999999999,3258.9868511811023,88.14620408038057,11920.070783682831,704,0
1094.5,1.3,18.5,-2.4,1977.5295,75.15985,-0.4157999999999902,0.0020999999999276042,9.999999974752427e-05,-0.017419999999987112,5.000000015797923e-06,5.000000015797923e-06,3048,0,1,0,1,1,0,1.0999999999999999,3258.566563430633,88.14194486290587,11922.443819177754,705,0
1095.25,1.3,18.5,-2.4,1977.116,75.14244,-0.4135000000001128,0.0022999999998774,0.0001999999999497959,-0.01741000000001236,9.999999974752427e-06,4.999999958954504e-06,3049,0,1,0,1,1,0,1.0999999999999999,3258.146415704918,88.13768273016395,11924.816358472654,706,0
1095.25,1.3,18.5,-2.4,1976.7046,75.12504,-0.4113999999999578,0.002100000000154978,-0.00019999999972242222,-0.017399999999994975,1.0000000017384991e-05,4.263256414560601e-14,3050,0,1,0,1,1,0,1.0999999999999999,3257.7264085545726,88.1334176882989,11927.188404087536,707,0
1095.0,1.3,18.5,-2.4,1976.2952,75.107635,-0.4094000000000051,0.0019999999999527063,-0.00010000000020227162,-0.017404999999996562,-5.000000001587068e-06,-1.500000001897206e-05,3051,0,1,0,1,1,0,1.0999999999999999,3257.3065424967235,88.1291497385321,11929.559958422398,708,0
1094.25,1.3,18.5,-2.4,1975.888,75.09025,-0.4072000000001026,0.002199999999902502,0.0001999999999497959,-0.017385000000004425,1.9999999992137418e-05,2.4999999993724487e-05,3052,0,1,0,1,1,0,1.0999999999999999,3256.886818113331,88.12487889027186,11931.93102411724,709,0
1093.25,1.3,18.5,-2.4,1975.4828,75.07286,-0.4051999999999225,0.00200000000018008,-0.00019999999972242222,-0.0173899999999918,-4.9999999873762135e-06,-2.4999999979513632e-05,3053,0,1,0,1,1,0,1.0999999999999999,3256.467235920105,88.12060514472823,11934.301603572065,710,0
1094.25,1.3,18.5,-2.4,1975.0796,75.05548,-0.4031999999999698,0.0019999999999527063,-2.2737367544323206e-13,-0.017380000000002838,9.999999988963282e-06,1.4999999976339495e-05,3054,0,1,0,1,1,0,1.0999999999999999,3256.047796432079,88.11632850801963,11936.671699186867,711,0
1091.25,1.3,18.5,-2.4,1974.6786,75.03811,-0.4010000000000673,0.002199999999902502,0.0001999999999497959,-0.017369999999999663,1.0000000003174137e-05,1.4210854715202004e-14,3055,0,1,0,1,1,0,1.0999999999999999,3255.6285002290574,88.11204898625655,11939.041313601652,712,0
1092.25,1.3,18.5,-2.4,1974.2797,75.020744,-0.3988999999999123,0.002100000000154978,-9.999999974752427e-05,-0.017366000000009763,3.999999989900971e-06,-6.000000013273166e-06,3056,0,1,0,1,1,0,1.0999999999999999,3255.209347857376,88.10776658357867,11941.410449336418,713,0
1090.25,1.3,18.5,-2.4,1973.8828,75.00339,-0.3968999999999596,0.0019999999999527063,-0.00010000000020227162,-0.017353999999997427,1.2000000012335477e-05,8.000000022434506e-06,3057,0,1,0,1,1,0,1.0999999999999999,3254.7903398299545,88.10348130673644,11943.779108791165,714,0
1091.25,1.3,18.5,-2.4,1973.488,74.98603,-0.394800000000032,0.0020999999999276042,9.999999997489795e-05,-0.01735999999999649,-5.999999999062311e-06,-1.8000000011397788e-05,3058,0,1,0,1,1,0,1.0999999999999999,3254.3714766917296,88.09919315658712,11946.147294485892,715,0
1090.25,1.3,18.5,-2.4,1973.0952,74.96869,-0.3928000000000793,0.0019999999999527063,-9.999999997489795e-05,-0.017340000000004352,1.9999999992137418e-05,2.599999999119973e-05,3059,0,1,0,1,1,0,1.0999999999999999,3253.952758954248,88.09490214248366,11948.515008820601,716,0
1090.25,1.3,18.5,-2.4,1972.7045,74.95135,-0.39069999999992433,0.002100000000154978,0.00010000000020227162,-0.01733999999999014,1.4210854715202004e-14,-1.9999999977926564e-05,3060,0,1,0,1,1,0,1.0999999999999999,3253.5341871610585,88.09060826723292,11950.88225431529,717,0
1090.25,1.3,18.5,-2.4,1972.3158,74.93402,-0.3886999999999716,0.0019999999999527063,-0.00010000000020227162,-0.017330000000001178,9.999999988963282e-06,9.999999974752427e-06,3061,0,1,0,1,1,0,1.0999999999999999,3253.1157618223383,88.08631153690398,11953.24903336996,718,0
1091.75,1.3,18.5,-2.4,1971.9291,74.9167,-0.3867000000000189,0.0019999999999527063,0.0,-0.017319999999998004,1.0000000003174137e-05,1.4210854715202004e-14,3062,0,1,0,1,1,0,1.0999999999999999,3252.6974834476,88.08201195755794,11955.615348384614,719,0
1094.25,1.3,18.5,-2.4,1971.5444,74.89938,-0.3847000000000662,0.0019999999999527063,0.0,-0.017320000000012215,-1.4210854715202004e-14,-1.0000000017384991e-05,3063,0,1,0,1,1,0,1.0999999999999999,3252.279352545692,88.07770953198434,11957.981201759249,720,0
1095.25,1.3,18.5,-2.4,1971.1619,74.88208,-0.38249999999993634,0.002200000000129876,0.00020000000017716957,-0.017299999999991655,2.0000000020559128e-05,2.0000000034769982e-05,3064,0,1,0,1,1,0,1.0999999999999999,3251.861369690049,88.07340426949429,11960.346596133864,721,0
1096.25,1.3,18.5,-2.4,1970.7812,74.864784,-0.3807000000001608,0.0017999999997755367,-0.00040000000035433914,-0.017296000000001754,3.999999989900971e-06,-1.6000000030658157e-05,3065,0,1,0,1,1,0,1.0999999999999999,3251.4435353228964,88.0690961741683,11962.711533668462,722,0
1096.0,1.3,18.5,-2.4,1970.4026,74.847496,-0.3786000000000058,0.002100000000154978,0.0003000000003794412,-0.01728799999999353,8.000000008223651e-06,4.00000001832268e-06,3066,0,1,0,1,1,0,1.0999999999999999,3251.0258499836973,88.06478525138571,11965.07601688304,723,0
1095.25,1.3,18.5,-2.4,1970.026,74.830215,-0.37659999999982574,0.00200000000018008,-9.999999997489795e-05,-0.017281000000011204,6.999999982326699e-06,-1.0000000258969521e-06,3067,0,1,0,1,1,0,1.0999999999999999,3250.608314178618,88.06047150619297,11967.440048177601,724,0
1095.25,1.3,18.5,-2.4,1969.6512,74.81294,-0.3748000000000502,0.0017999999997755367,-0.00020000000040454324,-0.01727499999999793,6.000000013273166e-06,-9.999999690535333e-07,3068,0,1,0,1,1,0,1.0999999999999999,3250.1909283479963,88.05615494330401,11969.803629712145,725,0
1094.25,1.3,18.5,-2.4,1969.2787,74.79568,-0.37249999999994543,0.002300000000104774,0.0005000000003292371,-0.01725999999999317,1.5000000004761205e-05,8.999999991488039e-06,3069,0,1,0,1,1,0,1.0999999999999999,3249.7736930944625,88.05183557035832,11972.166764246671,726,0
1095.25,1.3,18.5,-2.4,1968.908,74.77842,-0.3707000000001699,0.0017999999997755367,-0.0005000000003292371,-0.01726000000000738,-1.4210854715202004e-14,-1.500000001897206e-05,3070,0,1,0,1,1,0,1.0999999999999999,3249.3566088570497,88.04751339010095,11974.529453941179,727,0
1094.25,1.3,18.5,-2.4,1968.5392,74.76118,-0.3687999999999647,0.001900000000205182,0.0001000000004296453,-0.017240000000001032,2.0000000006348273e-05,2.0000000020559128e-05,3071,0,1,0,1,1,0,1.0999999999999999,3248.939676106771,88.04318841178385,11976.891701075669,728,0
1093.75,1.3,17.0,-2.4,1968.1725,74.743935,-0.3667000000000371,0.0020999999999276042,0.00019999999972242222,-0.01724500000000262,-5.000000001587068e-06,-2.500000000793534e-05,3072,0,1,0,1,1,0,1.0999999999999999,3248.5228953791084,88.03886063651156,11979.25350817014,729,0
1096.25,1.3,17.0,-2.4,1967.8076,74.72671,-0.3648999999998068,0.001800000000230284,-0.00029999999969732016,-0.01722499999999627,2.0000000006348273e-05,2.500000000793534e-05,3073,0,1,0,1,1,0,1.0999999999999999,3248.106267111256,88.03453007351983,11981.614877384594,730,0
1096.25,1.3,17.0,-2.4,1967.4448,74.70949,-0.3628000000001066,0.0020999999997002305,0.0002999999994699465,-0.017219999999994684,5.000000001587068e-06,-1.5000000004761205e-05,3074,0,1,0,1,1,0,1.0999999999999999,3247.6897918373984,88.03019672715448,11983.975811239032,731,0
1097.75,1.3,17.0,-2.4,1967.0839,74.69228,-0.3608999999999014,0.001900000000205182,-0.00019999999949504854,-0.01721000000000572,9.999999988963282e-06,4.9999999873762135e-06,3075,0,1,0,1,1,0,1.0999999999999999,3247.273470026008,88.025860603381,11986.336312013453,732,0
1099.25,1.3,17.0,-2.4,1966.7249,74.67508,-0.359000000000151,0.0018999999997504347,-4.547473508864641e-13,-0.017200000000002547,1.0000000003174137e-05,1.4210854715202004e-14,3076,0,1,0,1,1,0,1.0999999999999999,3246.8573021449465,88.0215217081573,11988.696381987855,733,0
1099.0,1.3,17.0,-2.4,1966.3678,74.65789,-0.3570999999999458,0.001900000000205182,4.547473508864641e-13,-0.017189999999999372,1.0000000003174137e-05,0.0,3077,0,1,0,1,1,0,1.0999999999999999,3246.441288661468,88.0171800474334,11991.056023442241,734,0
1099.25,1.3,17.0,-2.4,1966.0126,74.64071,-0.355199999999968,0.0018999999999778083,-2.2737367544323206e-13,-0.0171799999999962,1.0000000003174137e-05,0.0,3078,0,1,0,1,1,0,1.0999999999999999,3246.0254300422216,88.01283562715166,11993.41523865661,735,0
1100.25,1.3,17.0,-2.4,1965.6594,74.62354,-0.3532000000000153,0.0019999999999527063,9.999999997489795e-05,-0.017169999999993024,1.0000000003174137e-05,0.0,3079,0,1,0,1,1,0,1.0999999999999999,3245.609726785714,88.00848845324674,11995.774030030962,736,0
1100.5,1.3,17.0,-2.4,1965.308,74.606384,-0.35140000000001237,0.0018000000000029104,-0.0001999999999497959,-0.01715599999999995,1.3999999993075107e-05,3.999999989900971e-06,3080,0,1,0,1,1,0,1.0999999999999999,3245.1941793248943,88.00413853294386,11998.132399725297,737,0
1100.5,1.3,17.0,-2.4,1964.9586,74.58923,-0.34940000000005966,0.0019999999999527063,0.0001999999999497959,-0.017154000000005,1.9999999949504854e-06,-1.1999999998124622e-05,3081,0,1,0,1,1,0,1.0999999999999999,3244.7787881570407,87.99978586956522,12000.490350139615,738,0
1101.75,1.3,17.0,-2.4,1964.6111,74.57209,-0.3474999999998545,0.001900000000205182,-9.999999974752427e-05,-0.017139999999997713,1.4000000007285962e-05,1.2000000012335477e-05,3082,0,1,0,1,1,0,1.0999999999999999,3244.363553746351,87.99543047032111,12002.847883553915,739,0
1102.0,1.3,17.0,-2.4,1964.2654,74.55496,-0.34570000000007894,0.0017999999997755367,-0.0001000000004296453,-0.01713000000000875,9.999999988963282e-06,-4.00000001832268e-06,3083,0,1,0,1,1,0,1.0999999999999999,3243.948476523995,87.99107234111544,12005.2050021282,740,0
1102.25,1.3,17.0,-2.4,1963.9215,74.53785,-0.34390000000007603,0.0018000000000029104,2.2737367544323206e-13,-0.01710999999998819,2.0000000020559128e-05,1.0000000031595846e-05,3084,0,1,0,1,1,0,1.0999999999999999,3243.5335569205836,87.98671149108588,12007.561708022467,741,0
1103.25,1.3,17.0,-2.4,1963.5796,74.52074,-0.34189999999989595,0.00200000000018008,0.00020000000017716957,-0.0171100000000024,-1.4210854715202004e-14,-2.0000000034769982e-05,3085,0,1,0,1,1,0,1.0999999999999999,3243.118795430979,87.98234792287751,12009.91800363672,742,0
1104.25,1.3,17.0,-2.4,1963.2396,74.50364,-0.33999999999991815,0.0018999999999778083,-0.00010000000020227162,-0.017099999999999227,1.0000000003174137e-05,1.0000000017384991e-05,3086,0,1,0,1,1,0,1.0999999999999999,3242.7041925170065,87.97798164237123,12012.273891250956,743,0
1104.0,1.3,17.0,-2.4,1962.9014,74.48656,-0.3382000000001426,0.0017999999997755367,-0.00010000000020227162,-0.01708000000000709,1.9999999992137418e-05,9.999999988963282e-06,3087,0,1,0,1,1,0,1.0999999999999999,3242.2897486075126,87.97361265867875,12014.629373025175,744,0
1105.25,1.3,17.0,-2.4,1962.565,74.46948,-0.3363999999999123,0.001800000000230284,4.547473508864641e-13,-0.01707999999999288,1.4210854715202004e-14,-1.9999999977926564e-05,3088,0,1,0,1,1,0,1.0999999999999999,3241.875464130787,87.96924097442539,12016.984451119379,745,0
1105.5,1.3,17.0,-2.4,1962.2305,74.45242,-0.3345000000001619,0.0018999999997504347,9.99999995201506e-05,-0.01706000000000074,1.9999999992137418e-05,1.9999999977926564e-05,3089,0,1,0,1,1,0,1.0999999999999999,3241.4613395469255,87.9648665987055,12019.339127813564,746,0
1105.5,1.3,17.0,-2.4,1961.8978,74.43537,-0.3326999999999316,0.001800000000230284,-9.99999995201506e-05,-0.017049999999997567,1.0000000003174137e-05,-9.999999988963282e-06,3090,0,1,0,1,1,0,1.0999999999999999,3241.0473752830803,87.96048953736656,12021.693405267735,747,0
1104.25,1.3,17.0,-2.4,1961.5669,74.418335,-0.3308999999999287,0.0018000000000029104,-2.2737367544323206e-13,-0.017035000000007017,1.499999999055035e-05,4.9999999873762135e-06,3091,0,1,0,1,1,0,1.0999999999999999,3240.6335717658476,87.95610979786547,12024.047285641891,748,0
1102.75,1.3,17.0,-2.4,1961.2379,74.401306,-0.3289999999999509,0.0018999999999778083,9.999999997489795e-05,-0.017028999999993744,6.000000013273166e-06,-8.999999977277184e-06,3092,0,1,0,1,1,0,1.0999999999999999,3240.2199294536053,87.95172738473974,12026.400771216031,749,0
1103.0,1.3,17.0,-2.4,1960.9106,74.384285,-0.32730000000015025,0.0016999999998006388,-0.00020000000017716957,-0.01702099999999973,7.999999994012796e-06,1.9999999807396307e-06,3093,0,1,0,1,1,0,1.0999999999999999,3239.806448739496,87.94734230316742,12028.753864030154,750,0
1102.25,1.3,17.0,-2.4,1960.5853,74.36729,-0.32529999999997017,0.00200000000018008,0.0003000000003794412,-0.01699500000000853,2.599999999119973e-05,1.7999999997186933e-05,3094,0,1,0,1,1,0,1.0999999999999999,3239.3931301130856,87.94295456413572,12031.106566484263,751,0
1103.25,1.3,17.0,-2.4,1960.2616,74.350296,-0.32369999999991705,0.0016000000000531145,-0.00040000000012696546,-0.016993999999996845,1.0000000116860974e-06,-2.4999999979513632e-05,3095,0,1,0,1,1,0,1.0999999999999999,3238.9799739341083,87.93856417054263,12033.458880498356,752,0
1103.25,1.3,17.0,-2.4,1959.9398,74.33331,-0.32179999999993925,0.0018999999999778083,0.00029999999992469384,-0.016986000000002832,7.999999994012796e-06,6.999999982326699e-06,3096,0,1,0,1,1,0,1.0999999999999999,3238.5669806587016,87.93417112754278,12035.810808352433,753,0
1104.25,1.3,17.0,-2.4,1959.6198,74.31635,-0.3200000000001637,0.0017999999997755367,-0.00010000000020227162,-0.01695999999999742,2.6000000005410584e-05,1.8000000011397788e-05,3097,0,1,0,1,1,0,1.0999999999999999,3238.1541507101356,87.92977544609425,12038.162352206495,754,0
1105.75,1.3,17.0,-2.4,1959.3015,74.29939,-0.3182999999999083,0.0017000000002553861,-9.99999995201506e-05,-0.01695999999999742,0.0,-2.6000000005410584e-05,3098,0,1,0,1,1,0,1.0999999999999999,3237.7414844788645,87.92537712875121,12040.513514100541,755,0
1107.75,1.3,17.0,-2.4,1958.9851,74.282455,-0.3163999999999305,0.0018999999999778083,0.00019999999972242222,-0.016935000000003697,2.4999999993724487e-05,2.4999999993724487e-05,3099,0,1,0,1,1,0,1.0999999999999999,3237.328982419355,87.92097618612904,12042.864296314572,756,0
1108.75,1.3,16.0,-2.4,1958.6703,74.265526,-0.3148000000001048,0.0015999999998257408,-0.0003000000001520675,-0.016929000000004635,5.999999999062311e-06,-1.8999999994662176e-05,3100,0,1,0,1,1,0,1.0999999999999999,3236.9166448887454,87.91657262270236,12045.214700768587,757,0
1109.0,1.3,16.0,-2.4,1958.3574,74.24861,-0.3128999999998996,0.001900000000205182,0.0003000000003794412,-0.016915999999994824,1.300000000981072e-05,7.000000010748408e-06,3101,0,1,0,1,1,0,1.0999999999999999,3236.5044723404253,87.91216644519663,12047.56472974259,758,0
1109.75,1.3,16.0,-2.4,1958.0461,74.23171,-0.31130000000007385,0.0015999999998257408,-0.0003000000003794412,-0.016899999999992588,1.6000000002236447e-05,2.999999992425728e-06,3102,0,1,0,1,1,0,1.0999999999999999,3236.0924651305186,87.90775766129552,12049.914385156575,759,0
1108.75,1.3,16.0,-2.4,1957.7367,74.21482,-0.30940000000009604,0.0018999999999778083,0.0003000000001520675,-0.016890000000003624,9.999999988963282e-06,-6.000000013273166e-06,3103,0,1,0,1,1,0,1.0999999999999999,3235.68062371134,87.90334627673968,12052.263669290547,760,0
1108.75,1.3,16.0,-2.4,1957.429,74.197945,-0.30769999999984066,0.0017000000002553861,-0.00019999999972242222,-0.016874999999998863,1.5000000004761205e-05,5.000000015797923e-06,3104,0,1,0,1,1,0,1.0999999999999999,3235.2689484702096,87.8989322988728,12054.612584184504,761,0
1108.25,1.3,16.0,-2.4,1957.1229,74.18108,-0.3061000000000149,0.0015999999998257408,-0.0001000000004296453,-0.0168650000000099,9.999999988963282e-06,-5.000000015797923e-06,3105,0,1,0,1,1,0,1.0999999999999999,3234.8574397617517,87.8945157334192,12056.961131758446,762,0
1107.25,1.3,16.0,-2.4,1956.8187,74.16424,-0.3042000000000371,0.0018999999999778083,0.0003000000001520675,-0.016839999999987754,2.5000000022146196e-05,1.5000000033182914e-05,3106,0,1,0,1,1,0,1.0999999999999999,3234.446098036691,87.89009659092372,12059.309314292372,763,0
1107.25,1.3,16.0,-2.4,1956.5161,74.1474,-0.302599999999984,0.0016000000000531145,-0.00029999999992469384,-0.016840000000001965,-1.4210854715202004e-14,-2.500000003635705e-05,3107,0,1,0,1,1,0,1.0999999999999999,3234.0349236486486,87.88567487387387,12061.657133706285,764,0
1107.0,1.3,16.0,-2.4,1956.2153,74.130585,-0.3007999999999811,0.0018000000000029104,0.0001999999999497959,-0.01681500000000824,2.4999999993724487e-05,2.500000000793534e-05,3108,0,1,0,1,1,0,1.0999999999999999,3233.623917015117,87.88125059279513,12064.004592160183,765,0
1108.25,1.3,16.0,-2.4,1955.9161,74.11378,-0.29920000000015534,0.0015999999998257408,-0.00020000000017716957,-0.016804999999990855,1.0000000017384991e-05,-1.4999999976339495e-05,3109,0,1,0,1,1,0,1.0999999999999999,3233.2130784887463,87.8768237533762,12066.351691574067,766,0
1108.5,1.3,16.0,-2.4,1955.6188,74.096985,-0.29729999999995016,0.001900000000205182,0.0003000000003794412,-0.016795000000001892,9.999999988963282e-06,-2.842170943040401e-14,3110,0,1,0,1,1,0,1.0999999999999999,3232.8024085181614,87.87239436129862,12068.698434227937,767,0
1108.25,1.3,16.0,-2.4,1955.323,74.08021,-0.29579999999987194,0.0015000000000782165,-0.00040000000012696546,-0.016775000000009754,1.9999999992137418e-05,1.0000000003174137e-05,3111,0,1,0,1,1,0,1.0999999999999999,3232.3919074228793,87.86796242544986,12071.044821921792,768,0
1107.25,1.3,16.0,-2.4,1955.0289,74.063446,-0.2941000000000713,0.0016999999998006388,0.00019999999972242222,-0.016763999999994894,1.1000000014860234e-05,-8.999999977277184e-06,3112,0,1,0,1,1,0,1.0999999999999999,3231.981575586251,87.86352795181497,12073.390856695634,769,0
1106.25,1.3,16.0,-2.4,1954.7365,74.0467,-0.2924000000000433,0.0017000000000280124,2.2737367544323206e-13,-0.016745999999997707,1.7999999997186933e-05,6.999999982326699e-06,3113,0,1,0,1,1,0,1.0999999999999999,3231.571413391137,87.85909094861913,12075.736540589462,770,0
1104.75,1.3,16.0,-2.4,1954.4458,74.02996,-0.2907000000000153,0.0017000000000280124,0.0,-0.016739999999998645,5.999999999062311e-06,-1.1999999998124622e-05,3114,0,1,0,1,1,0,1.0999999999999999,3231.1614212199033,87.85465142022471,12078.081875643275,771,0
1105.75,1.3,16.0,-2.4,1954.1567,74.013245,-0.28909999999996217,0.0016000000000531145,-9.999999997489795e-05,-0.01671500000000492,2.4999999993724487e-05,1.8999999994662176e-05,3115,0,1,0,1,1,0,1.0999999999999999,3230.7515994223363,87.85020937708602,12080.426863777075,772,0
1105.5,1.3,16.0,-2.4,1953.8693,73.996544,-0.28739999999993415,0.0017000000000280124,9.999999997489795e-05,-0.016700999999997634,1.4000000007285962e-05,-1.0999999986438525e-05,3116,0,1,0,1,1,0,1.0999999999999999,3230.3419483798525,87.84576482611486,12082.77150703086,773,0
1102.75,1.3,16.0,-2.4,1953.5835,73.97985,-0.2858000000001084,0.0015999999998257408,-0.00010000000020227162,-0.016694000000001097,6.999999996537554e-06,-7.000000010748408e-06,3117,0,1,0,1,1,0,1.0999999999999999,3229.9324684413086,87.84131777196922,12085.115807324632,774,0
1100.75,1.3,16.0,-2.4,1953.2994,73.96318,-0.284099999999853,0.0017000000002553861,0.0001000000004296453,-0.016670000000004848,2.3999999996249244e-05,1.699999999971169e-05,3118,0,1,0,1,1,0,1.0999999999999999,3229.5231599871754,87.83686822475151,12087.45976669839,775,0
1102.25,1.3,16.0,-2.4,1953.017,73.946526,-0.2824000000000524,0.0016999999998006388,-4.547473508864641e-13,-0.0166539999999884,1.6000000016447302e-05,-7.999999979801942e-06,3119,0,1,0,1,1,0,1.0999999999999999,3229.114023397436,87.83241619198716,12089.803387192136,776,0
1101.75,1.3,16.0,-2.4,1952.7361,73.929886,-0.28089999999997417,0.0015000000000782165,-0.00019999999972242222,-0.016640000000009536,1.3999999978864253e-05,-2.0000000375830496e-06,3120,0,1,0,1,1,0,1.0999999999999999,3228.705058987504,87.82796168055111,12092.146670605867,777,0
1100.75,1.3,16.0,-2.4,1952.4568,73.91325,-0.27930000000014843,0.0015999999998257408,9.999999974752427e-05,-0.016635999999991213,4.00000001832268e-06,-9.999999960541572e-06,3121,0,1,0,1,1,0,1.0999999999999999,3228.2962671044206,87.82350469410635,12094.489618859585,778,0
1100.75,1.3,16.0,-2.4,1952.1792,73.896645,-0.27759999999989304,0.0017000000002553861,0.0001000000004296453,-0.016604999999998427,3.09999999927868e-05,2.6999999974464117e-05,3122,0,1,0,1,1,0,1.0999999999999999,3227.887648126801,87.81904524495677,12096.83223399329,779,0
1099.25,1.3,16.0,-2.4,1951.9032,73.88005,-0.2760000000000673,0.0015999999998257408,-0.0001000000004296453,-0.016595000000009463,9.999999988963282e-06,-2.1000000003823516e-05,3123,0,1,0,1,1,0,1.0999999999999999,3227.4792024007684,87.81458333866838,12099.17451792698,780,0
1099.75,1.3,16.0,-2.4,1951.6287,73.86348,-0.2744999999999891,0.0015000000000782165,-9.999999974752427e-05,-0.016570000000001528,2.500000000793534e-05,1.500000001897206e-05,3124,0,1,0,1,1,0,1.0999999999999999,3227.07093024,87.8101189856,12101.516472460658,781,0
1099.75,1.3,16.0,-2.4,1951.3558,73.84692,-0.27289999999993597,0.0016000000000531145,9.999999997489795e-05,-0.016559999999998354,1.0000000003174137e-05,-1.5000000004761205e-05,3125,0,1,0,1,1,0,1.0999999999999999,3226.6628319897636,87.80565219129879,12103.858099514324,782,0
1100.75,1.3,16.0,-2.4,1951.0846,73.83037,-0.27120000000013533,0.0016999999998006388,9.999999974752427e-05,-0.01654999999999518,1.0000000003174137e-05,0.0,3126,0,1,0,1,1,0,1.0999999999999999,3226.2549080268627,87.80118296130476,12106.199401127977,783,0
1101.25,1.3,16.0,-2.4,1950.815,73.81384,-0.26959999999985484,0.0016000000002804882,-9.99999995201506e-05,-0.016530000000003042,1.9999999992137418e-05,9.999999988963282e-06,3127,0,1,0,1,1,0,1.0999999999999999,3225.847158695652,87.79671130434782,12108.540379221615,784,0
1101.75,1.3,16.0,-2.4,1950.5469,73.79733,-0.268100000000004,0.0014999999998508429,-0.0001000000004296453,-0.016509999999996694,2.0000000006348273e-05,1.4210854715202004e-14,3128,0,1,0,1,1,0,1.0999999999999999,3225.4395843080856,87.79223722914668,12110.881035595241,785,0
1102.25,1.3,16.0,-2.4,1950.2804,73.78084,-0.2664999999999509,0.0016000000000531145,0.00010000000020227162,-0.016490000000004557,1.9999999992137418e-05,-1.4210854715202004e-14,3129,0,1,0,1,1,0,1.0999999999999999,3225.032185207668,87.78776074440894,12113.221372168855,786,0
1102.5,1.3,16.0,-2.4,1950.0154,73.76436,-0.26500000000010004,0.0014999999998508429,-0.00010000000020227162,-0.016480000000001382,1.0000000003174137e-05,-9.999999988963282e-06,3130,0,1,0,1,1,0,1.0999999999999999,3224.6249617055255,87.78328185563718,12115.561390742456,787,0
1102.25,1.3,16.0,-2.4,1949.752,73.747894,-0.26340000000004693,0.0016000000000531145,0.00010000000020227162,-0.016465999999994096,1.4000000007285962e-05,4.0000000041118255e-06,3131,0,1,0,1,1,0,1.0999999999999999,3224.2179141443166,87.77880056960409,12117.901093236043,788,0
1102.25,1.3,16.0,-2.4,1949.4901,73.73145,-0.2618999999999687,0.0015000000000782165,-9.999999997489795e-05,-0.01644400000000701,2.1999999987087904e-05,7.999999979801942e-06,3132,0,1,0,1,1,0,1.0999999999999999,3223.811042834344,87.7743168956272,12120.240481449619,789,0
1103.25,1.3,16.0,-2.4,1949.2297,73.71503,-0.2603999999998905,0.0015000000000782165,0.0,-0.01641999999999655,2.40000000104601e-05,2.000000023372195e-06,3133,0,1,0,1,1,0,1.0999999999999999,3223.404348085514,87.76983084365028,12122.579557183182,790,0
1103.0,1.3,16.0,-2.4,1948.971,73.69862,-0.25870000000008986,0.0016999999998006388,0.00019999999972242222,-0.016409999999993374,1.0000000003174137e-05,-1.4000000007285962e-05,3134,0,1,0,1,1,0,1.0999999999999999,3222.997830271132,87.76534241913876,12124.918322476733,791,0
1102.25,1.3,16.0,-2.4,1948.7136,73.68223,-0.25739999999996144,0.0013000000001284207,-0.0003999999996722181,-0.016390000000001237,1.9999999992137418e-05,9.999999988963282e-06,3135,0,1,0,1,1,0,1.0999999999999999,3222.5914896364793,87.7608516307398,12127.25677889027,792,0
1100.25,1.3,16.0,-2.4,1948.4579,73.665855,-0.2556999999999334,0.0017000000000280124,0.0003999999998995918,-0.016375000000010687,1.499999999055035e-05,-5.000000001587068e-06,3136,0,1,0,1,1,0,1.0999999999999999,3222.1853265540326,87.75635848549571,12129.594928463797,793,0
1100.75,1.3,16.0,-2.4,1948.2036,73.649506,-0.2543000000000575,0.001399999999875945,-0.0003000000001520675,-0.016348999999991065,2.600000001962144e-05,1.1000000029071089e-05,3137,0,1,0,1,1,0,1.0999999999999999,3221.7793413001914,87.7518629939452,12131.932772877311,794,0
1100.75,1.3,16.0,-2.4,1947.9508,73.63316,-0.25279999999997926,0.0015000000000782165,0.00010000000020227162,-0.01634599999999864,2.999999992425728e-06,-2.300000002719571e-05,3138,0,1,0,1,1,0,1.0999999999999999,3221.373534182861,87.74736515928639,12134.270313930812,795,0
1100.5,1.3,16.0,-2.4,1947.6996,73.616844,-0.2512000000001535,0.0015999999998257408,9.999999974752427e-05,-0.016316000000003328,2.9999999995311555e-05,2.7000000002885827e-05,3139,0,1,0,1,1,0,1.0999999999999999,3220.9679055414013,87.7428649933121,12136.607553544301,796,0
1100.5,1.3,16.0,-2.4,1947.4498,73.60055,-0.24979999999982283,0.0014000000003306923,-0.00019999999949504854,-0.01629400000000203,2.200000000129876e-05,-7.999999994012796e-06,3140,0,1,0,1,1,0,1.0999999999999999,3220.5624556510666,87.73836250525311,12138.94449339778,797,0
1100.75,1.3,16.0,-2.4,1947.2015,73.58427,-0.24830000000019936,0.0014999999996234692,9.999999929277692e-05,-0.016279999999994743,1.4000000007285962e-05,-7.999999994012796e-06,3141,0,1,0,1,1,0,1.0999999999999999,3220.157184818587,87.73385770178231,12141.281135291245,798,0
1099.75,1.3,16.0,-2.4,1946.9547,73.568,-0.24679999999989377,0.0015000000003055902,6.821210263296962e-13,-0.01627000000000578,9.999999988963282e-06,-4.00000001832268e-06,3142,0,1,0,1,1,0,1.0999999999999999,3219.752093350302,87.72935058829144,12143.6174810247,799,0
1099.75,1.3,15.0,-2.4,1946.7094,73.55176,-0.24530000000004293,0.0014999999998508429,-4.547473508864641e-13,-0.016239999999996257,3.000000000952241e-05,2.0000000020559128e-05,3143,0,1,0,1,1,0,1.0999999999999999,3219.3471815521625,87.72484117652671,12145.953532398142,800,0
1099.75,1.3,15.0,-2.4,1946.4655,73.53553,-0.2438999999999396,0.0014000000001033186,-9.999999974752427e-05,-0.016230000000007294,9.999999988963282e-06,-2.0000000020559128e-05,3144,0,1,0,1,1,0,1.0999999999999999,3218.942449697933,87.72032947186008,12148.28929109157,801,0
1102.75,1.3,15.0,-2.4,1946.223,73.519325,-0.24250000000006366,0.001399999999875945,-2.2737367544323206e-13,-0.01620499999999936,2.500000000793534e-05,1.500000001897206e-05,3145,0,1,0,1,1,0,1.0999999999999999,3218.53789806103,87.71581548442465,12150.62475878499,802,0
1103.75,1.3,15.0,-2.4,1945.982,73.50314,-0.24099999999998545,0.0015000000000782165,0.00010000000020227162,-0.01618499999999301,2.0000000006348273e-05,-5.000000001587068e-06,3146,0,1,0,1,1,0,1.0999999999999999,3218.133526946298,87.71129922275183,12152.959937278398,803,0
1101.25,1.3,15.0,-2.4,1945.7424,73.48697,-0.23959999999988213,0.0014000000001033186,-9.999999997489795e-05,-0.01617000000000246,1.499999999055035e-05,-5.000000015797923e-06,3147,0,1,0,1,1,0,1.0999999999999999,3217.7293366264294,87.70678069377382,12155.294828251794,804,0
1101.0,1.3,15.0,-2.4,1945.5044,73.470825,-0.2380000000000564,0.0015999999998257408,0.00019999999972242222,-0.016144999999994525,2.500000000793534e-05,1.0000000017384991e-05,3148,0,1,0,1,1,0,1.0999999999999999,3217.325327437282,87.70225990758972,12157.629433625178,805,0
1100.75,1.3,15.0,-2.4,1945.2677,73.4547,-0.23669999999992797,0.0013000000001284207,-0.00029999999969732016,-0.016125000000002387,1.9999999992137418e-05,-5.000000015797923e-06,3149,0,1,0,1,1,0,1.0999999999999999,3216.9214996190476,87.69773687269841,12159.96375495855,806,0
1100.25,1.3,15.0,-2.4,1945.0323,73.43858,-0.23540000000002692,0.001299999999901047,-2.2737367544323206e-13,-0.0161200000000008,5.000000001587068e-06,-1.499999999055035e-05,3150,0,1,0,1,1,0,1.0999999999999999,3216.5178534116158,87.69321159282767,12162.297793811911,807,0
1100.0,1.3,15.0,-2.4,1944.7985,73.4225,-0.2337999999999738,0.0016000000000531145,0.0003000000001520675,-0.016080000000002315,3.999999999848569e-05,3.499999999689862e-05,3151,0,1,0,1,1,0,1.0999999999999999,3216.1143891497463,87.68868408280457,12164.631552105262,808,0
1099.25,1.3,15.0,-2.4,1944.566,73.406425,-0.23250000000007276,0.001299999999901047,-0.0003000000001520675,-0.016075000000000728,5.000000001587068e-06,-3.499999999689862e-05,3152,0,1,0,1,1,0,1.0999999999999999,3215.711107072629,87.68415434633683,12166.9650313986,809,0
1102.25,1.3,15.0,-2.4,1944.335,73.39038,-0.23099999999999454,0.0015000000000782165,0.00020000000017716957,-0.016045000000005416,2.9999999995311555e-05,2.4999999993724487e-05,3153,0,1,0,1,1,0,1.0999999999999999,3215.308007482562,87.6796223950539,12169.298233491929,810,0
1100.25,1.3,15.0,-2.4,1944.1053,73.37435,-0.2297000000000935,0.001299999999901047,-0.00020000000017716957,-0.016029999999986444,1.500000001897206e-05,-1.4999999976339495e-05,3154,0,1,0,1,1,0,1.0999999999999999,3214.905090618067,87.67508823581616,12171.631159945246,811,0
1101.25,1.3,15.0,-2.4,1943.8771,73.358345,-0.22820000000001528,0.0015000000000782165,0.00020000000017716957,-0.01600500000000693,2.4999999979513632e-05,9.999999960541572e-06,3155,0,1,0,1,1,0,1.0999999999999999,3214.5023567807348,87.67055187864386,12173.963812558552,812,0
1102.25,1.3,15.0,-2.4,1943.6501,73.342354,-0.22699999999986176,0.0012000000001535227,-0.00029999999992469384,-0.015990999999999644,1.4000000007285962e-05,-1.099999997222767e-05,3156,0,1,0,1,1,0,1.0999999999999999,3214.09980617675,87.66601333006018,12176.296192771848,813,0
1102.25,1.3,15.0,-2.4,1943.4247,73.326385,-0.22540000000003602,0.0015999999998257408,0.0003999999996722181,-0.015968999999998346,2.200000000129876e-05,7.999999994012796e-06,3157,0,1,0,1,1,0,1.0999999999999999,3213.6974391386957,87.66147259911337,12178.628302505133,814,0
1102.75,1.3,15.0,-2.4,1943.2004,73.31044,-0.22430000000008476,0.001099999999951251,-0.0004999999998744897,-0.015945000000002096,2.3999999996249244e-05,1.9999999949504854e-06,3158,0,1,0,1,1,0,1.0999999999999999,3213.2952558404554,87.65692969547324,12180.960143078406,815,0
1102.75,1.3,15.0,-2.4,1942.9777,73.29452,-0.22270000000003165,0.0016000000000531145,0.0005000000001018634,-0.01591999999999416,2.500000000793534e-05,1.0000000116860974e-06,3159,0,1,0,1,1,0,1.0999999999999999,3212.8932566139238,87.65238462911391,12183.291716411668,816,0
1102.75,1.3,15.0,-2.4,1942.7562,73.27861,-0.22149999999987813,0.0012000000001535227,-0.0003999999998995918,-0.015910000000005198,9.999999988963282e-06,-1.500000001897206e-05,3160,0,1,0,1,1,0,1.0999999999999999,3212.4914416640304,87.64783740525151,12185.623023944921,817,0
1101.75,1.3,15.0,-2.4,1942.5361,73.26273,-0.22010000000000218,0.001399999999875945,0.00019999999972242222,-0.015879999999995675,3.000000000952241e-05,2.0000000020559128e-05,3161,0,1,0,1,1,0,1.0999999999999999,3212.0898112586974,87.64328803542062,12187.954067358163,818,0
1101.75,1.3,15.0,-2.4,1942.3173,73.24687,-0.21880000000010114,0.001299999999901047,-9.999999997489795e-05,-0.015860000000003538,1.9999999992137418e-05,-1.0000000017384991e-05,3162,0,1,0,1,1,0,1.0999999999999999,3211.688365633892,87.63873652797977,12190.284848211393,819,0
1102.75,1.3,15.0,-2.4,1942.0999,73.23103,-0.21739999999999782,0.0014000000001033186,0.00010000000020227162,-0.01583999999999719,2.0000000006348273e-05,1.4210854715202004e-14,3163,0,1,0,1,1,0,1.0999999999999999,3211.28710505689,87.63418289127688,12192.615368184615,820,0
1103.75,1.3,15.0,-2.4,1941.8838,73.21521,-0.2160999999998694,0.0013000000001284207,-9.999999997489795e-05,-0.015820000000005052,1.9999999992137418e-05,-1.4210854715202004e-14,3164,0,1,0,1,1,0,1.0999999999999999,3210.886029763033,87.6296271336493,12194.945628837824,821,0
1104.0,1.3,15.0,-2.4,1941.669,73.19942,-0.21479999999996835,0.001299999999901047,-2.2737367544323206e-13,-0.01578999999999553,3.000000000952241e-05,1.0000000017384991e-05,3165,0,1,0,1,1,0,1.0999999999999999,3210.4851399873655,87.62506926658243,12197.275631731025,822,0
1103.25,1.3,15.0,-2.4,1941.4554,73.18364,-0.2136000000000422,0.001199999999926149,-9.999999997489795e-05,-0.015780000000006567,9.999999988963282e-06,-2.0000000020559128e-05,3166,0,1,0,1,1,0,1.0999999999999999,3210.08443593306,87.62050929523208,12199.605378304215,823,0
1102.75,1.3,15.0,-2.4,1941.2433,73.167885,-0.21209999999996398,0.0015000000000782165,0.0003000000001520675,-0.01575499999999863,2.500000000793534e-05,1.500000001897206e-05,3167,0,1,0,1,1,0,1.0999999999999999,3209.6839178977275,87.61594722948232,12201.934870357394,824,0
1104.25,1.3,15.0,-2.4,1941.0323,73.15216,-0.21100000000001273,0.001099999999951251,-0.00040000000012696546,-0.01572500000000332,2.9999999995311555e-05,4.9999999873762135e-06,3168,0,1,0,1,1,0,1.0999999999999999,3209.2835860523824,87.61138308078257,12204.264109210564,825,0
1104.75,1.3,15.0,-2.4,1940.8228,73.13645,-0.2095000000001619,0.0014999999998508429,0.0003999999998995918,-0.01570999999999856,1.5000000004761205e-05,-1.499999999055035e-05,3169,0,1,0,1,1,0,1.0999999999999999,3208.883440694006,87.60681685583596,12206.593096663724,826,0
1103.25,1.3,15.0,-2.4,1940.6144,73.120766,-0.20839999999998327,0.0011000000001786248,-0.0003999999996722181,-0.015683999999993148,2.6000000005410584e-05,1.100000000064938e-05,3170,0,1,0,1,1,0,1.0999999999999999,3208.4834819930625,87.60224856480605,12208.921834036873,827,0
1103.25,1.3,15.0,-2.4,1940.4073,73.1051,-0.20709999999985484,0.0013000000001284207,0.0001999999999497959,-0.015666000000010172,1.7999999982976078e-05,-8.000000022434506e-06,3171,0,1,0,1,1,0,1.0999999999999999,3208.0837101828497,87.59767821532158,12211.250322890013,828,0
1103.75,1.3,15.0,-2.4,1940.2015,73.08946,-0.20580000000018117,0.0012999999996736733,-4.547473508864641e-13,-0.01563999999999055,2.600000001962144e-05,8.00000003664536e-06,3172,0,1,0,1,1,0,1.0999999999999999,3207.6841254963756,87.59310581752285,12213.578564783142,829,0
1104.25,1.3,15.0,-2.4,1939.997,73.073845,-0.20449999999982538,0.0013000000003557943,6.821210263296962e-13,-0.015614999999996826,2.4999999993724487e-05,-1.0000000258969521e-06,3173,0,1,0,1,1,0,1.0999999999999999,3207.2847281663517,87.58853138122244,12215.906561276262,830,0
1103.25,1.3,15.0,-2.4,1939.7937,73.05825,-0.2033000000001266,0.0011999999996987754,-0.00010000000065701897,-0.015595000000004688,1.9999999992137418e-05,-5.000000001587068e-06,3174,0,1,0,1,1,0,1.0999999999999999,3206.8855183937007,87.58395491464567,12218.234313809373,831,0
1103.25,1.3,15.0,-2.4,1939.5917,73.04268,-0.20199999999999818,0.0013000000001284207,0.0001000000004296453,-0.015569999999996753,2.500000000793534e-05,5.000000015797923e-06,3175,0,1,0,1,1,0,1.0999999999999999,3206.4864964105795,87.57937642758186,12220.561823942473,832,0
1103.0,1.3,15.0,-2.4,1939.3909,73.02713,-0.20079999999984466,0.0012000000001535227,-9.999999997489795e-05,-0.015550000000004616,1.9999999992137418e-05,-5.000000015797923e-06,3176,0,1,0,1,1,0,1.0999999999999999,3206.0876624173748,87.57479592823418,12222.889093115564,833,0
1102.75,1.3,15.0,-2.4,1939.1913,73.01161,-0.19960000000014588,0.0011999999996987754,-4.547473508864641e-13,-0.015519999999995093,3.000000000952241e-05,1.0000000017384991e-05,3177,0,1,0,1,1,0,1.0999999999999999,3205.689016614223,87.57021342794211,12225.216122768645,834,0
1102.25,1.3,15.0,-2.4,1938.9929,72.99611,-0.19839999999999236,0.0012000000001535227,4.547473508864641e-13,-0.015500000000002956,1.9999999992137418e-05,-1.0000000017384991e-05,3178,0,1,0,1,1,0,1.0999999999999999,3205.2905592010065,87.56562893488518,12227.542914341717,835,0
1103.75,1.3,15.0,-2.4,1938.7959,72.98063,-0.19699999999988904,0.0014000000001033186,0.0001999999999497959,-0.015479999999996608,2.0000000006348273e-05,1.4210854715202004e-14,3179,0,1,0,1,1,0,1.0999999999999999,3204.8922904402516,87.5610424572327,12229.869469514779,836,0
1103.75,1.3,15.0,-2.4,1938.6,72.96518,-0.19590000000016516,0.0010999999997238774,-0.0003000000003794412,-0.015450000000001296,2.9999999995311555e-05,9.999999988963282e-06,3180,0,1,0,1,1,0,1.0999999999999999,3204.4942104998427,87.55645400628732,12232.195789607831,837,0
1103.75,1.3,15.0,-2.4,1938.4053,72.949745,-0.19470000000001164,0.0012000000001535227,0.0001000000004296453,-0.015435000000010746,1.499999999055035e-05,-1.5000000004761205e-05,3181,0,1,0,1,1,0,1.0999999999999999,3204.0963195788813,87.5518635886235,12234.521876060875,838,0
1101.75,1.3,15.0,-2.4,1938.2118,72.93434,-0.19349999999985812,0.0012000000001535227,0.0,-0.015404999999987012,3.0000000023733264e-05,1.5000000033182914e-05,3182,0,1,0,1,1,0,1.0999999999999999,3203.698617876217,87.54727121551996,12236.84773031391,839,0
1102.75,1.3,15.0,-2.4,1938.0194,72.91896,-0.19240000000013424,0.0010999999997238774,-0.0001000000004296453,-0.015380000000007499,2.4999999979513632e-05,-5.000000044219632e-06,3183,0,1,0,1,1,0,1.0999999999999999,3203.3011055590455,87.54267689667086,12239.173353686934,840,0
1103.0,1.3,15.0,-2.4,1937.8282,72.90361,-0.19119999999998072,0.0012000000001535227,0.0001000000004296453,-0.015349999999997976,3.000000000952241e-05,5.000000030008778e-06,3184,0,1,0,1,1,0,1.0999999999999999,3202.9037828257456,87.53808064332812,12241.49874761995,841,0
1103.0,1.3,15.0,-2.4,1937.6383,72.888275,-0.1898999999998523,0.0013000000001284207,9.999999997489795e-05,-0.015335000000007426,1.499999999055035e-05,-1.500000001897206e-05,3185,0,1,0,1,1,0,1.0999999999999999,3202.506649905838,87.53348246202134,12243.823913672957,842,0
1102.25,1.3,15.0,-2.4,1937.4496,72.87297,-0.18870000000015352,0.0011999999996987754,-0.0001000000004296453,-0.015304999999997904,3.000000000952241e-05,1.500000001897206e-05,3186,0,1,0,1,1,0,1.0999999999999999,3202.109706997176,87.52888236397867,12246.148853285955,843,0
1104.25,1.3,15.0,-2.4,1937.262,72.85769,-0.1875999999999749,0.0011000000001786248,-9.99999995201506e-05,-0.015279999999989968,2.500000000793534e-05,-5.000000001587068e-06,3187,0,1,0,1,1,0,1.0999999999999999,3201.7129542659973,87.52428035884567,12248.473567778943,844,0
1104.25,1.3,15.0,-2.4,1937.0754,72.84243,-0.18659999999999854,0.0009999999999763531,-0.00010000000020227162,-0.015260000000012042,1.9999999977926564e-05,-5.000000030008778e-06,3188,0,1,0,1,1,0,1.0999999999999999,3201.316391846974,87.519676454688,12250.798058351922,845,0
1106.25,1.3,15.0,-2.4,1936.8901,72.827194,-0.18529999999987012,0.0013000000001284207,0.0003000000001520675,-0.01523599999998737,2.4000000024670953e-05,4.00000004674439e-06,3189,0,1,0,1,1,0,1.0999999999999999,3200.920019968652,87.51507066081504,12253.122326564893,846,0
1105.75,1.2,15.0,-2.4,1936.706,72.81199,-0.18410000000017135,0.0011999999996987754,-0.0001000000004296453,-0.01520400000001132,3.1999999976051186e-05,7.999999951380232e-06,3190,0,1,0,1,1,0,1.2,3200.523838827954,87.51046298903165,12255.446373857854,847,0
1106.75,1.2,15.0,-2.4,1936.523,72.79681,-0.18299999999999272,0.0011000000001786248,-9.99999995201506e-05,-0.01518000000000086,2.40000000104601e-05,-7.999999965591087e-06,3191,0,1,0,1,1,0,1.2,3200.1278485902258,87.50585344862156,12257.770201550808,848,0
1106.25,1.2,15.0,-2.4,1936.3411,72.781654,-0.1818999999998141,0.0011000000001786248,0.0,-0.0151559999999904,2.40000000104601e-05,0.0,3192,0,1,0,1,1,0,1.2,3199.732049420608,87.50124204885688,12260.093810963752,849,0
1105.75,1.2,15.0,-2.4,1936.1603,72.76652,-0.18080000000009022,0.0010999999997238774,-4.547473508864641e-13,-0.015134000000003311,2.1999999987087904e-05,-2.000000023372195e-06,3193,0,1,0,1,1,0,1.2,3199.3364414840325,87.49662879837196,12262.417203416688,850,0
1105.75,1.2,15.0,-2.4,1935.9806,72.75142,-0.1796999999999116,0.0011000000001786248,4.547473508864641e-13,-0.015100000000003888,3.399999999942338e-05,1.2000000012335477e-05,3194,0,1,0,1,1,0,1.2,3198.9410249452267,87.49201370954617,12264.740380229616,851,0
1105.75,1.2,15.0,-2.4,1935.802,72.736336,-0.17860000000018772,0.0010999999997238774,-4.547473508864641e-13,-0.015084000000001652,1.6000000002236447e-05,-1.7999999997186933e-05,3195,0,1,0,1,1,0,1.2,3198.545799968711,87.48739678911139,12267.063342722533,852,0
1105.5,1.2,15.0,-2.4,1935.6246,72.72128,-0.17739999999980682,0.0012000000003808964,0.00010000000065701897,-0.01505600000000129,2.800000000036107e-05,1.1999999998124622e-05,3196,0,1,0,1,1,0,1.2,3198.150766750078,87.48277804754457,12269.386092335444,853,0
1105.75,1.2,15.0,-2.4,1935.4482,72.70626,-0.17640000000005784,0.0009999999997489795,-0.00020000000063191692,-0.015019999999992706,3.600000000858472e-05,8.000000008223651e-06,3197,0,1,0,1,1,0,1.2,3197.7559254221387,87.47815749781113,12271.708630268346,854,0
1106.25,1.2,15.0,-2.4,1935.273,72.69126,-0.1752000000001317,0.001199999999926149,0.00020000000017716957,-0.015000000000000568,1.9999999992137418e-05,-1.6000000016447302e-05,3198,0,1,0,1,1,0,1.2,3197.3612761800564,87.4735351478587,12274.030957961239,855,0
1107.25,1.2,15.0,-2.4,1935.0988,72.676285,-0.17419999999992797,0.0010000000002037268,-0.00019999999972242222,-0.014975000000006844,2.4999999993724487e-05,5.000000001587068e-06,3199,0,1,0,1,1,0,1.2,3196.96681915625,87.4689110071875,12276.353076614123,856,0
1106.25,1.2,15.0,-2.4,1934.9257,72.66134,-0.17309999999997672,0.001099999999951251,9.999999974752427e-05,-0.014944999999997322,3.000000000952241e-05,5.000000015797923e-06,3200,0,1,0,1,1,0,1.2,3196.572554514214,87.46428508684787,12278.674987547,857,0
1104.75,1.2,15.0,-2.4,1934.7535,72.646416,-0.17219999999997526,0.0009000000000014552,-0.0001999999999497959,-0.014923999999993498,2.1000000003823516e-05,-9.000000005698894e-06,3201,0,1,0,1,1,0,1.2,3196.178482354778,87.45965739506558,12280.996691839868,858,0
1105.75,1.2,15.0,-2.4,1934.5826,72.63152,-0.17090000000007421,0.001299999999901047,0.0003999999998995918,-0.014896000000007348,2.7999999986150215e-05,6.999999982326699e-06,3202,0,1,0,1,1,0,1.2,3195.784602903528,87.45502794224164,12283.318191052727,859,0
1104.25,1.2,15.0,-2.4,1934.4126,72.61665,-0.16999999999984539,0.0009000000002288289,-0.0003999999996722181,-0.014869999999987726,2.600000001962144e-05,-1.999999966528776e-06,3203,0,1,0,1,1,0,1.2,3195.390916260924,87.45039673813983,12285.63948626558,860,0
1102.75,1.2,15.0,-2.4,1934.2438,72.601814,-0.1688000000001466,0.0011999999996987754,0.0002999999994699465,-0.014836000000002514,3.3999999985212526e-05,7.999999965591087e-06,3204,0,1,0,1,1,0,1.2,3194.9974226209047,87.4457637950078,12287.960578918422,861,0
1101.25,1.2,15.0,-2.4,1934.0759,72.587006,-0.16789999999991778,0.0009000000002288289,-0.0002999999994699465,-0.014808000000002153,2.800000000036107e-05,-5.999999984851456e-06,3205,0,1,0,1,1,0,1.2,3194.6041220835937,87.4411291232065,12290.281470091259,862,0
1100.25,1.2,15.0,-2.4,1933.909,72.57222,-0.16689999999994143,0.0009999999999763531,9.999999974752427e-05,-0.014786000000000854,2.200000000129876e-05,-5.999999999062311e-06,3206,0,1,0,1,1,0,1.2,3194.2110147801686,87.43649273121297,12292.602160984086,863,0
1101.25,1.2,15.0,-2.6,1933.7433,72.557465,-0.16570000000001528,0.001199999999926149,0.0001999999999497959,-0.014755000000008067,3.09999999927868e-05,8.999999991488039e-06,3207,0,1,0,1,1,0,1.4000000000000001,3193.8181009039904,87.43185463029926,12294.922653036905,864,0
1101.5,1.2,15.0,-2.6,1933.5785,72.54273,-0.16480000000001382,0.0009000000000014552,-0.00029999999992469384,-0.014734999999987508,2.0000000020559128e-05,-1.099999997222767e-05,3208,0,1,0,1,1,0,1.4000000000000001,3193.42538055469,87.42721482829542,12297.242947329718,865,0
1101.5,1.2,15.0,-2.6,1933.4147,72.52803,-0.16380000000003747,0.0009999999999763531,9.999999997489795e-05,-0.01470000000000482,3.499999998268777e-05,1.499999996212864e-05,3209,0,1,0,1,1,0,1.4000000000000001,3193.0328538629283,87.4225733376947,12299.563045062521,866,0
1102.25,1.2,15.0,-2.6,1933.252,72.51336,-0.16270000000008622,0.001099999999951251,9.999999997489795e-05,-0.014669999999995298,3.000000000952241e-05,-4.999999973165359e-06,3210,0,1,0,1,1,0,1.4000000000000001,3192.6405209903455,87.41793016941763,12301.882947555318,867,0
1102.5,1.2,15.0,-2.6,1933.0901,72.49871,-0.16190000000005966,0.0008000000000265572,-0.00029999999992469384,-0.01465000000000316,1.9999999992137418e-05,-1.0000000017384991e-05,3211,0,1,0,1,1,0,1.4000000000000001,3192.248382004981,87.4132853312578,12304.202655768106,868,0
1102.5,1.2,15.0,-2.6,1932.9293,72.48409,-0.16079999999988104,0.0011000000001786248,0.0003000000001520675,-0.014620000000007849,2.9999999995311555e-05,1.0000000003174137e-05,3212,0,1,0,1,1,0,1.4000000000000001,3191.8564370681606,87.40863883411143,12306.522171020886,869,0
1103.75,1.2,15.0,-2.6,1932.7695,72.469505,-0.15979999999990468,0.0009999999999763531,-0.00010000000020227162,-0.01458499999999674,3.500000001110948e-05,5.000000015797923e-06,3213,0,1,0,1,1,0,1.4000000000000001,3191.464686309894,87.40399069041692,12308.84149451366,870,0
1105.75,1.2,15.0,-2.6,1932.6107,72.45494,-0.1588000000001557,0.0009999999997489795,-2.2737367544323206e-13,-0.014565000000004602,1.9999999992137418e-05,-1.500000001897206e-05,3214,0,1,0,1,1,0,1.4000000000000001,3191.0731298600313,87.39934090793157,12311.160627446425,871,0
1105.25,1.2,15.0,-2.6,1932.4529,72.44041,-0.15779999999995198,0.0010000000002037268,4.547473508864641e-13,-0.014529999999993493,3.500000001110948e-05,1.500000001897206e-05,3215,0,1,0,1,1,0,1.4000000000000001,3190.681767848259,87.39468949906717,12313.479571019183,872,0
1103.75,1.2,15.0,-2.6,1932.296,72.4259,-0.15689999999995052,0.0009000000000014552,-0.00010000000020227162,-0.014510000000001355,1.9999999992137418e-05,-1.500000001897206e-05,3216,0,1,0,1,1,0,1.4000000000000001,3190.2906003730186,87.39003647155734,12315.798326311933,873,0
1103.75,1.2,15.0,-2.6,1932.14,72.41143,-0.15599999999994907,0.0009000000000014552,0.0,-0.01447000000000287,3.999999999848569e-05,2.0000000006348273e-05,3217,0,1,0,1,1,0,1.4000000000000001,3189.899627532629,87.3853818393412,12318.116894404675,874,0
1103.75,1.2,15.0,-2.6,1931.9851,72.39699,-0.15489999999999782,0.001099999999951251,0.0001999999999497959,-0.014439999999993347,3.000000000952241e-05,-9.999999988963282e-06,3218,0,1,0,1,1,0,1.4000000000000001,3189.5088494874185,87.38072561323392,12320.43527661741,875,0
1102.75,1.2,15.0,-2.6,1931.831,72.38257,-0.15410000000019863,0.0007999999997991836,-0.0003000000001520675,-0.01442000000000121,1.9999999992137418e-05,-1.0000000017384991e-05,3219,0,1,0,1,1,0,1.4000000000000001,3189.1182663043483,87.37606780093168,12322.75347391014,876,0
1102.75,1.2,15.0,-2.6,1931.678,72.36819,-0.15299999999979264,0.0011000000004059984,0.00030000000060681487,-0.014380000000002724,3.999999999848569e-05,2.0000000006348273e-05,3220,0,1,0,1,1,0,1.4000000000000001,3188.727878143434,87.37140841633034,12325.07148760286,877,0
1103.75,1.2,15.0,-2.6,1931.5258,72.35383,-0.15220000000022083,0.0007999999995718099,-0.00030000000083418854,-0.014359999999996376,2.0000000006348273e-05,-1.9999999992137418e-05,3221,0,1,0,1,1,0,1.4000000000000001,3188.337685071384,87.36674746710118,12327.389318655572,878,0
1102.75,1.2,15.0,-2.6,1931.3745,72.3395,-0.151299999999992,0.0009000000002288289,0.00010000000065701897,-0.014330000000001064,2.9999999995311555e-05,9.999999988963282e-06,3222,0,1,0,1,1,0,1.4000000000000001,3187.947687185852,87.36208496400869,12329.706968148279,879,0
1104.25,1.2,15.0,-2.6,1931.2241,72.3252,-0.15039999999999054,0.0009000000000014552,-2.2737367544323206e-13,-0.014300000000005753,2.9999999995311555e-05,0.0,3223,0,1,0,1,1,0,1.4000000000000001,3187.557884584367,87.35742091780398,12332.024437160977,880,0
1104.75,1.2,13.5,-2.6,1931.0747,72.310936,-0.1494000000000142,0.0009999999999763531,9.999999997489795e-05,-0.014263999999997168,3.600000000858472e-05,6.000000013273166e-06,3224,0,1,0,1,1,0,1.4000000000000001,3187.1682773953485,87.35275534108527,12334.341726893668,881,0
1103.25,1.2,13.5,-2.6,1930.9261,72.29669,-0.14859999999998763,0.0008000000000265572,-0.0001999999999497959,-0.014245999999999981,1.7999999997186933e-05,-1.8000000011397788e-05,3225,0,1,0,1,1,0,1.4000000000000001,3186.778865685059,87.34808824085555,12336.658838306354,882,0
1103.0,1.2,13.5,-2.6,1930.7786,72.282486,-0.147499999999809,0.0011000000001786248,0.0003000000001520675,-0.014203999999992334,4.200000000764703e-05,2.40000000104601e-05,3226,0,1,0,1,1,0,1.4000000000000001,3186.389649612643,87.34341963154633,12338.97577271903,883,0
1104.25,1.2,13.5,-2.6,1930.6317,72.26831,-0.146900000000187,0.000599999999622014,-0.0005000000005566108,-0.014176000000006184,2.7999999986150215e-05,-1.4000000021496817e-05,3227,0,1,0,1,1,0,1.4000000000000001,3186.000629182156,87.33874952323421,12341.2925308517,884,0
1102.75,1.2,13.5,-2.6,1930.4858,72.254166,-0.14589999999998327,0.0010000000002037268,0.0004000000005817128,-0.01414400000000171,3.2000000004472895e-05,4.00000001832268e-06,3228,0,1,0,1,1,0,1.4000000000000001,3185.6118045215235,87.33407792722205,12343.609113904364,885,0
1101.25,1.2,13.5,-2.6,1930.3408,72.24004,-0.1449999999999818,0.0009000000000014552,-0.00010000000020227162,-0.014126000000004524,1.7999999997186933e-05,-1.4000000007285962e-05,3229,0,1,0,1,1,0,1.4000000000000001,3185.223175727554,87.3294048504644,12345.92552295702,886,0
1101.75,1.2,13.5,-2.6,1930.1968,72.22596,-0.14400000000000546,0.0009999999999763531,9.999999997489795e-05,-0.014079999999992765,4.600000001175886e-05,2.8000000014571924e-05,3230,0,1,0,1,1,0,1.4000000000000001,3184.8347429278865,87.3247303085732,12348.24175920967,887,0
1100.25,1.2,13.5,-2.6,1930.0535,72.21191,-0.1432999999999538,0.0007000000000516593,-0.00029999999992469384,-0.014049999999997453,2.9999999995311555e-05,-1.6000000016447302e-05,3231,0,1,0,1,1,0,1.4000000000000001,3184.446506157178,87.32005431219059,12350.557823502313,888,0
1098.75,1.2,13.5,-2.6,1929.911,72.19788,-0.14249999999992724,0.0008000000000265572,9.999999997489795e-05,-0.014030000000005316,1.9999999992137418e-05,-1.0000000003174137e-05,3232,0,1,0,1,1,0,1.4000000000000001,3184.0584654809772,87.31537686885245,12352.87371679495,889,0
1099.75,1.2,13.5,-2.6,1929.7694,72.18388,-0.14160000000015316,0.0008999999997740815,9.999999974752427e-05,-0.013999999999995794,3.000000000952241e-05,1.0000000017384991e-05,3233,0,1,0,1,1,0,1.4000000000000001,3183.670620995671,87.3106979891775,12355.189440167578,890,0
1100.75,1.2,13.5,-2.6,1929.6287,72.16992,-0.14069999999992433,0.0009000000002288289,4.547473508864641e-13,-0.013959999999997308,3.999999999848569e-05,9.999999988963282e-06,3234,0,1,0,1,1,0,1.4000000000000001,3183.282972797527,87.30601768686245,12357.504994700199,891,0
1101.75,1.2,13.5,-2.6,1929.4888,72.156,-0.13989999999989777,0.0008000000000265572,-0.00010000000020227162,-0.013919999999998822,3.999999999848569e-05,0.0,3235,0,1,0,1,1,0,1.4000000000000001,3182.895520951792,87.30133597558714,12359.820381352814,892,0
1101.5,1.2,13.5,-2.6,1929.3497,72.1421,-0.1391000000000986,0.0007999999997991836,-2.2737367544323206e-13,-0.013900000000006685,1.9999999992137418e-05,-2.0000000006348273e-05,3236,0,1,0,1,1,0,1.4000000000000001,3182.508265523633,87.29665286283596,12362.135601085423,893,0
1102.75,1.2,13.5,-2.6,1929.2114,72.12823,-0.13830000000007203,0.0008000000000265572,2.2737367544323206e-13,-0.013869999999997162,3.000000000952241e-05,1.0000000017384991e-05,3237,0,1,0,1,1,0,1.4000000000000001,3182.1212065781347,87.29196835917233,12364.450654858027,894,0
1102.25,1.2,13.5,-2.6,1929.074,72.114395,-0.1373999999998432,0.0009000000002288289,0.00010000000020227162,-0.013835000000000264,3.499999999689862e-05,4.9999999873762135e-06,3238,0,1,0,1,1,0,1.4000000000000001,3181.734344211176,87.28728247669034,12366.765543750622,895,0
1100.75,1.2,13.5,-2.6,1928.9373,72.100586,-0.13670000000001892,0.0006999999998242856,-0.00020000000040454324,-0.013808999999994853,2.6000000005410584e-05,-8.999999991488039e-06,3239,0,1,0,1,1,0,1.4000000000000001,3181.34767845679,87.28259522469136,12369.080268603211,896,0
1099.25,1.2,13.5,-2.6,1928.8014,72.086815,-0.13589999999999236,0.0008000000000265572,0.00010000000020227162,-0.013771000000005529,3.799999998932435e-05,1.1999999983913767e-05,3240,0,1,0,1,1,0,1.4000000000000001,3180.961209379821,87.27790661616785,12371.394830375793,897,0
1098.75,1.2,13.5,-2.6,1928.6664,72.073074,-0.1349999999999909,0.0009000000000014552,9.999999997489795e-05,-0.013740999999996006,3.000000000952241e-05,-7.999999979801942e-06,3241,0,1,0,1,1,0,1.4000000000000001,3180.574937075879,87.27321666162862,12373.70923014837,898,0
1097.75,1.2,13.5,-2.6,1928.5321,72.05937,-0.13430000000016662,0.0006999999998242856,-0.00020000000017716957,-0.013704000000004157,3.699999999184911e-05,6.999999982326699e-06,3242,0,1,0,1,1,0,1.4000000000000001,3180.1888615787852,87.26852537372802,12376.023468760939,899,0
1097.75,1.2,13.5,-2.6,1928.3986,72.0457,-0.1334999999999127,0.0008000000002539309,0.0001000000004296453,-0.013670000000004734,3.399999999942338e-05,-2.999999992425728e-06,3243,0,1,0,1,1,0,1.4000000000000001,3179.8029829531447,87.26383276418002,12378.337547173502,900,0
1097.5,1.2,13.5,-2.6,1928.2659,72.03205,-0.13269999999988613,0.0008000000000265572,-2.2737367544323206e-13,-0.013649999999998386,2.0000000006348273e-05,-1.3999999993075107e-05,3244,0,1,0,1,1,0,1.4000000000000001,3179.4173012634824,87.2591388403698,12380.651466346058,901,0
1096.25,1.2,13.5,-2.6,1928.1338,72.01845,-0.13210000000003674,0.0005999999998493877,-0.00020000000017716957,-0.013599999999996726,5.000000000165983e-05,2.9999999995311555e-05,3245,0,1,0,1,1,0,1.4000000000000001,3179.031816512631,87.25444361891559,12382.965226998609,902,0
1095.25,1.2,13.5,-2.6,1928.0026,72.00487,-0.1312000000000353,0.0009000000000014552,0.0003000000001520675,-0.013580000000004588,1.9999999992137418e-05,-3.000000000952241e-05,3246,0,1,0,1,1,0,1.4000000000000001,3178.6465287958113,87.24974710717586,12385.278830211153,903,0
1094.75,1.2,13.5,-2.6,1927.8721,71.991325,-0.13049999999998363,0.0007000000000516593,-0.0001999999999497959,-0.013544999999993479,3.500000001110948e-05,1.500000001897206e-05,3247,0,1,0,1,1,0,1.4000000000000001,3178.261438146552,87.24504931711822,12387.59227682369,904,0
1094.75,1.2,13.5,-2.6,1927.7424,71.97781,-0.12969999999995707,0.0008000000000265572,9.999999997489795e-05,-0.013514999999998167,2.9999999995311555e-05,-5.000000015797923e-06,3248,0,1,0,1,1,0,1.4000000000000001,3177.876544629117,87.24035025915666,12389.905567796222,905,0
1094.75,1.2,13.5,-2.6,1927.6134,71.96434,-0.1290000000001328,0.0006999999998242856,-0.00010000000020227162,-0.013469999999998095,4.500000000007276e-05,1.5000000004761205e-05,3249,0,1,0,1,1,0,1.4000000000000001,3177.491848276923,87.2356499483077,12392.218703968749,906,0
1094.5,1.2,13.5,-2.6,1927.4851,71.9509,-0.12829999999985375,0.000700000000279033,4.547473508864641e-13,-0.013440000000002783,2.9999999995311555e-05,-1.5000000004761205e-05,3250,0,1,0,1,1,0,1.4000000000000001,3177.107349123347,87.23094839495539,12394.531686181268,907,0
1093.25,1.2,13.5,-2.6,1927.3575,71.937485,-0.12760000000002947,0.0006999999998242856,-4.547473508864641e-13,-0.013415000000009059,2.4999999993724487e-05,-5.000000001587068e-06,3251,0,1,0,1,1,0,1.4000000000000001,3176.7230472017222,87.22624560793358,12396.84451527378,908,0
1093.25,1.2,13.5,-2.6,1927.2307,71.92411,-0.1268000000000029,0.0008000000000265572,0.00010000000020227162,-0.013374999999996362,4.0000000012696546e-05,1.500000001897206e-05,3252,0,1,0,1,1,0,1.4000000000000001,3176.3389425760834,87.2215416006763,12399.157192206287,909,0
1093.0,1.2,13.5,-2.6,1927.1046,71.91077,-0.12610000000017862,0.0006999999998242856,-0.00010000000020227162,-0.013339999999999463,3.499999999689862e-05,-5.000000015797923e-06,3253,0,1,0,1,1,0,1.4000000000000001,3175.955035279656,87.21683638506454,12401.469717818789,910,0
1092.25,1.2,13.5,-2.6,1926.9791,71.89746,-0.1254999999998745,0.000600000000304135,-9.99999995201506e-05,-0.013310000000004152,2.9999999995311555e-05,-5.000000001587068e-06,3254,0,1,0,1,1,0,1.4000000000000001,3175.5713253148997,87.21212997142857,12403.782092831283,911,0
1093.25,1.2,13.5,-2.6,1926.8544,71.884186,-0.1247000000000753,0.0007999999997991836,0.00019999999949504854,-0.013273999999995567,3.600000000858472e-05,6.000000013273166e-06,3255,0,1,0,1,1,0,1.4000000000000001,3175.1878127457003,87.20742237192876,12406.094318203772,912,0
1093.25,1.2,13.5,-2.6,1926.7303,71.87095,-0.12409999999999854,0.0006000000000767614,-0.00019999999972242222,-0.013236000000006243,3.799999998932435e-05,1.9999999807396307e-06,3256,0,1,0,1,1,0,1.4000000000000001,3174.804497574455,87.20271359932454,12408.406394656256,913,0
1095.25,1.2,13.5,-2.6,1926.6069,71.85774,-0.12339999999994689,0.0007000000000516593,9.999999997489795e-05,-0.013209999999986621,2.600000001962144e-05,-1.1999999969702912e-05,3257,0,1,0,1,1,0,1.4000000000000001,3174.421379834254,87.19800366267648,12410.718323028732,914,0
1094.25,1.2,13.5,-2.6,1926.4843,71.84457,-0.12259999999992033,0.0008000000000265572,9.999999997489795e-05,-0.013170000000002346,3.9999999984274837e-05,1.3999999964653398e-05,3258,0,1,0,1,1,0,1.4000000000000001,3174.038459588831,87.19329257532985,12413.030104281204,915,0
1092.75,1.2,13.5,-2.6,1926.3622,71.831436,-0.12210000000004584,0.0004999999998744897,-0.0003000000001520675,-0.013134000000007973,3.5999999994373866e-05,-3.999999989900971e-06,3259,0,1,0,1,1,0,1.4000000000000001,3173.6557368098156,87.1885803493865,12415.34173901367,916,0
1092.75,1.2,13.5,-2.6,1926.2408,71.81833,-0.12139999999999418,0.0007000000000516593,0.00020000000017716957,-0.0131059999999934,2.8000000014571924e-05,-7.999999979801942e-06,3260,0,1,0,1,1,0,1.4000000000000001,3173.2732115302056,87.18386699448021,12417.653228066129,917,0
1091.75,1.2,13.5,-2.6,1926.1201,71.80527,-0.12069999999994252,0.0007000000000516593,0.0,-0.013060000000010064,4.599999998333715e-05,1.7999999968765223e-05,3261,0,1,0,1,1,0,1.4000000000000001,3172.890883782955,87.17915252575106,12419.964572278583,918,0
1091.75,1.2,13.5,-2.6,1926.0,71.79224,-0.12010000000009313,0.0005999999998493877,-0.00010000000020227162,-0.01302999999998633,3.0000000023733264e-05,-1.5999999959603883e-05,3262,0,1,0,1,1,0,1.4000000000000001,3172.5087535703337,87.17443695341709,12422.275772371031,919,0
1093.25,1.2,13.5,-2.6,1925.8805,71.779236,-0.11950000000001637,0.0006000000000767614,2.2737367544323206e-13,-0.013004000000009341,2.5999999976988875e-05,-4.00000004674439e-06,3263,0,1,0,1,1,0,1.4000000000000001,3172.1268208946076,87.16972028645833,12424.586829063473,920,0
1090.25,1.2,13.5,-2.6,1925.7617,71.76627,-0.11879999999996471,0.0007000000000516593,9.999999997489795e-05,-0.012965999999991595,3.800000001774606e-05,1.2000000040757186e-05,3264,0,1,0,1,1,0,1.4000000000000001,3171.7450857886674,87.16500253751914,12426.89774319591,921,0
1090.75,1.2,13.5,-2.6,1925.6436,71.75335,-0.11809999999991305,0.0007000000000516593,0.0,-0.012920000000008258,4.599999998333715e-05,7.999999965591087e-06,3265,0,1,0,1,1,0,1.4000000000000001,3171.3635482853642,87.16028372167789,12429.208515608341,922,0
1090.25,1.2,13.5,-2.6,1925.526,71.74046,-0.11760000000003856,0.0004999999998744897,-0.00020000000017716957,-0.012889999999998736,3.000000000952241e-05,-1.5999999973814738e-05,3266,0,1,0,1,1,0,1.4000000000000001,3170.9822083562904,87.15556384909702,12431.519146900766,923,0
1089.25,1.2,13.5,-2.6,1925.4089,71.72761,-0.11710000000016407,0.0004999999998744897,0.0,-0.01285000000000025,3.999999999848569e-05,9.999999988963282e-06,3267,0,1,0,1,1,0,1.4000000000000001,3170.6010659730723,87.15084293298654,12433.829637673185,924,0
1089.75,1.2,13.5,-2.6,1925.2926,71.71479,-0.11629999999991014,0.0008000000002539309,0.0003000000003794412,-0.012820000000004939,2.9999999995311555e-05,-1.0000000003174137e-05,3268,0,1,0,1,1,0,1.4000000000000001,3170.2201211991433,87.14612098348118,12436.1399888856,925,0
1089.5,1.2,13.5,-2.6,1925.1769,71.702,-0.11570000000006075,0.0005999999998493877,-0.00020000000040454324,-0.012789999999995416,3.000000000952241e-05,1.4210854715202004e-14,3269,0,1,0,1,1,0,1.4000000000000001,3169.8393740366973,87.14139801070337,12438.450201258009,926,0
1090.25,1.2,13.5,-2.6,1925.0616,71.68926,-0.11529999999993379,0.00040000000012696546,-0.00019999999972242222,-0.012739999999993756,5.000000000165983e-05,1.9999999992137418e-05,3270,0,1,0,1,1,0,1.4000000000000001,3169.4588244267807,87.1366740308774,12440.760275270412,927,0
1091.25,1.2,13.5,-2.6,1924.947,71.67655,-0.1146000000001095,0.0006999999998242856,0.00029999999969732016,-0.012709999999998445,2.9999999995311555e-05,-2.0000000006348273e-05,3271,0,1,0,1,1,0,1.4000000000000001,3169.0784724022005,87.13194905409536,12443.070211762808,928,0
1091.0,1.2,13.5,-2.6,1924.833,71.66388,-0.11399999999980537,0.000600000000304135,-9.99999995201506e-05,-0.012669999999999959,3.999999999848569e-05,1.0000000003174137e-05,3272,0,1,0,1,1,0,1.4000000000000001,3168.6983179651693,87.12722309349222,12445.3800114552,929,0
1091.25,1.2,13.5,-2.6,1924.7196,71.651245,-0.11340000000018335,0.000599999999622014,-6.821210263296962e-13,-0.01263500000000306,3.499999999689862e-05,-5.000000001587068e-06,3273,0,1,0,1,1,0,1.4000000000000001,3168.318361117899,87.12249616065974,12447.689675067586,930,0
1090.75,1.2,13.5,-2.6,1924.6067,71.63864,-0.11289999999985412,0.0005000000003292371,-9.999999929277692e-05,-0.012605000000007749,2.9999999995311555e-05,-5.000000001587068e-06,3274,0,1,0,1,1,0,1.4000000000000001,3167.938601832061,87.11776826564885,12449.999203199968,931,0
1090.5,1.2,13.5,-2.6,1924.4944,71.626076,-0.11230000000000473,0.0005999999998493877,9.99999995201506e-05,-0.012563999999997577,4.100000001017179e-05,1.1000000014860234e-05,3275,0,1,0,1,1,0,1.4000000000000001,3167.5590401098902,87.11303942185592,12452.308596572344,932,0
1088.75,1.2,13.5,-2.6,1924.3826,71.613556,-0.11180000000013024,0.0004999999998744897,-9.999999997489795e-05,-0.01251999999999498,4.400000000259752e-05,2.999999992425728e-06,3276,0,1,0,1,1,0,1.4000000000000001,3167.1796759231006,87.10830964357643,12454.617855784714,933,0
1089.75,1.2,13.5,-2.6,1924.2714,71.60107,-0.1111999999998261,0.000600000000304135,0.0001000000004296453,-0.012485999999995556,3.399999999942338e-05,-1.0000000003174137e-05,3277,0,1,0,1,1,0,1.4000000000000001,3166.8005092739472,87.10357894203783,12456.926981557079,934,0
1089.5,1.2,13.5,-2.6,1924.1606,71.588615,-0.11080000000015389,0.0003999999996722181,-0.00020000000063191692,-0.01245500000000277,3.09999999927868e-05,-3.000000006636583e-06,3278,0,1,0,1,1,0,1.4000000000000001,3166.4215401036904,87.09884732753888,12459.23597436944,935,0
1089.5,1.2,13.5,-2.6,1924.0504,71.576195,-0.11019999999984975,0.000600000000304135,0.00020000000063191692,-0.01242000000000587,3.499999999689862e-05,4.0000000041118255e-06,3279,0,1,0,1,1,0,1.4000000000000001,3166.0427684146343,87.09411481158537,12461.544834941793,936,0
1086.25,1.2,13.5,-2.6,1923.9407,71.56382,-0.10969999999997526,0.0004999999998744897,-0.0001000000004296453,-0.012374999999991587,4.5000000014283614e-05,1.0000000017384991e-05,3280,0,1,0,1,1,0,1.4000000000000001,3165.6641941786042,87.08938140871685,12463.853563874143,937,0
1084.75,1.2,13.5,-2.6,1923.8315,71.55148,-0.10920000000010077,0.0004999999998744897,0.0,-0.0123400000000089,3.499999998268777e-05,-1.0000000031595846e-05,3281,0,1,0,1,1,0,1.4000000000000001,3165.285817367459,87.08464713040829,12466.162161766486,938,0
1084.5,1.2,13.5,-2.6,1923.7229,71.539185,-0.10860000000002401,0.0006000000000767614,0.00010000000020227162,-0.012294999999994616,4.5000000014283614e-05,1.0000000031595846e-05,3282,0,1,0,1,1,0,1.4000000000000001,3164.9076379835515,87.07991199116663,12468.470629338824,939,0
1084.25,1.2,13.5,-2.6,1923.6147,71.52692,-0.10819999999989705,0.00040000000012696546,-0.0001999999999497959,-0.012264999999999304,2.9999999995311555e-05,-1.500000001897206e-05,3283,0,1,0,1,1,0,1.4000000000000001,3164.5296559683316,87.07517600091352,12470.778967071159,940,0
1085.75,1.2,13.5,-2.6,1923.5071,71.514694,-0.10760000000004766,0.0005999999998493877,0.00019999999972242222,-0.012225999999998294,3.900000000101045e-05,9.000000005698894e-06,3284,0,1,0,1,1,0,1.4000000000000001,3164.151871324201,87.07043917229832,12473.087175683488,941,0
1086.25,1.2,13.5,-2.6,1923.3999,71.5025,-0.10720000000014807,0.0003999999998995918,-0.0001999999999497959,-0.012194000000008032,3.199999999026204e-05,-7.000000010748408e-06,3285,0,1,0,1,1,0,1.4000000000000001,3163.7742839926964,87.06570151582471,12475.39525565581,942,0
1086.75,1.2,13.5,-2.6,1923.2932,71.49036,-0.10669999999981883,0.0005000000003292371,0.0001000000004296453,-0.01214000000000226,5.400000000577165e-05,2.2000000015509613e-05,3286,0,1,0,1,1,0,1.4000000000000001,3163.396893945847,87.0609630486766,12477.703207588129,943,0
1086.75,1.2,13.5,-2.6,1923.187,71.47825,-0.10620000000017171,0.0004999999996471161,-6.821210263296962e-13,-0.012109999999992738,3.000000000952241e-05,-2.3999999996249244e-05,3287,0,1,0,1,1,0,1.4000000000000001,3163.019701155718,87.05622378071776,12480.011032080442,944,0
1085.25,1.2,13.5,-2.6,1923.0812,71.46618,-0.10579999999981737,0.00040000000035433914,-9.999999929277692e-05,-0.012070000000008463,3.9999999984274837e-05,9.999999974752427e-06,3288,0,1,0,1,1,0,1.4000000000000001,3162.642705564001,87.05148372484038,12482.318729612749,945,0
1085.25,1.2,13.5,-2.6,1922.976,71.45415,-0.10519999999996799,0.0005999999998493877,0.00019999999949504854,-0.012029999999995766,4.0000000012696546e-05,2.842170943040401e-14,3289,0,1,0,1,1,0,1.4000000000000001,3162.2659071732523,87.04674289392096,12484.626300905053,946,0
1086.75,1.2,13.5,-2.6,1922.8711,71.44215,-0.10490000000004329,0.00029999999992469384,-0.00029999999992469384,-0.012000000000000455,2.9999999995311555e-05,-1.0000000017384991e-05,3290,0,1,0,1,1,0,1.4000000000000001,3161.889305894865,87.04200129778182,12486.93374631735,947,0
1087.75,1.2,13.5,-2.6,1922.7666,71.4302,-0.1045000000001437,0.0003999999998995918,9.999999997489795e-05,-0.011949999999998795,5.000000000165983e-05,2.0000000006348273e-05,3291,0,1,0,1,1,0,1.4000000000000001,3161.512901670717,87.03725895230862,12489.241066329643,948,0
1087.75,1.2,13.5,-2.6,1922.6627,71.41828,-0.10389999999983957,0.000600000000304135,0.00020000000040454324,-0.011920000000003483,2.9999999995311555e-05,-2.0000000006348273e-05,3292,0,1,0,1,1,0,1.4000000000000001,3161.136694503492,87.03251586729425,12491.54826166193,949,0
1089.75,1.2,13.5,-2.6,1922.5591,71.4064,-0.10360000000014224,0.00029999999969732016,-0.00030000000060681487,-0.011879999999990787,4.0000000012696546e-05,1.0000000017384991e-05,3293,0,1,0,1,1,0,1.4000000000000001,3160.7606843047965,87.02777205555556,12493.855332674213,950,0
1089.75,1.2,13.5,-2.6,1922.456,71.39457,-0.10310000000004038,0.0005000000001018634,0.00020000000040454324,-0.011830000000003338,4.999999998744897e-05,9.999999974752427e-06,3294,0,1,0,1,1,0,1.4000000000000001,3160.384871047041,87.02302753292868,12496.162279966491,951,0
1091.75,1.2,13.5,-2.6,1922.3533,71.38277,-0.10269999999991342,0.00040000000012696546,-9.999999997489795e-05,-0.011800000000008026,2.9999999995311555e-05,-1.9999999992137418e-05,3295,0,1,0,1,1,0,1.4000000000000001,3160.00925467233,87.01828230916261,12498.469104018764,952,0
1091.5,1.2,13.5,-2.6,1922.251,71.37101,-0.10230000000001382,0.0003999999998995918,-2.2737367544323206e-13,-0.01175999999999533,4.0000000012696546e-05,1.0000000017384991e-05,3296,0,1,0,1,1,0,1.4000000000000001,3159.6338351228387,87.0135363970276,12500.775805311032,953,0
1092.75,1.2,13.5,-2.6,1922.149,71.3593,-0.10200000000008913,0.00029999999992469384,-9.999999997489795e-05,-0.01170999999999367,5.000000000165983e-05,9.999999988963282e-06,3297,0,1,0,1,1,0,1.4000000000000001,3159.258612310491,87.0087898123105,12503.082384203295,954,0
1093.25,1.2,13.5,-2.6,1922.0476,71.34762,-0.101399999999785,0.000600000000304135,0.0003000000003794412,-0.011679999999998358,2.9999999995311555e-05,-2.0000000006348273e-05,3298,0,1,0,1,1,0,1.4000000000000001,3158.883586238254,87.00404256471658,12505.388841415554,955,0
1094.25,1.2,12.5,-2.6,1921.9465,71.33598,-0.10110000000008768,0.00029999999969732016,-0.00030000000060681487,-0.011639999999999873,3.999999999848569e-05,1.0000000003174137e-05,3299,0,1,0,1,1,0,1.4000000000000001,3158.508756818182,86.99929466696969,12507.695177307807,956,0
1095.25,1.2,12.5,-2.6,1921.8458,71.32439,-0.10069999999996071,0.00040000000012696546,0.0001000000004296453,-0.011590000000012424,4.999999998744897e-05,9.999999988963282e-06,3300,0,1,0,1,1,0,1.4000000000000001,3158.1341239927297,86.99454613480763,12510.001392360056,957,0
1095.75,1.2,12.5,-2.6,1921.7454,71.31283,-0.10040000000003602,0.00029999999992469384,-0.00010000000020227162,-0.01155999999998869,3.0000000023733264e-05,-1.999999996371571e-05,3301,0,1,0,1,1,0,1.4000000000000001,3157.7596876741372,86.9897969778922,12512.307486932299,958,0
1096.25,1.2,12.5,-2.6,1921.6454,71.30131,-0.09999999999990905,0.00040000000012696546,0.00010000000020227162,-0.011520000000004416,3.9999999984274837e-05,9.999999960541572e-06,3302,0,1,0,1,1,0,1.4000000000000001,3157.3854478050257,86.985047208901,12514.613461504538,959,0
1096.0,1.2,12.5,-2.6,1921.5458,71.28983,-0.09960000000000946,0.0003999999998995918,-2.2737367544323206e-13,-0.01148000000000593,3.999999999848569e-05,1.4210854715202004e-14,3303,0,1,0,1,1,0,1.4000000000000001,3157.0114043280873,86.98029684049637,12516.919316556772,960,0
1096.25,1.2,12.5,-2.6,1921.4465,71.278404,-0.09930000000008476,0.00029999999992469384,-9.999999997489795e-05,-0.011426000000000158,5.400000000577165e-05,1.4000000007285962e-05,3304,0,1,0,1,1,0,1.4000000000000001,3156.637557155824,86.97554588956126,12519.225052449003,961,0
1095.75,1.2,12.5,-2.6,1921.3475,71.267006,-0.0989999999999327,0.0003000000001520675,2.2737367544323206e-13,-0.011397999999999797,2.800000000036107e-05,-2.6000000005410584e-05,3305,0,1,0,1,1,0,1.4000000000000001,3156.263906200847,86.97079436509378,12521.530669541227,962,0
1095.25,1.2,12.5,-2.6,1921.249,71.25565,-0.09850000000005821,0.0004999999998744897,0.00019999999972242222,-0.01135599999999215,4.200000000764703e-05,1.4000000007285962e-05,3306,0,1,0,1,1,0,1.4000000000000001,3155.890451436347,86.9660422803145,12523.836168433447,963,0
1095.25,1.2,12.5,-2.6,1921.1508,71.24435,-0.09820000000013351,0.00029999999992469384,-0.0001999999999497959,-0.011300000000005639,5.5999999986511284e-05,1.3999999978864253e-05,3307,0,1,0,1,1,0,1.4000000000000001,3155.5171927750907,86.96128965266023,12526.141549485661,964,0
1095.25,1.2,12.5,-2.6,1921.0529,71.23307,-0.09789999999998145,0.0003000000001520675,2.2737367544323206e-13,-0.01127999999999929,2.0000000006348273e-05,-3.599999998016301e-05,3308,0,1,0,1,1,0,1.4000000000000001,3155.1441301299487,86.95653648866727,12528.446813057872,965,0
1096.75,1.2,12.5,-2.6,1920.9552,71.22185,-0.09769999999980428,0.00020000000017716957,-9.999999997489795e-05,-0.011219999999994457,6.0000000004833964e-05,3.999999999848569e-05,3309,0,1,0,1,1,0,1.4000000000000001,3154.771263383686,86.95178280694864,12530.751959390078,966,0
1097.25,1.2,12.5,-2.6,1920.8579,71.210655,-0.09730000000013206,0.0003999999996722181,0.00019999999949504854,-0.011195000000000732,2.4999999993724487e-05,-3.500000001110948e-05,3310,0,1,0,1,1,0,1.4000000000000001,3154.398592479614,86.94702861552402,12533.05698896228,967,0
1097.5,1.2,12.5,-2.6,1920.761,71.19952,-0.0969000000000051,0.00040000000012696546,4.547473508864641e-13,-0.011134999999995898,6.0000000004833964e-05,3.500000001110948e-05,3311,0,1,0,1,1,0,1.4000000000000001,3154.026117361111,86.942273932971,12535.361902254475,968,0
1098.25,1.2,12.5,-2.6,1920.6642,71.18841,-0.0968000000000302,9.999999997489795e-05,-0.0003000000001520675,-0.011110000000002174,2.4999999993724487e-05,-3.500000001110948e-05,3312,0,1,0,1,1,0,1.4000000000000001,3153.653837881074,86.93751876728041,12537.666699386667,969,0
1096.75,1.2,12.5,-2.6,1920.5679,71.17735,-0.09629999999992833,0.0005000000001018634,0.00040000000012696546,-0.011060000000000514,5.000000000165983e-05,2.500000000793534e-05,3313,0,1,0,1,1,0,1.4000000000000001,3153.281754013277,86.93276313397706,12539.971380958856,970,0
1097.0,1.2,12.5,-2.6,1920.4717,71.16633,-0.09619999999995343,9.999999997489795e-05,-0.00040000000012696546,-0.011020000000002028,3.999999999848569e-05,-1.0000000003174137e-05,3314,0,1,0,1,1,0,1.4000000000000001,3152.90986561086,86.92800704555053,12542.275947091037,971,0
1096.75,1.2,12.5,-2.6,1920.3759,71.15536,-0.09580000000005384,0.0003999999998995918,0.00029999999992469384,-0.010970000000000368,5.000000000165983e-05,1.0000000003174137e-05,3315,0,1,0,1,1,0,1.4000000000000001,3152.5381726176115,86.92325051749096,12544.580398263215,972,0
1095.75,1.2,12.5,-2.6,1920.2803,71.144424,-0.09560000000010405,0.0001999999999497959,-0.0001999999999497959,-0.010936000000000945,3.399999999942338e-05,-1.6000000002236447e-05,3316,0,1,0,1,1,0,1.4000000000000001,3152.1666749170936,86.91849356044618,12546.88473471539,973,0
1096.25,1.2,12.5,-2.6,1920.185,71.13353,-0.09529999999995198,0.0003000000001520675,0.00010000000020227162,-0.010894000000007509,4.199999999343618e-05,7.999999994012796e-06,3317,0,1,0,1,1,0,1.4000000000000001,3151.7953724231465,86.91373618746232,12549.188956807558,974,0
1094.75,1.2,12.5,-2.6,1920.09,71.12268,-0.09500000000002728,0.00029999999992469384,-2.2737367544323206e-13,-0.0108499999999907,4.400000001680837e-05,2.000000023372195e-06,3318,0,1,0,1,1,0,1.4000000000000001,3151.424265049714,86.90897841217235,12551.493064899723,975,0
1092.75,1.2,12.5,-2.6,1919.9951,71.11188,-0.09489999999982501,0.00010000000020227162,-0.00019999999972242222,-0.010800000000003251,4.999999998744897e-05,5.9999999706406015e-06,3319,0,1,0,1,1,0,1.4000000000000001,3151.0533526506024,86.90422025,12553.797059111883,976,0
1091.75,1.2,12.5,-2.6,1919.9006,71.10111,-0.0945000000001528,0.0003999999996722181,0.0002999999994699465,-0.010769999999993729,3.000000000952241e-05,-1.9999999977926564e-05,3320,0,1,0,1,1,0,1.4000000000000001,3150.6826351701297,86.89946171032821,12556.100939924037,977,0
1091.25,1.2,12.5,-2.6,1919.8063,71.09039,-0.09429999999997563,0.00020000000017716957,-0.00019999999949504854,-0.01072000000000628,4.999999998744897e-05,1.9999999977926564e-05,3321,0,1,0,1,1,0,1.4000000000000001,3150.3121124924746,86.89470280854907,12558.404707576188,978,0
1091.25,1.2,12.5,-2.6,1919.7122,71.07972,-0.09410000000002583,0.0001999999999497959,-2.2737367544323206e-13,-0.01067000000000462,5.000000000165983e-05,1.4210854715202004e-14,3322,0,1,0,1,1,0,1.4000000000000001,3149.941784501956,86.88994356003612,12560.708362308334,979,0
1090.75,1.2,12.5,-2.6,1919.6183,71.069084,-0.09389999999984866,0.00020000000017716957,2.2737367544323206e-13,-0.010635999999990986,3.4000000013634235e-05,-1.5999999988025593e-05,3323,0,1,0,1,1,0,1.4000000000000001,3149.571651083032,86.88518397533093,12563.011904360475,980,0
1091.0,1.2,12.5,-2.6,1919.5247,71.058495,-0.09360000000015134,0.00029999999969732016,9.99999995201506e-05,-0.010589000000010174,4.699999998081239e-05,1.2999999967178155e-05,3324,0,1,0,1,1,0,1.4000000000000001,3149.201712150376,86.88042406887219,12565.315334092613,981,0
1090.25,1.2,12.5,-2.6,1919.4313,71.04795,-0.09339999999997417,0.00020000000017716957,-9.99999995201506e-05,-0.010544999999993365,4.400000001680837e-05,-2.9999999640040187e-06,3325,0,1,0,1,1,0,1.4000000000000001,3148.831967588695,86.8756638541792,12567.618651744746,982,0
1090.75,1.2,12.5,-2.6,1919.338,71.037445,-0.09329999999999927,9.999999997489795e-05,-0.00010000000020227162,-0.01050499999999488,3.999999999848569e-05,-4.00000001832268e-06,3326,0,1,0,1,1,0,1.4000000000000001,3148.4624172527806,86.87090334355275,12569.921857436873,983,0
1090.75,1.2,12.5,-2.6,1919.245,71.02699,-0.09300000000007458,0.00029999999992469384,0.0001999999999497959,-0.01045500000000743,4.999999998744897e-05,9.999999988963282e-06,3327,0,1,0,1,1,0,1.4000000000000001,3148.0930610576925,86.86614255228366,12572.224951528999,984,0
1089.25,1.2,12.5,-2.6,1919.1521,71.01658,-0.09289999999987231,0.00010000000020227162,-0.00019999999972242222,-0.010409999999993147,4.5000000014283614e-05,-4.999999973165359e-06,3328,0,1,0,1,1,0,1.4000000000000001,3147.7238988585163,86.86138149414239,12574.527934141117,985,0
1089.75,1.2,12.5,-2.6,1919.0594,71.00621,-0.09269999999992251,0.0001999999999497959,9.999999974752427e-05,-0.010370000000008872,3.9999999984274837e-05,-5.000000030008778e-06,3329,0,1,0,1,1,0,1.4000000000000001,3147.3549305405404,86.85662018138139,12576.830805513233,986,0
1088.75,1.2,12.5,-2.6,1918.9669,70.99588,-0.09250000000020009,0.00019999999972242222,-2.2737367544323206e-13,-0.010329999999996176,4.0000000012696546e-05,2.842170943040401e-14,3330,0,1,0,1,1,0,1.4000000000000001,3146.9861559891924,86.85185862623837,12579.133565885342,987,0
1090.25,1.2,12.5,-2.6,1918.8745,70.9856,-0.09239999999999782,0.00010000000020227162,-9.99999995201506e-05,-0.010279999999994516,5.000000000165983e-05,9.999999988963282e-06,3331,0,1,0,1,1,0,1.4000000000000001,3146.6175750600237,86.84709684393756,12581.43621537745,988,0
1089.25,1.2,12.5,-2.6,1918.7823,70.975365,-0.09219999999982065,0.00020000000017716957,9.999999997489795e-05,-0.010235000000008654,4.4999999985861905e-05,-5.000000015797923e-06,3332,0,1,0,1,1,0,1.4000000000000001,3146.249187638764,86.84233484818482,12583.73875422955,989,0
1088.75,1.2,12.5,-2.6,1918.6903,70.96518,-0.09200000000009823,0.00019999999972242222,-4.547473508864641e-13,-0.010184999999992783,5.000000001587068e-05,5.000000030008778e-06,3333,0,1,0,1,1,0,1.4000000000000001,3145.8809936112775,86.83757265416916,12586.041182681647,990,0
1088.25,1.2,12.5,-2.6,1918.5985,70.95503,-0.09179999999992106,0.00020000000017716957,4.547473508864641e-13,-0.010150000000010095,3.499999998268777e-05,-1.5000000033182914e-05,3334,0,1,0,1,1,0,1.4000000000000001,3145.5129928635683,86.83281027256372,12588.34350097374,991,0
1087.25,1.2,12.5,-2.6,1918.5067,70.94493,-0.09180000000014843,-2.2737367544323206e-13,-0.00020000000040454324,-0.010099999999994225,5.000000001587068e-05,1.5000000033182914e-05,3335,0,1,0,1,1,0,1.4000000000000001,3145.1451852218224,86.82804771852518,12590.645709105827,992,0
1087.25,1.2,12.5,-2.6,1918.4152,70.934875,-0.09149999999999636,0.0003000000001520675,0.0003000000003794412,-0.010054999999994152,4.500000000007276e-05,-5.000000015797923e-06,3336,0,1,0,1,1,0,1.4000000000000001,3144.7775706023376,86.82328500569373,12592.947807437913,993,0
1087.75,1.2,12.5,-2.6,1918.3236,70.924866,-0.09159999999997126,-9.999999997489795e-05,-0.00040000000012696546,-0.010009000000010815,4.599999998333715e-05,9.99999983264388e-07,3337,0,1,0,1,1,0,1.4000000000000001,3144.4101488016777,86.81852214799281,12595.249795849992,994,0
1086.25,1.2,12.5,-2.6,1918.2323,70.9149,-0.09130000000004657,0.00029999999992469384,0.0003999999998995918,-0.009965999999991482,4.300000001933313e-05,-2.9999999640040187e-06,3338,0,1,0,1,1,0,1.4000000000000001,3144.0429197364483,86.81375915843066,12597.551674702067,995,0
1087.75,1.2,12.5,-2.6,1918.141,70.904976,-0.09129999999981919,2.2737367544323206e-13,-0.00029999999969732016,-0.009923999999998045,4.199999999343618e-05,-1.0000000258969521e-06,3339,0,1,0,1,1,0,1.4000000000000001,3143.6758832335327,86.8089960497006,12599.853443994138,996,0
1089.75,1.2,12.5,-2.6,1918.0498,70.8951,-0.09120000000007167,9.999999974752427e-05,9.99999995201506e-05,-0.009876000000005547,4.799999999249849e-05,5.999999999062311e-06,3340,0,1,0,1,1,0,1.4000000000000001,3143.3090391499554,86.80423283627657,12602.155103846204,997,0
1089.75,1.2,12.5,-2.6,1917.9589,70.88528,-0.0908999999999196,0.0003000000001520675,0.00020000000040454324,-0.009820000000004825,5.600000000072214e-05,8.000000008223651e-06,3341,0,1,0,1,1,0,1.4000000000000001,3142.9423874027525,86.79946953500898,12604.456654618267,998,0
1091.75,1.2,12.5,-2.6,1917.8678,70.875496,-0.09110000000009677,-0.00020000000017716957,-0.0005000000003292371,-0.00978399999999624,3.600000000858472e-05,-1.9999999992137418e-05,3342,0,1,0,1,1,0,1.4000000000000001,3142.5759277594975,86.79470615674543,12606.758096070324,999,0
1093.25,1.2,12.5,-2.6,1917.777,70.86576,-0.0907999999999447,0.0003000000001520675,0.0005000000003292371,-0.009736000000003742,4.799999999249849e-05,1.1999999983913767e-05,3343,0,1,0,1,1,0,1.4000000000000001,3142.2096601375597,86.78994271590909,12609.059428562377,1000,0
1093.5,1.2,12.5,-2.6,1917.6862,70.85607,-0.0907999999999447,0.0,-0.0003000000001520675,-0.009689999999991983,4.600000001175886e-05,-1.9999999807396307e-06,3344,0,1,0,1,1,0,1.4000000000000001,3141.8435843647235,86.78517922630792,12611.360652094427,1001,0
1093.5,1.2,12.5,-2.6,1917.5955,70.84643,-0.09070000000019718,9.999999974752427e-05,9.999999974752427e-05,-0.009640000000004534,4.999999998744897e-05,3.999999975690116e-06,3345,0,1,0,1,1,0,1.4000000000000001,3141.477700298864,86.78041570292886,12613.66176678647,1002,0
1093.25,1.2,12.5,-2.6,1917.5048,70.83684,-0.0906999999999698,2.2737367544323206e-13,-9.99999995201506e-05,-0.009590000000002874,5.000000000165983e-05,1.4210854715202004e-14,3346,0,1,0,1,1,0,1.4000000000000001,3141.1120077681508,86.77565216074096,12615.962772638512,1003,0
1093.0,1.2,12.5,-2.4,1917.4142,70.827286,-0.0905999999999949,9.999999997489795e-05,9.999999974752427e-05,-0.00955399999999429,3.600000000858472e-05,-1.3999999993075107e-05,3347,0,1,0,1,1,0,1.2,3140.746506630824,86.77088861051374,12618.263669770547,1004,0
1092.25,1.2,12.5,-2.4,1917.3236,70.81778,-0.0905999999999949,0.0,-9.999999997489795e-05,-0.00950600000000179,4.799999999249849e-05,1.1999999983913767e-05,3348,0,1,0,1,1,0,1.2,3140.381196715438,86.76612506658704,12620.564458182578,1005,0
1091.75,1.2,12.5,-2.4,1917.233,70.80833,-0.0905999999999949,0.0,0.0,-0.009450000000001069,5.600000000072214e-05,8.000000008223651e-06,3349,0,1,0,1,1,0,1.2,3140.016077850746,86.76136154567165,12622.865137874605,1006,0
1089.75,1.2,12.5,-2.4,1917.1426,70.79892,-0.09040000000004511,0.0001999999999497959,0.0001999999999497959,-0.009410000000002583,3.999999999848569e-05,-1.6000000002236447e-05,3350,0,1,0,1,1,0,1.2,3139.651149925395,86.75659805968367,12625.165709086628,1007,0
1088.25,1.2,12.5,-2.4,1917.0521,70.78956,-0.09049999999979264,-9.999999974752427e-05,-0.00029999999969732016,-0.009360000000000923,5.000000000165983e-05,1.0000000003174137e-05,3351,0,1,0,1,1,0,1.2,3139.286412738664,86.75183462350834,12627.466171698647,1008,0
1087.25,1.2,12.5,-2.4,1916.9617,70.78024,-0.09040000000004511,9.999999974752427e-05,0.00019999999949504854,-0.009319999999988227,4.0000000012696546e-05,-9.999999988963282e-06,3352,0,1,0,1,1,0,1.2,3138.921866149717,86.74707124903071,12629.76652583066,1009,0
1086.25,1.2,12.5,-2.4,1916.8713,70.77098,-0.09040000000004511,0.0,-9.999999974752427e-05,-0.009260000000011814,5.9999999976412255e-05,1.999999996371571e-05,3353,0,1,0,1,1,0,1.2,3138.557509988074,86.74230795408468,12632.06677148267,1010,0
1085.75,1.2,12.5,-2.4,1916.7809,70.76176,-0.09040000000004511,0.0,0.0,-0.009219999999999118,4.0000000012696546e-05,-1.999999996371571e-05,3354,0,1,0,1,1,0,1.2,3138.1933440834573,86.73754475052162,12634.366908654676,1011,0
1085.25,1.2,12.5,-2.4,1916.6904,70.75259,-0.09050000000002001,-9.999999997489795e-05,-9.999999997489795e-05,-0.009169999999997458,5.000000000165983e-05,9.999999988963282e-06,3355,0,1,0,1,1,0,1.2,3137.829368235995,86.73278165315853,12636.666937226677,1012,0
1085.0,1.2,12.5,-2.4,1916.6001,70.74347,-0.09029999999984284,0.00020000000017716957,0.0003000000001520675,-0.009119999999995798,5.000000000165983e-05,0.0,3356,0,1,0,1,1,0,1.2,3137.4655823354183,86.72801867679476,12638.966857438674,1013,0
1084.25,1.2,12.5,-2.4,1916.5096,70.73439,-0.09050000000002001,-0.00020000000017716957,-0.00040000000035433914,-0.009079999999997312,3.999999999848569e-05,-1.0000000003174137e-05,3357,0,1,0,1,1,0,1.2,3137.1019861524715,86.72325583323406,12641.266669050667,1014,0
1085.75,1.2,12.5,-2.4,1916.4192,70.725365,-0.09040000000004511,9.999999997489795e-05,0.0003000000001520675,-0.009025000000008276,5.499999998903604e-05,1.499999999055035e-05,3358,0,1,0,1,1,0,1.2,3136.7385795474843,86.71849313873177,12643.566372182655,1015,0
1085.75,1.2,12.5,-2.4,1916.3287,70.716385,-0.09050000000002001,-9.999999997489795e-05,-0.0001999999999497959,-0.008979999999993993,4.5000000014283614e-05,-9.999999974752427e-06,3359,0,1,0,1,1,0,1.2,3136.3753623214284,86.71373060654761,12645.865966714638,1016,0
1085.5,1.2,12.5,-2.4,1916.2382,70.70746,-0.09050000000002001,0.0,9.999999997489795e-05,-0.008925000000004957,5.499999998903604e-05,9.999999974752427e-06,3360,0,1,0,1,1,0,1.2,3136.0123343052664,86.70896825290092,12648.165452646617,1017,0
1085.25,1.2,12.5,-2.4,1916.1476,70.69858,-0.0905999999999949,-9.999999997489795e-05,-9.999999997489795e-05,-0.008879999999990673,4.5000000014283614e-05,-9.999999974752427e-06,3361,0,1,0,1,1,0,1.2,3135.649495300416,86.70420609101724,12650.464829858593,1018,0
1083.75,1.2,12.5,-2.4,1916.057,70.68974,-0.0905999999999949,0.0,9.999999997489795e-05,-0.008840000000006398,3.9999999984274837e-05,-5.000000030008778e-06,3362,0,1,0,1,1,0,1.2,3135.286845138269,86.69944413261967,12652.764098350564,1019,0
1083.75,1.2,12.5,-2.4,1915.9664,70.68096,-0.0905999999999949,0.0,0.0,-0.008780000000001564,6.0000000004833964e-05,2.0000000020559128e-05,3363,0,1,0,1,1,0,1.2,3134.924383650416,86.69468239536266,12655.06325812253,1020,0
1084.75,1.2,12.5,-2.4,1915.8756,70.672226,-0.0907999999999447,-0.0001999999999497959,-0.0001999999999497959,-0.008734000000004016,4.5999999997548e-05,-1.4000000007285962e-05,3364,0,1,0,1,1,0,1.2,3134.5621106092126,86.68992089271917,12657.362308934493,1021,0
1084.75,1.2,12.5,-2.4,1915.7849,70.66354,-0.0906999999999698,9.999999997489795e-05,0.00029999999992469384,-0.008685999999997307,4.800000000670934e-05,2.00000000916134e-06,3365,0,1,0,1,1,0,1.2,3134.2000258764115,86.68515963874033,12659.66125090645,1022,0
1084.75,1.2,12.5,-2.4,1915.694,70.65491,-0.09090000000014697,-0.00020000000017716957,-0.0003000000001520675,-0.008629999999996585,5.600000000072214e-05,7.999999994012796e-06,3366,0,1,0,1,1,0,1.2,3133.8381292248296,86.68039864983666,12661.960083798404,1023,0
1082.75,1.2,12.5,-2.4,1915.603,70.646324,-0.0909999999998945,-9.999999974752427e-05,0.0001000000004296453,-0.008585999999993987,4.400000000259752e-05,-1.1999999998124622e-05,3367,0,1,0,1,1,0,1.2,3133.476420457245,86.6756379388361,12664.258807490352,1024,0
1084.25,1.2,12.5,-2.4,1915.5121,70.63779,-0.09090000000014697,9.999999974752427e-05,0.00019999999949504854,-0.008534000000011588,5.199999998239946e-05,7.999999979801942e-06,3368,0,1,0,1,1,0,1.2,3133.1148994360346,86.67087752092608,12666.557422102296,1025,0
1084.25,1.2,12.5,-2.4,1915.4209,70.629295,-0.0911999999998443,-0.00029999999969732016,-0.00039999999944484443,-0.008494999999996367,3.90000000152213e-05,-1.2999999967178155e-05,3369,0,1,0,1,1,0,1.2,3132.7535659050445,86.6661174074184,12668.855927274237,1026,0
1083.25,1.2,12.5,-2.4,1915.3297,70.62086,-0.09120000000007167,-2.2737367544323206e-13,0.0002999999994699465,-0.008435000000005743,5.999999999062311e-05,2.0999999975401806e-05,3370,0,1,0,1,1,0,1.2,3132.392419697419,86.661357615841,12671.154323006172,1027,0
1083.25,1.2,12.5,-2.4,1915.2384,70.61247,-0.09130000000004657,-9.999999997489795e-05,-9.999999974752427e-05,-0.00838999999999146,4.5000000014283614e-05,-1.4999999976339495e-05,3371,0,1,0,1,1,0,1.2,3132.031460616845,86.65659815925267,12673.452609178104,1028,0
1083.75,1.2,12.5,-2.4,1915.1469,70.60413,-0.09149999999999636,-0.0001999999999497959,-9.999999997489795e-05,-0.008340000000004011,4.999999998744897e-05,4.999999973165359e-06,3372,0,1,0,1,1,0,1.2,3131.6706884375926,86.65183905217907,12675.750785550032,1029,0
1084.0,1.2,12.5,-2.4,1915.0553,70.59585,-0.09159999999997126,-9.999999997489795e-05,9.999999997489795e-05,-0.008279999999999177,6.0000000004833964e-05,1.0000000017384991e-05,3373,0,1,0,1,1,0,1.2,3131.310102963841,86.64708031209247,12678.048852001953,1030,0
1084.75,1.2,12.5,-2.4,1914.9636,70.587616,-0.09169999999994616,-9.999999997489795e-05,0.0,-0.008234000000001629,4.5999999997548e-05,-1.4000000007285962e-05,3374,0,1,0,1,1,0,1.2,3130.949704,86.6423219522963,12680.346808413873,1031,0
1083.75,1.2,12.5,-2.4,1914.8718,70.57943,-0.09180000000014843,-0.00010000000020227162,-2.2737367544323206e-13,-0.00818599999999492,4.800000000670934e-05,2.00000000916134e-06,3375,0,1,0,1,1,0,1.2,3130.589491350711,86.63756398667061,12682.644654665786,1032,0
1083.25,1.2,12.5,-2.4,1914.7798,70.5713,-0.09199999999987085,-0.00019999999972242222,-9.99999995201506e-05,-0.008130000000008408,5.5999999986511284e-05,7.999999979801942e-06,3376,0,1,0,1,1,0,1.2,3130.229464791235,86.63280643144803,12684.942390517695,1033,0
1083.25,1.2,12.5,-2.4,1914.6876,70.56321,-0.09220000000004802,-0.00020000000017716957,-4.547473508864641e-13,-0.008089999999995712,4.0000000012696546e-05,-1.5999999973814738e-05,3377,0,1,0,1,1,0,1.2,3129.869624097099,86.62804929810538,12687.2400157296,1034,0
1084.25,1.2,12.5,-2.4,1914.5953,70.555176,-0.09230000000002292,-9.999999997489795e-05,0.00010000000020227162,-0.00803399999999499,5.600000000072214e-05,1.5999999988025593e-05,3378,0,1,0,1,1,0,1.2,3129.50996907369,86.62329260284108,12689.5375301815,1035,0
1084.25,1.2,12.5,-2.4,1914.5028,70.547195,-0.09249999999997272,-0.0001999999999497959,-9.999999997489795e-05,-0.007981000000000904,5.2999999994085556e-05,-3.000000006636583e-06,3379,0,1,0,1,1,0,1.2,3129.1504994970414,86.61853636094673,12691.834933633398,1036,0
1084.0,1.2,12.5,-2.4,1914.4103,70.53926,-0.09249999999997272,0.0,0.0001999999999497959,-0.007935000000003356,4.5999999997548e-05,-6.999999996537554e-06,3380,0,1,0,1,1,0,1.2,3128.791215202603,86.61378058562555,12694.132226085288,1037,0
1084.25,1.2,12.5,-2.4,1914.3174,70.53139,-0.09290000000009968,-0.00040000000012696546,-0.00040000000012696546,-0.007869999999996935,6.500000000642103e-05,1.900000000887303e-05,3381,0,1,0,1,1,0,1.2,3128.4321159077467,86.60902529568303,12696.429407057176,1038,0
1084.25,1.2,12.5,-2.4,1914.2244,70.52356,-0.0929999999998472,-9.999999974752427e-05,0.0003000000003794412,-0.00782999999999845,3.999999999848569e-05,-2.500000000793534e-05,3382,0,1,0,1,1,0,1.2,3128.073201418859,86.60427050251256,12698.72647642906,1039,0
1083.75,1.2,12.5,-2.4,1914.1312,70.51578,-0.09320000000002437,-0.00020000000017716957,-0.0001000000004296453,-0.0077799999999967895,5.000000000165983e-05,1.0000000003174137e-05,3383,0,1,0,1,1,0,1.2,3127.7144715130025,86.59951622044917,12701.023433960938,1040,0
1083.5,1.2,12.5,-2.4,1914.0378,70.50806,-0.09339999999997417,-0.0001999999999497959,2.2737367544323206e-13,-0.007720000000006166,5.999999999062311e-05,9.999999988963282e-06,3384,0,1,0,1,1,0,1.2,3127.3559259675035,86.59476246676513,12703.320279412812,1041,0
1080.75,1.2,12.5,-2.4,1913.9442,70.50038,-0.09360000000015134,-0.00020000000017716957,-2.2737367544323206e-13,-0.00767999999999347,4.0000000012696546e-05,-1.9999999977926564e-05,3385,0,1,0,1,1,0,1.2,3126.9975645599525,86.59000925280567,12705.61701254468,1042,0
1080.75,1.2,12.5,-2.4,1913.8503,70.49276,-0.09389999999984866,-0.00029999999969732016,-9.99999995201506e-05,-0.007620000000002847,5.999999999062311e-05,1.9999999977926564e-05,3386,0,1,0,1,1,0,1.2,3126.6393870386773,86.58525659580751,12707.913632996546,1043,0
1079.75,1.2,12.5,-2.4,1913.7563,70.48519,-0.09400000000005093,-0.00010000000020227162,0.00019999999949504854,-0.007570000000001187,5.000000000165983e-05,-9.999999988963282e-06,3387,0,1,0,1,1,0,1.2,3126.2813932113345,86.58050451003541,12710.210140648405,1044,0
1080.25,1.2,12.5,-2.4,1913.6621,70.47768,-0.09420000000000073,-0.0001999999999497959,-9.999999974752427e-05,-0.007509999999996353,6.0000000004833964e-05,1.0000000003174137e-05,3388,0,1,0,1,1,0,1.2,3125.9235828562996,86.57575301268811,12712.506535260261,1045,0
1080.25,1.2,12.5,-2.4,1913.5676,70.470215,-0.09449999999992542,-0.00029999999992469384,-9.999999997489795e-05,-0.007465000000010491,4.4999999985861905e-05,-1.500000001897206e-05,3389,0,1,0,1,1,0,1.2,3125.565955722714,86.57100211651917,12714.802816472113,1046,0
1079.75,1.2,12.5,-2.4,1913.4728,70.46281,-0.09480000000007749,-0.0003000000001520675,-2.2737367544323206e-13,-0.007404999999991446,6.000000001904482e-05,1.5000000033182914e-05,3390,0,1,0,1,1,0,1.2,3125.2085115600116,86.56625183869065,12717.09898392396,1047,0
1079.75,1.2,12.5,-2.4,1913.3778,70.455444,-0.09500000000002728,-0.0001999999999497959,0.00010000000020227162,-0.007366000000004647,3.8999999986799594e-05,-2.1000000032245225e-05,3391,0,1,0,1,1,0,1.2,3124.8512501474056,86.5615021901533,12719.395037375802,1048,0
1080.0,1.2,12.5,-2.4,1913.2826,70.44814,-0.09519999999997708,-0.0001999999999497959,0.0,-0.007304000000004862,6.199999999978445e-05,2.3000000012984856e-05,3392,0,1,0,1,1,0,1.2,3124.4941712643677,86.55675318862363,12721.690976587639,1049,0
1080.75,1.2,12.5,-2.4,1913.1871,70.44089,-0.09549999999990177,-0.00029999999992469384,-9.999999997489795e-05,-0.0072499999999990905,5.400000000577165e-05,-7.999999994012796e-06,3393,0,1,0,1,1,0,1.2,3124.137274661167,86.5520048494402,12723.986801199471,1050,0
1081.75,1.2,12.5,-2.4,1913.0913,70.43369,-0.09580000000005384,-0.0003000000001520675,-2.2737367544323206e-13,-0.007199999999997431,5.000000000165983e-05,-4.0000000041118255e-06,3394,0,1,0,1,1,0,1.2,3123.780560088365,86.54725718674521,12726.2825108513,1051,0
1082.0,1.2,12.5,-2.4,1912.9952,70.426544,-0.09609999999997854,-0.00029999999992469384,2.2737367544323206e-13,-0.007145999999991659,5.400000000577165e-05,4.0000000041118255e-06,3395,0,1,0,1,1,0,1.2,3123.42402729682,86.54251021584216,12728.578105183124,1052,0
1080.25,1.2,12.5,-2.4,1912.8989,70.41945,-0.0963000000001557,-0.00020000000017716957,9.999999974752427e-05,-0.0070940000000092596,5.199999998239946e-05,-2.000000023372195e-06,3396,0,1,0,1,1,0,1.2,3123.067676067118,86.53776395142773,12730.873583954943,1053,0
1080.25,1.2,12.5,-2.4,1912.8022,70.412415,-0.09669999999982792,-0.0003999999996722181,-0.00019999999949504854,-0.007035000000001901,5.900000000735872e-05,7.000000024959263e-06,3397,0,1,0,1,1,0,1.2,3122.7115061212476,86.53301841024131,12733.168946686757,1054,0
1080.0,1.2,12.5,-2.4,1912.7053,70.405426,-0.0969000000000051,-0.00020000000017716957,0.00019999999949504854,-0.006988999999990142,4.600000001175886e-05,-1.2999999995599865e-05,3398,0,1,0,1,1,0,1.2,3122.355517240365,86.528273605178,12735.464193138567,1055,0
1080.75,1.2,12.5,-2.4,1912.6082,70.3985,-0.09710000000018226,-0.00020000000017716957,0.0,-0.006926000000007093,6.299999998304884e-05,1.699999997128998e-05,3399,0,1,0,1,1,0,1.2,3121.999709205882,86.52352955411766,12737.759323070373,1056,0
1080.75,1.2,12.5,-2.4,1912.5106,70.39162,-0.09759999999982938,-0.0004999999996471161,-0.0002999999994699465,-0.006879999999995334,4.600000001175886e-05,-1.699999997128998e-05,3400,0,1,0,1,1,0,1.2,3121.6440817112616,86.51878626992062,12740.054335882174,1057,0
1082.75,1.2,11.5,-2.4,1912.4127,70.384796,-0.09789999999998145,-0.0003000000001520675,0.00019999999949504854,-0.006824000000008823,5.5999999986511284e-05,9.999999974752427e-06,3401,0,1,0,1,1,0,1.2,3121.288634509112,86.51404376837155,12742.34923121397,1058,0
1083.75,1.2,11.5,-2.4,1912.3146,70.37803,-0.09810000000015862,-0.00020000000017716957,9.999999997489795e-05,-0.0067659999999989395,5.800000000988348e-05,2.000000023372195e-06,3402,0,1,0,1,1,0,1.2,3120.933367381722,86.50930206582427,12744.64400882576,1059,0
1084.25,1.2,11.5,-2.4,1912.2161,70.371315,-0.09849999999983083,-0.0003999999996722181,-0.00019999999949504854,-0.0067149999999998045,5.099999999913507e-05,-7.000000010748408e-06,3403,0,1,0,1,1,0,1.2,3120.5782800528787,86.50456117655699,12746.938668237546,1060,0
1082.75,1.2,11.5,-2.4,1912.1172,70.364655,-0.09890000000018517,-0.00040000000035433914,-6.821210263296962e-13,-0.0066599999999965576,5.5000000003246896e-05,4.0000000041118255e-06,3404,0,1,0,1,1,0,1.2,3120.223372246696,86.49982111600588,12749.233208969328,1061,0
1083.25,1.2,11.5,-2.4,1912.0181,70.35805,-0.0990999999999076,-0.00019999999972242222,0.00020000000063191692,-0.006604999999993311,5.5000000003246896e-05,0.0,3405,0,1,0,1,1,0,1.2,3119.8686437463302,86.49508189958895,12751.527630781105,1062,0
1083.5,1.2,11.5,-2.4,1911.9185,70.3515,-0.09960000000000946,-0.0005000000001018634,-0.0003000000003794412,-0.006550000000004275,5.499999998903604e-05,-1.4210854715202004e-14,3406,0,1,0,1,1,0,1.2,3119.514094247138,86.4903435427062,12753.821933072877,1063,0
1084.75,1.2,11.5,-2.4,1911.8186,70.345,-0.09989999999993415,-0.00029999999992469384,0.00020000000017716957,-0.006500000000002615,5.000000000165983e-05,-4.9999999873762135e-06,3407,0,1,0,1,1,0,1.2,3119.159723503521,86.4856060592723,12756.116115484645,1064,0
1084.75,1.2,11.5,-2.4,1911.7183,70.33856,-0.10030000000006112,-0.00040000000012696546,-0.00010000000020227162,-0.006439999999997781,6.0000000004833964e-05,1.0000000003174137e-05,3408,0,1,0,1,1,0,1.2,3118.8055312408333,86.4808694661191,12758.410177536407,1065,0
1083.25,1.2,11.5,-2.4,1911.6177,70.33218,-0.10059999999998581,-0.00029999999992469384,0.00010000000020227162,-0.006380000000007158,5.999999999062311e-05,-1.4210854715202004e-14,3409,0,1,0,1,1,0,1.2,3118.451517214076,86.47613378005865,12760.704118868165,1066,0
1084.75,1.2,11.5,-2.4,1911.5166,70.32584,-0.10110000000008768,-0.0005000000001018634,-0.00020000000017716957,-0.006339999999994461,4.0000000012696546e-05,-1.9999999977926564e-05,3410,0,1,0,1,1,0,1.2,3118.0976811199066,86.47139901201993,12762.997938879917,1067,0
1084.75,1.2,11.5,-2.4,1911.4152,70.31957,-0.10140000000001237,-0.00029999999992469384,0.00020000000017716957,-0.006270000000000664,6.999999999379725e-05,2.99999999811007e-05,3411,0,1,0,1,1,0,1.2,3117.7440227139505,86.46666518171162,12765.291637211665,1068,0
1085.75,1.2,11.5,-2.4,1911.3134,70.313354,-0.10179999999991196,-0.0003999999998995918,-9.999999997489795e-05,-0.006215999999994892,5.400000000577165e-05,-1.5999999988025593e-05,3412,0,1,0,1,1,0,1.2,3117.3905417228243,86.46193230413127,12767.585213383409,1069,0
1086.0,1.2,11.5,-2.4,1911.2112,70.30719,-0.10220000000003893,-0.00040000000012696546,-2.2737367544323206e-13,-0.006163999999998282,5.199999999661031e-05,-2.00000000916134e-06,3413,0,1,0,1,1,0,1.2,3117.0372378734623,86.4572003936731,12769.878666915147,1070,0
1083.25,1.2,11.5,-2.4,1911.1085,70.30109,-0.10269999999991342,-0.0004999999998744897,-9.999999974752427e-05,-0.006100000000003547,6.399999999473494e-05,1.1999999998124622e-05,3414,0,1,0,1,1,0,1.2,3116.6841108638364,86.4524694682284,12772.17199720688,1071,0
1082.25,1.2,11.5,-2.4,1911.0055,70.29504,-0.10300000000006548,-0.0003000000001520675,0.00019999999972242222,-0.006050000000001887,5.000000000165983e-05,-1.3999999993075107e-05,3415,0,1,0,1,1,0,1.2,3116.33116045082,86.44773954156908,12774.465203898608,1072,0
1082.25,1.2,11.5,-2.4,1910.9021,70.28904,-0.10339999999996508,-0.0003999999998995918,-9.999999974752427e-05,-0.006000000000000227,5.000000000165983e-05,0.0,3416,0,1,0,1,1,0,1.2,3115.978386362306,86.44301062745097,12776.75828651033,1073,0
1083.25,1.2,11.5,-2.4,1910.7982,70.2831,-0.10390000000006694,-0.0005000000001018634,-0.00010000000020227162,-0.005939999999995393,6.0000000004833964e-05,1.0000000003174137e-05,3417,0,1,0,1,1,0,1.2,3115.6257882972495,86.4382827425395,12779.05124444205,1074,0
1084.25,1.2,11.5,-2.4,1910.694,70.277214,-0.10419999999999163,-0.00029999999992469384,0.00020000000017716957,-0.005886000000003833,5.39999999915608e-05,-6.000000013273166e-06,3418,0,1,0,1,1,0,1.2,3115.273366013454,86.43355590172565,12781.344077333762,1075,0
1085.25,1.2,11.5,-2.4,1910.5891,70.27139,-0.10490000000004329,-0.0007000000000516593,-0.00040000000012696546,-0.005824000000004048,6.199999999978445e-05,8.000000008223651e-06,3419,0,1,0,1,1,0,1.2,3114.9211191520467,86.42883012222222,12783.636784345472,1076,0
1087.25,1.2,11.5,-2.4,1910.484,70.265625,-0.10509999999999309,-0.0001999999999497959,0.0005000000001018634,-0.0057649999999966894,5.900000000735872e-05,-2.999999992425728e-06,3420,0,1,0,1,1,0,1.2,3114.569047500731,86.42410542034493,12785.929365237174,1077,0
1086.25,1.2,11.5,-2.4,1910.3783,70.25991,-0.10569999999984248,-0.0005999999998493877,-0.0003999999998995918,-0.00571499999999503,5.000000000165983e-05,-9.000000005698894e-06,3421,0,1,0,1,1,0,1.2,3114.217150730567,86.41938180976037,12788.221819288872,1078,0
1086.25,1.2,11.5,-2.4,1910.2722,70.25426,-0.10609999999996944,-0.00040000000012696546,0.00019999999972242222,-0.005650000000002819,6.499999999221018e-05,1.499999999055035e-05,3422,0,1,0,1,1,0,1.2,3113.8654285714283,86.41465930850131,12790.514146020565,1079,0
1086.5,1.2,11.5,-2.4,1910.1655,70.24866,-0.1067000000000462,-0.0006000000000767614,-0.0001999999999497959,-0.00560000000000116,5.000000000165983e-05,-1.499999999055035e-05,3423,0,1,0,1,1,0,1.2,3113.5138806950936,86.4099379301986,12792.806344712253,1080,0
1085.75,1.2,11.5,-2.4,1910.0585,70.24312,-0.1069999999999709,-0.00029999999992469384,0.0003000000001520675,-0.005539999999996326,6.0000000004833964e-05,1.0000000003174137e-05,3424,0,1,0,1,1,0,1.2,3113.1625068613134,86.40521769138687,12795.098415003937,1081,0
1085.5,1.2,11.5,-2.4,1909.9509,70.23763,-0.10760000000004766,-0.0006000000000767614,-0.0003000000001520675,-0.005490000000008877,4.999999998744897e-05,-1.0000000017384991e-05,3425,0,1,0,1,1,0,1.2,3112.811306742557,86.40049860566259,12797.390356175614,1082,0
1086.25,1.2,11.5,-2.4,1909.8429,70.23221,-0.10799999999994725,-0.0003999999998995918,0.00020000000017716957,-0.005420000000000869,7.00000000080081e-05,2.0000000020559128e-05,3426,0,1,0,1,1,0,1.2,3112.460280070032,86.39578069244237,12799.682167747287,1083,0
1086.25,1.2,11.5,-2.4,1909.7344,70.22684,-0.10850000000004911,-0.0005000000001018634,-0.00010000000020227162,-0.005369999999999209,5.000000000165983e-05,-2.0000000006348273e-05,3427,0,1,0,1,1,0,1.2,3112.109426546091,86.39106396528588,12801.973849118955,1084,0
1086.25,1.2,11.5,-2.4,1909.6254,70.22153,-0.10900000000015098,-0.0005000000001018634,0.0,-0.005309999999994375,6.0000000004833964e-05,1.0000000003174137e-05,3428,0,1,0,1,1,0,1.2,3111.758745873433,86.38634844065325,12804.265399690616,1085,0
1086.25,1.2,11.5,-2.4,1909.5157,70.21628,-0.10969999999997526,-0.0006999999998242856,-0.00019999999972242222,-0.005250000000003752,5.999999999062311e-05,-1.4210854715202004e-14,3429,0,1,0,1,1,0,1.2,3111.408237696793,86.38163413498542,12806.556818622272,1086,0
1085.25,1.2,11.5,-2.4,1909.4058,70.21108,-0.10989999999992506,-0.0001999999999497959,0.0004999999998744897,-0.005200000000002092,5.000000000165983e-05,-9.999999988963282e-06,3430,0,1,0,1,1,0,1.2,3111.0579018070534,86.37692106178956,12808.848105673924,1087,0
1083.75,1.2,11.5,-2.4,1909.2952,70.20595,-0.11059999999997672,-0.0007000000000516593,-0.0005000000001018634,-0.005129999999994084,7.00000000080081e-05,2.0000000006348273e-05,3431,0,1,0,1,1,0,1.2,3110.70773784965,86.37220924038462,12811.13926000557,1088,0
1084.0,1.2,11.5,-2.4,1909.184,70.20087,-0.11120000000005348,-0.0006000000000767614,9.999999997489795e-05,-0.005080000000006635,4.999999998744897e-05,-2.0000000020559128e-05,3432,0,1,0,1,1,0,1.2,3110.357745499563,86.36749868424118,12813.430280897212,1089,0
1084.0,1.2,11.5,-2.4,1909.0723,70.19585,-0.11169999999992797,-0.0004999999998744897,0.00010000000020227162,-0.005020000000001801,6.0000000004833964e-05,1.0000000017384991e-05,3433,0,1,0,1,1,0,1.2,3110.00792446127,86.36278940972628,12815.721167748847,1090,0
1083.25,1.2,11.5,-2.4,1908.9601,70.19089,-0.11220000000002983,-0.0005000000001018634,-2.2737367544323206e-13,-0.004959999999996967,6.0000000004833964e-05,0.0,3434,0,1,0,1,1,0,1.2,3109.658274439593,86.35808143318778,12818.011919960476,1091,0
1084.25,1.2,11.5,-2.4,1908.8473,70.18599,-0.11280000000010659,-0.0006000000000767614,-9.999999997489795e-05,-0.004899999999992133,6.0000000004833964e-05,0.0,3435,0,1,0,1,1,0,1.2,3109.3087951105936,86.3533747709546,12820.302536812102,1092,0
1084.0,1.2,11.5,-2.4,1908.734,70.181145,-0.11329999999998108,-0.0004999999998744897,0.00010000000020227162,-0.004845000000003097,5.499999998903604e-05,-5.000000015797923e-06,3436,0,1,0,1,1,0,1.2,3108.959486179808,86.34866943788188,12822.59301770372,1093,0
1085.25,1.2,11.5,-2.4,1908.6201,70.17636,-0.11389999999983047,-0.0005999999998493877,-9.999999997489795e-05,-0.004784999999998263,6.0000000004833964e-05,5.000000015797923e-06,3437,0,1,0,1,1,0,1.2,3108.6103473240255,86.34396545026178,12824.883361915334,1094,0
1083.25,1.2,11.5,-2.4,1908.5056,70.17164,-0.1145000000001346,-0.000600000000304135,-4.547473508864641e-13,-0.004720000000006053,6.499999999221018e-05,4.9999999873762135e-06,3438,0,1,0,1,1,0,1.2,3108.2613782204126,86.33926282582146,12827.173568726943,1095,0
1083.25,1.2,11.5,-2.4,1908.3906,70.16697,-0.1150000000000091,-0.0004999999998744897,0.0001000000004296453,-0.004669999999990182,5.000000001587068e-05,-1.4999999976339495e-05,3439,0,1,0,1,1,0,1.2,3107.912578575582,86.33456157790698,12829.463637538545,1096,0
1083.75,1.2,11.5,-2.4,1908.2749,70.16237,-0.11570000000006075,-0.0007000000000516593,-0.00020000000017716957,-0.004600000000010596,6.999999997958639e-05,1.999999996371571e-05,3440,0,1,0,1,1,0,1.2,3107.5639480383606,86.32986172566115,12831.753567510143,1097,0
1084.25,1.2,11.5,-2.4,1908.1587,70.15782,-0.11619999999993524,-0.0004999999998744897,0.00020000000017716957,-0.004549999999994725,5.000000001587068e-05,-1.999999996371571e-05,3441,0,1,0,1,1,0,1.2,3107.2154863160954,86.32516328239396,12834.043358041734,1098,0
1082.25,1.2,11.5,-2.4,1908.0419,70.153336,-0.116800000000012,-0.0006000000000767614,-0.00010000000020227162,-0.0044840000000050395,6.599999998968542e-05,1.5999999973814738e-05,3442,0,1,0,1,1,0,1.2,3106.867193087424,86.32046626604705,12836.33300841332,1099,0
1082.75,1.2,11.5,-2.4,1907.9244,70.1489,-0.11749999999983629,-0.0006999999998242856,-9.999999974752427e-05,-0.00443599999999833,4.800000000670934e-05,-1.7999999982976078e-05,3443,0,1,0,1,1,0,1.2,3106.519068002323,86.31577068931475,12838.622517784901,1100,0
1080.75,1.2,11.5,-2.4,1907.8064,70.14454,-0.11800000000016553,-0.0005000000003292371,0.00019999999949504854,-0.00435999999999126,7.600000000707041e-05,2.800000000036107e-05,3444,0,1,0,1,1,0,1.2,3106.171110769231,86.31107657300436,12840.911885556476,1101,0
1080.25,1.2,11.5,-2.4,1907.6877,70.140236,-0.11869999999998981,-0.0006999999998242856,-0.00019999999949504854,-0.0043040000000047485,5.5999999986511284e-05,-2.0000000020559128e-05,3445,0,1,0,1,1,0,1.2,3105.8233210388858,86.30638393209519,12843.201110888045,1102,0
1080.0,1.2,11.5,-2.4,1907.5684,70.13599,-0.1192999999998392,-0.0005999999998493877,9.999999997489795e-05,-0.004245999999994865,5.800000000988348e-05,2.000000023372195e-06,3446,0,1,0,1,1,0,1.2,3105.4756984914416,86.30169278212938,12845.490193059608,1103,0
1078.75,1.2,11.5,-2.4,1907.4485,70.1318,-0.11990000000014334,-0.000600000000304135,-4.547473508864641e-13,-0.004190000000008354,5.5999999986511284e-05,-2.000000023372195e-06,3447,0,1,0,1,1,0,1.2,3105.1282428074246,86.29700313805104,12847.779131351164,1104,0
1079.75,1.2,11.5,-2.4,1907.3279,70.12768,-0.12059999999996762,-0.0006999999998242856,-9.99999995201506e-05,-0.004120000000000346,7.00000000080081e-05,1.4000000021496817e-05,3448,0,1,0,1,1,0,1.2,3104.780953638736,86.29231501884604,12850.067924922716,1105,0
1080.0,1.2,11.5,-2.4,1907.2067,70.12361,-0.12120000000004438,-0.0006000000000767614,9.999999974752427e-05,-0.004069999999998686,5.000000000165983e-05,-2.0000000006348273e-05,3449,0,1,0,1,1,0,1.2,3104.433830666667,86.28762843768116,12852.356573054263,1106,0
1080.25,1.2,11.5,-2.4,1907.0847,70.119606,-0.12199999999984357,-0.0007999999997991836,-0.00019999999972242222,-0.0040039999999947895,6.600000000389628e-05,1.6000000002236447e-05,3450,0,1,0,1,1,0,1.2,3104.0868735149234,86.28294341234425,12854.645074785803,1107,0
1080.5,1.2,11.5,-2.4,1906.9622,70.11566,-0.1225000000001728,-0.0005000000003292371,0.0002999999994699465,-0.003945999999999117,5.7999999995672624e-05,-8.000000008223651e-06,3451,0,1,0,1,1,0,1.2,3103.740081894554,86.27825995828506,12856.933429517338,1108,0
1080.5,1.2,11.5,-2.4,1906.839,70.111786,-0.12319999999999709,-0.0006999999998242856,-0.00019999999949504854,-0.003874000000010369,7.199999998874773e-05,1.3999999993075107e-05,3452,0,1,0,1,1,0,1.2,3103.3934554590214,86.27357809498986,12859.221636408865,1109,0
1081.75,1.2,11.5,-2.4,1906.7151,70.10796,-0.12390000000004875,-0.0007000000000516593,-2.2737367544323206e-13,-0.003825999999989449,4.80000000209202e-05,-2.3999999967827534e-05,3453,0,1,0,1,1,0,1.2,3103.0469938621886,86.26889783497394,12861.509694620388,1110,0
1081.75,1.2,11.5,-2.4,1906.5905,70.1042,-0.12459999999987303,-0.0006999999998242856,2.2737367544323206e-13,-0.0037599999999997635,6.599999998968542e-05,1.7999999968765223e-05,3454,0,1,0,1,1,0,1.2,3102.700696758321,86.2642191959479,12863.797603311905,1111,0
1081.5,1.2,11.5,-2.4,1906.4652,70.10051,-0.1252999999999247,-0.0007000000000516593,-2.2737367544323206e-13,-0.0036900000000059663,6.999999999379725e-05,4.0000000041118255e-06,3455,0,1,0,1,1,0,1.2,3102.3545638020837,86.25954219675926,12866.085361643414,1112,0
1080.75,1.2,11.5,-2.4,1906.3392,70.09687,-0.12600000000020373,-0.000700000000279033,-2.2737367544323206e-13,-0.0036400000000043065,5.000000000165983e-05,-1.9999999992137418e-05,3456,0,1,0,1,1,0,1.2,3102.008594648539,86.25486685044837,12868.372968774918,1113,0
1081.75,1.2,11.5,-2.4,1906.2125,70.0933,-0.12669999999980064,-0.000699999999596912,6.821210263296962e-13,-0.0035699999999962984,7.00000000080081e-05,2.0000000006348273e-05,3457,0,1,0,1,1,0,1.2,3101.6627889531524,86.25019317582418,12870.660423866417,1114,0
1080.75,1.2,11.5,-2.4,1906.0851,70.08978,-0.12740000000007967,-0.000700000000279033,-6.821210263296962e-13,-0.0035199999999946385,5.000000000165983e-05,-2.0000000006348273e-05,3458,0,1,0,1,1,0,1.2,3101.3171463717836,86.24552118589187,12872.94772607791,1115,0
1078.75,1.2,11.5,-2.4,1905.957,70.086334,-0.12809999999990396,-0.0006999999998242856,4.547473508864641e-13,-0.0034460000000109403,7.399999998369822e-05,2.399999998203839e-05,3459,0,1,0,1,1,0,1.2,3100.9716665606934,86.24085090057804,12875.234874569394,1116,0
1078.75,1.2,11.5,-2.4,1905.8281,70.08295,-0.1289000000001579,-0.0008000000002539309,-0.0001000000004296453,-0.003383999999996945,6.20000000139953e-05,-1.1999999969702912e-05,3460,0,1,0,1,1,0,1.2,3100.6263491476448,86.23618233631899,12877.521868380874,1117,0
1076.75,1.2,11.5,-2.4,1905.6986,70.07962,-0.12950000000000728,-0.0005999999998493877,0.00020000000040454324,-0.0033299999999911734,5.400000000577165e-05,-8.000000008223651e-06,3461,0,1,0,1,1,0,1.2,3100.2811938186023,86.23151550722125,12879.808706792348,1118,0
1076.75,1.2,11.5,-2.4,1905.5682,70.076355,-0.13040000000000873,-0.0009000000000014552,-0.0003000000001520675,-0.003264999999998963,6.499999999221018e-05,1.0999999986438525e-05,3462,0,1,0,1,1,0,1.2,3099.93620017326,86.22685043055155,12882.095388723816,1119,0
1076.75,1.2,11.5,-2.4,1905.4373,70.07316,-0.13089999999988322,-0.0004999999998744897,0.00040000000012696546,-0.003195000000005166,6.999999999379725e-05,5.000000001587068e-06,3463,0,1,0,1,1,0,1.2,3099.591367927252,86.22218712499999,12884.381913575276,1120,0
1077.0,1.2,11.5,-2.4,1905.3054,70.07002,-0.13190000000008695,-0.0010000000002037268,-0.0005000000003292371,-0.003140000000001919,5.5000000003246896e-05,-1.499999999055035e-05,3464,0,1,0,1,1,0,1.2,3099.2466966522366,86.21752560490621,12886.66828014673,1121,0
1076.25,1.2,11.5,-2.4,1905.1729,70.06694,-0.13249999999993634,-0.0005999999998493877,0.00040000000035433914,-0.003079999999997085,6.0000000004833964e-05,5.000000001587068e-06,3465,0,1,0,1,1,0,1.2,3098.902186035776,86.21286588603577,12888.95448771818,1122,0
1076.25,1.2,11.5,-2.4,1905.0396,70.063934,-0.1332999999999629,-0.0008000000000265572,-0.00020000000017716957,-0.003005999999999176,7.399999999790907e-05,1.3999999993075107e-05,3466,0,1,0,1,1,0,1.2,3098.557835708105,86.20820798817421,12891.240535329622,1123,0
1076.75,1.2,11.5,-2.4,1904.9054,70.06098,-0.13419999999996435,-0.0009000000000014552,-9.999999997489795e-05,-0.0029540000000025657,5.199999999661031e-05,-2.200000000129876e-05,3467,0,1,0,1,1,0,1.2,3098.2136452710497,86.20355192474048,12893.526421901057,1124,0
1077.75,1.2,11.5,-2.4,1904.7705,70.0581,-0.134900000000016,-0.0007000000000516593,0.0001999999999497959,-0.0028800000000046566,7.399999999790907e-05,2.200000000129876e-05,3468,0,1,0,1,1,0,1.2,3097.8696143845486,86.19889771547997,12895.812146592485,1125,0
1078.0,1.2,11.5,-2.4,1904.6348,70.055275,-0.13570000000004256,-0.0008000000000265572,-9.999999997489795e-05,-0.0028250000000014097,5.5000000003246896e-05,-1.8999999994662176e-05,3469,0,1,0,1,1,0,1.2,3097.525742680115,86.19424537463978,12898.097708443907,1126,0
1076.75,1.2,11.5,-2.4,1904.4983,70.05252,-0.13650000000006912,-0.0008000000000265572,0.0,-0.0027549999999934016,7.00000000080081e-05,1.5000000004761205e-05,3470,0,1,0,1,1,0,1.2,3097.182029789686,86.18959492077211,12900.383106495325,1127,0
1076.5,1.2,11.5,-2.4,1904.3611,70.04982,-0.1371999999998934,-0.0006999999998242856,0.00010000000020227162,-0.0027000000000043656,5.499999998903604e-05,-1.500000001897206e-05,3471,0,1,0,1,1,0,1.2,3096.838475374424,86.18494636808755,12902.668339906733,1128,0
1075.25,1.2,11.5,-2.4,1904.223,70.047195,-0.13810000000012224,-0.0009000000002288289,-0.00020000000040454324,-0.0026249999999947704,7.500000000959517e-05,2.0000000020559128e-05,3472,0,1,0,1,1,0,1.2,3096.495079038295,86.18029973653901,12904.953407598136,1129,0
1074.25,1.2,11.5,-2.4,1904.0841,70.044624,-0.13889999999992142,-0.0007999999997991836,0.0001000000004296453,-0.0025710000000032096,5.39999999915608e-05,-2.100000001803437e-05,3473,0,1,0,1,1,0,1.2,3096.1518404145077,86.17565504001152,12907.238308609532,1130,0
1075.25,1.2,11.5,-2.4,1903.9443,70.04212,-0.13979999999992287,-0.0009000000000014552,-0.00010000000020227162,-0.002504000000001838,6.700000000137152e-05,1.300000000981072e-05,3474,0,1,0,1,1,0,1.2,3095.8087591079134,86.17101229611511,12909.52304186092,1131,0
1074.75,1.2,11.5,-2.4,1903.8038,70.03968,-0.1405000000002019,-0.000700000000279033,0.00019999999972242222,-0.0024399999999928923,6.400000000894579e-05,-2.999999992425728e-06,3475,0,1,0,1,1,0,1.2,3095.4658347813574,86.16637152157652,12911.807606512304,1132,0
1074.75,1.2,11.5,-2.4,1903.6624,70.03731,-0.141399999999976,-0.0008999999997740815,-0.00019999999949504854,-0.002369999999999095,6.999999999379725e-05,5.999999984851456e-06,3476,0,1,0,1,1,0,1.2,3095.1230670405525,86.16173273482887,12914.09200148368,1133,0
1074.75,1.2,11.5,-2.4,1903.5201,70.034996,-0.14229999999997744,-0.0009000000000014552,-2.2737367544323206e-13,-0.002313999999998373,5.600000000072214e-05,-1.3999999993075107e-05,3477,0,1,0,1,1,0,1.2,3094.780455491662,86.15709595025876,12916.376225695049,1134,0
1075.25,1.2,11.5,-2.4,1903.3771,70.03275,-0.1430000000000291,-0.0007000000000516593,0.0001999999999497959,-0.002246000000013737,6.79999999846359e-05,1.1999999983913767e-05,3478,0,1,0,1,1,0,1.2,3094.437999798793,86.15246118568554,12918.660278306412,1135,0
1074.25,1.2,11.5,-2.4,1903.2332,70.03057,-0.14390000000003056,-0.0009000000000014552,-0.0001999999999497959,-0.00217999999999563,6.600000001810713e-05,-1.999999966528776e-06,3479,0,1,0,1,1,0,1.2,3094.0956995689653,86.14782845833334,12920.944158237766,1136,0
1074.5,1.2,11.5,-2.4,1903.0884,70.02846,-0.14479999999980464,-0.0008999999997740815,2.2737367544323206e-13,-0.0021100000000018326,6.999999999379725e-05,3.999999975690116e-06,3480,0,1,0,1,1,0,1.2,3093.753554409652,86.14319778655559,12923.227864409115,1137,0
1074.75,1.2,11.5,-2.4,1902.9426,70.026405,-0.14580000000000837,-0.0010000000002037268,-0.0001000000004296453,-0.0020549999999985857,5.5000000003246896e-05,-1.499999999055035e-05,3481,0,1,0,1,1,0,1.2,3093.4115639000574,86.1385691843768,12925.511395620455,1138,0
1075.75,1.2,11.5,-2.4,1902.7961,70.02442,-0.14650000000006003,-0.0007000000000516593,0.0003000000001520675,-0.0019849999999905776,7.00000000080081e-05,1.5000000004761205e-05,3482,0,1,0,1,1,0,1.2,3093.069727706001,86.13394267011196,12927.79475103179,1139,0
1075.5,1.2,11.5,-2.4,1902.6487,70.02251,-0.14740000000006148,-0.0009000000000014552,-0.0001999999999497959,-0.0019100000000094042,7.499999998117346e-05,4.999999973165359e-06,3483,0,1,0,1,1,0,1.2,3092.72804543628,86.12931826349025,12930.077929563116,1140,0
1075.5,1.2,11.5,-2.4,1902.5002,70.02065,-0.14850000000001273,-0.001099999999951251,-0.0001999999999497959,-0.0018599999999935335,5.000000001587068e-05,-2.4999999965302777e-05,3484,0,1,0,1,1,0,1.2,3092.386516642755,86.12469597704447,12932.360929894438,1141,0
1075.5,1.2,11.5,-2.4,1902.3511,70.01886,-0.14909999999986212,-0.0005999999998493877,0.0005000000001018634,-0.0017899999999997362,6.999999999379725e-05,1.9999999977926564e-05,3485,0,1,0,1,1,0,1.2,3092.0451410212277,86.12007582903041,12934.64375130575,1142,0
1074.75,1.2,11.5,-2.4,1902.2009,70.017136,-0.15020000000004075,-0.0011000000001786248,-0.0005000000003292371,-0.0017240000000100508,6.599999998968542e-05,-4.0000000041118255e-06,3486,0,1,0,1,1,0,1.2,3091.7039181244622,86.1154578365357,12936.926392477055,1143,0
1073.75,1.2,11.5,-2.4,1902.0499,70.01548,-0.1510000000000673,-0.0008000000000265572,0.0003000000001520675,-0.0016559999999969932,6.800000001305762e-05,2.000000023372195e-06,3487,0,1,0,1,1,0,1.2,3091.3628475917435,86.11084201720183,12939.208852448353,1144,0
1073.25,1.2,11.5,-2.4,1901.898,70.01389,-0.15190000000006876,-0.0009000000000014552,-9.999999997489795e-05,-0.001589999999993097,6.600000000389628e-05,-2.00000000916134e-06,3488,0,1,0,1,1,0,1.2,3091.021929034107,86.10622838807681,12941.491130139646,1145,0
1074.75,1.2,11.5,-2.4,1901.745,70.01237,-0.15300000000002,-0.001099999999951251,-0.0001999999999497959,-0.0015199999999992997,6.999999999379725e-05,3.999999989900971e-06,3489,0,1,0,1,1,0,1.2,3090.6811620057306,86.10161696733525,12943.773224230928,1146,0
1074.5,1.2,11.5,-2.4,1901.5912,70.01091,-0.1537999999998192,-0.0007999999997991836,0.0003000000001520675,-0.0014600000000086766,5.999999999062311e-05,-1.0000000003174137e-05,3490,0,1,0,1,1,0,1.2,3090.3405461472357,86.0970077702664,12946.055133762206,1147,0
1073.25,1.2,11.5,-2.4,1901.4364,70.009514,-0.15480000000002292,-0.0010000000002037268,-0.00020000000040454324,-0.0013959999999997308,6.400000000894579e-05,4.00000001832268e-06,3491,0,1,0,1,1,0,1.2,3090.0000810423826,86.09240081328751,12948.336857533473,1148,0
1073.75,1.2,11.5,-2.4,1901.2806,70.00819,-0.15579999999999927,-0.0009999999999763531,2.2737367544323206e-13,-0.0013239999999967722,7.200000000295859e-05,7.999999994012796e-06,3492,0,1,0,1,1,0,1.2,3089.659766275408,86.08779611508731,12950.618394344736,1149,0
1074.25,1.2,11.5,-2.4,1901.124,70.006935,-0.15660000000002583,-0.0008000000000265572,0.0001999999999497959,-0.0012550000000004502,6.8999999996322e-05,-3.000000006636583e-06,3493,0,1,0,1,1,0,1.2,3089.3196014882656,86.08319369347453,12952.89974323599,1150,0
1075.25,1.2,11.5,-2.4,1900.9664,70.00574,-0.15760000000000218,-0.0009999999999763531,-0.0001999999999497959,-0.0011949999999956162,6.0000000004833964e-05,-8.999999991488039e-06,3494,0,1,0,1,1,0,1.2,3088.979586266094,86.07859356366238,12955.180903007236,1151,0
1075.5,1.2,11.5,-2.4,1900.8077,70.004616,-0.15869999999995343,-0.001099999999951251,-9.999999997489795e-05,-0.0011240000000043437,7.099999999127249e-05,1.0999999986438525e-05,3495,0,1,0,1,1,0,1.2,3088.639720165904,86.07399574399314,12957.461872338476,1152,0
1077.75,1.2,11.5,-2.4,1900.6482,70.003555,-0.15949999999998,-0.0008000000000265572,0.00029999999992469384,-0.0010609999999928732,6.300000001147055e-05,-7.999999979801942e-06,3496,0,1,0,1,1,0,1.2,3088.300002830998,86.06940025050044,12959.742650269705,1153,0
1077.75,1.2,11.5,-2.4,1900.4877,70.00256,-0.16050000000018372,-0.0010000000002037268,-0.00020000000017716957,-0.0009950000000031878,6.599999998968542e-05,2.9999999782148734e-06,3497,0,1,0,1,1,0,1.2,3087.960433847913,86.06480710005718,12962.02323560093,1154,0
1077.75,1.2,11.5,-2.4,1900.326,70.00164,-0.1616999999998825,-0.0011999999996987754,-0.00019999999949504854,-0.0009200000000078035,7.499999999538431e-05,9.000000005698894e-06,3498,0,1,0,1,1,0,1.2,3087.6210127464988,86.06021631208917,12964.303626892144,1155,0
1078.0,1.2,11.5,-2.4,1900.1636,70.000786,-0.16239999999993415,-0.0007000000000516593,0.0004999999996471161,-0.0008539999999896963,6.600000001810713e-05,-8.999999977277184e-06,3499,0,1,0,1,1,0,1.2,3087.2817392,86.05562790342857,12966.583823303354,1156,0
1080.75,1.2,11.5,-2.4,1900.0,70.0,-0.16360000000008768,-0.0012000000001535227,-0.0005000000001018634,-0.0007860000000050604,6.79999999846359e-05,1.999999966528776e-06,3500,0,1,0,1,1,0,1.2,3086.9426127392176,86.05104189145959,12968.863823394553,1157,0
1082.75,1.2,11.5,-2.4,1899.8354,69.99928,-0.16460000000006403,-0.0009999999999763531,0.00020000000017716957,-0.0007200000000011642,6.600000000389628e-05,-1.9999999807396307e-06,3501,0,1,0,1,0,1,1.2,3086.603632952598,86.04645829297544,12971.143625965746,1158,0
1082.5,1.2,11.5,-2.4,1899.6699,69.99863,-0.1654999999998381,-0.0008999999997740815,0.00010000000020227162,-0.000649999999993156,7.00000000080081e-05,4.0000000041118255e-06,3502,0,1,0,1,0,1,1.2,3086.2647994576078,86.04187712589209,12973.423229936929,1159,0
1082.75,1.2,11.5,-2.4,1899.5033,69.99804,-0.16660000000001673,-0.0011000000001786248,-0.00020000000040454324,-0.0005900000000025329,5.999999999062311e-05,-1.0000000017384991e-05,3503,0,1,0,1,0,1,1.2,3085.9261118150685,86.03729840525114,12975.702633988105,1160,0
1083.0,1.2,11.5,-2.4,1899.3358,69.99752,-0.1675000000000182,-0.0009000000000014552,0.00020000000017716957,-0.0005200000000087357,6.999999999379725e-05,1.0000000003174137e-05,3504,0,1,0,1,0,1,1.2,3085.587569643367,86.0327221489301,12977.981837039273,1161,0
1083.25,1.2,11.5,-2.4,1899.1672,69.99707,-0.16859999999996944,-0.001099999999951251,-0.0001999999999497959,-0.0004500000000007276,7.00000000080081e-05,1.4210854715202004e-14,3505,0,1,0,1,0,1,1.2,3085.2491725042782,86.02814837478608,12980.260837770433,1162,0
1083.25,1.2,11.5,-2.4,1898.9977,69.99669,-0.16950000000019827,-0.0009000000002288289,0.00019999999972242222,-0.0003799999999927195,7.00000000080081e-05,0.0,3506,0,1,0,1,0,1,1.2,3084.9109200171088,86.02357710065583,12982.539635101586,1163,0
1084.25,1.2,11.5,-2.4,1898.8273,69.99637,-0.17039999999997235,-0.0008999999997740815,4.547473508864641e-13,-0.0003200000000020964,5.999999999062311e-05,-1.0000000017384991e-05,3507,0,1,0,1,0,1,1.2,3084.572811801597,86.01900834150513,12984.818227952728,1164,0
1084.25,1.2,11.5,-2.4,1898.6558,69.99612,-0.1714999999999236,-0.001099999999951251,-0.00020000000017716957,-0.0002499999999940883,7.00000000080081e-05,1.0000000017384991e-05,3508,0,1,0,1,0,1,1.2,3084.234847420918,86.01444211513252,12987.096615003864,1165,0
1085.25,1.2,11.5,-2.4,1898.4833,69.99593,-0.17249999999989996,-0.0009999999999763531,9.999999997489795e-05,-0.00019000000000346517,5.999999999062311e-05,-1.0000000017384991e-05,3509,0,1,0,1,0,1,1.2,3083.897026467236,86.00987843646723,12989.374795054991,1166,0
1086.75,1.2,11.5,-2.4,1898.3099,69.99581,-0.17340000000012878,-0.0009000000002288289,9.999999974752427e-05,-0.00011999999999545707,7.00000000080081e-05,1.0000000017384991e-05,3510,0,1,0,1,0,1,1.2,3083.5593485616632,86.00531732326972,12991.652767026111,1167,0
1087.25,1.2,11.5,-2.4,1898.1355,69.99576,-0.17439999999987776,-0.0009999999997489795,-9.99999995201506e-05,-5.000000000165983e-05,6.999999999379725e-05,-1.4210854715202004e-14,3511,0,1,0,1,0,1,1.2,3083.2218132972666,86.00075879328018,12993.930529717221,1168,0
1086.75,1.2,11.5,-2.4,1897.9602,69.995766,-0.1753000000001066,-0.0009000000002288289,9.99999995201506e-05,5.999999999062311e-06,5.600000000072214e-05,-1.3999999993075107e-05,3512,0,1,0,1,0,1,1.2,3082.884420296043,85.99620286023342,12996.208082048322,1169,0
1085.25,1.2,11.5,-2.4,1897.7839,69.99584,-0.17630000000008295,-0.0009999999999763531,-9.999999974752427e-05,7.399999999790907e-05,6.799999999884676e-05,1.1999999998124622e-05,3513,0,1,0,1,0,1,1.2,3082.5471691519633,85.99164954126351,12998.485422819416,1170,0
1086.75,1.2,11.5,-2.4,1897.6067,69.99598,-0.17719999999985703,-0.0008999999997740815,0.00010000000020227162,0.00014000000000180535,6.600000000389628e-05,-1.9999999949504854e-06,3514,0,1,0,1,0,1,1.2,3082.2100594879093,85.98709885291608,13000.762550950501,1171,0
1089.25,1.2,11.5,-2.4,1897.4286,69.99618,-0.17810000000008586,-0.0009000000002288289,-4.547473508864641e-13,0.00019999999999242846,5.999999999062311e-05,-6.000000013273166e-06,3515,0,1,0,1,0,1,1.2,3081.87309092719,85.98255081001138,13003.039465361579,1172,0
1089.25,1.2,11.5,-2.4,1897.2495,69.99645,-0.1791000000000622,-0.0009999999999763531,-9.999999974752427e-05,0.00027000000000043656,7.00000000080081e-05,1.0000000017384991e-05,3516,0,1,0,1,0,1,1.2,3081.5362630651125,85.97800543019619,13005.316164852646,1173,0
1088.25,1.2,11.5,-2.4,1897.0695,69.99678,-0.1799999999998363,-0.0008999999997740815,0.00010000000020227162,0.0003300000000052705,6.0000000004833964e-05,-1.0000000003174137e-05,3517,0,1,0,1,0,1,1.2,3081.1995755258667,85.97346272825469,13007.592648343705,1174,0
1088.75,1.2,11.5,-2.4,1896.8885,69.99718,-0.18100000000004002,-0.0010000000002037268,-0.0001000000004296453,0.00039999999999906777,6.999999999379725e-05,9.999999988963282e-06,3518,0,1,0,1,0,1,1.2,3080.863027905655,85.96892272179596,13009.868914634757,1175,0
1089.75,1.2,11.5,-2.4,1896.7068,69.997635,-0.18170000000009168,-0.0007000000000516593,0.0003000000001520675,0.00045500000000231466,5.5000000003246896e-05,-1.499999999055035e-05,3519,0,1,0,1,0,1,1.2,3080.5266198863637,85.96438542414772,13012.144962885799,1176,0
1089.75,1.2,11.5,-2.4,1896.524,69.99815,-0.18280000000004293,-0.001099999999951251,-0.0003999999998995918,0.0005149999999929378,5.999999999062311e-05,4.9999999873762135e-06,3520,0,1,0,1,0,1,1.2,3080.1903510366374,85.9598508500426,13014.42079177683,1177,0
1089.5,1.2,11.5,-2.4,1896.3403,69.99874,-0.183699999999817,-0.0008999999997740815,0.00020000000017716957,0.0005900000000025329,7.500000000959517e-05,1.500000001897206e-05,3521,0,1,0,1,0,1,1.2,3079.8542209823963,85.95531901845541,13016.696400227856,1178,0
1088.75,1.2,11.5,-2.4,1896.1558,69.99939,-0.18450000000007094,-0.0008000000002539309,9.99999995201506e-05,0.0006500000000073669,6.0000000004833964e-05,-1.5000000004761205e-05,3522,0,1,0,1,0,1,1.2,3079.518229378371,85.95078994408175,13018.971787278871,1179,0
1089.25,1.2,11.5,-2.4,1895.9703,70.0001,-0.1855000000000473,-0.0009999999999763531,-0.00019999999972242222,0.00070999999999799,5.999999999062311e-05,-1.4210854715202004e-14,3523,0,1,0,1,1,0,1.2,3079.1823758229284,85.94626364160045,13021.246951729878,1180,0
1089.75,1.2,11.5,-2.4,1895.784,70.00087,-0.18629999999984648,-0.0007999999997991836,0.00020000000017716957,0.000770000000002824,6.0000000004833964e-05,1.4210854715202004e-14,3524,0,1,0,1,1,0,1.2,3078.8466599716307,85.94174012567376,13023.521892620876,1181,0
1088.75,1.2,11.5,-2.4,1895.5968,70.0017,-0.1872000000000753,-0.0009000000002288289,-0.0001000000004296453,0.0008299999999934471,5.999999999062311e-05,-1.4210854715202004e-14,3525,0,1,0,1,1,0,1.2,3078.5110814520704,85.93721941094725,13025.796608871864,1182,0
1087.25,1.2,11.5,-2.4,1895.4087,70.0026,-0.18810000000007676,-0.0009000000000014552,2.2737367544323206e-13,0.0009000000000014552,7.00000000080081e-05,1.0000000017384991e-05,3526,0,1,0,1,1,0,1.2,3078.1756398922594,85.93270151488518,13028.071099402843,1183,0
1086.25,1.2,11.5,-2.4,1895.2197,70.003555,-0.18899999999985084,-0.0008999999997740815,2.2737367544323206e-13,0.0009550000000047021,5.5000000003246896e-05,-1.5000000004761205e-05,3527,0,1,0,1,1,0,1.2,3077.840334920635,85.92818645068029,13030.345363133814,1184,0
1085.25,1.2,11.5,-2.4,1895.0299,70.00458,-0.18980000000010477,-0.0008000000002539309,9.99999995201506e-05,0.0010249999999984993,6.999999999379725e-05,1.499999999055035e-05,3528,0,1,0,1,1,0,1.2,3077.5051661943894,85.92367423576083,13032.619399104777,1185,0
1085.0,1.2,11.5,-2.4,1894.8391,70.00565,-0.19080000000008113,-0.0009999999999763531,-0.00019999999972242222,0.001069999999998572,4.500000000007276e-05,-2.4999999993724487e-05,3529,0,1,0,1,1,0,1.2,3077.1701333144474,85.91916488045325,13034.893206115728,1186,0
1084.75,1.2,11.5,-2.4,1894.6476,70.00679,-0.1914999999999054,-0.0006999999998242856,0.0003000000001520675,0.0011399999999923693,6.999999999379725e-05,2.4999999993724487e-05,3530,0,1,0,1,1,0,1.2,3076.835235967148,85.91465840215237,13037.166783326671,1187,0
1084.75,1.2,11.5,-2.4,1894.4552,70.007996,-0.19239999999990687,-0.0009000000000014552,-0.00020000000017716957,0.0012060000000104765,6.600000001810713e-05,-3.999999975690116e-06,3531,0,1,0,1,1,0,1.2,3076.5004737825593,85.91015481710079,13039.440129657605,1188,0
1083.75,1.2,11.5,-2.4,1894.2618,70.009254,-0.1934000000001106,-0.0010000000002037268,-0.00010000000020227162,0.001257999999992876,5.199999998239946e-05,-1.4000000035707671e-05,3532,0,1,0,1,1,0,1.2,3076.1658463628646,85.90565413756013,13041.713243908529,1189,0
1083.25,1.2,11.5,-2.4,1894.0677,70.010574,-0.19409999999993488,-0.0006999999998242856,0.0003000000003794412,0.0013200000000068712,6.20000000139953e-05,1.0000000031595846e-05,3533,0,1,0,1,1,0,1.2,3075.831353395586,85.90115637860781,13043.986125239446,1190,0
1084.25,1.2,11.5,-2.4,1893.8728,70.011955,-0.19489999999996144,-0.0008000000000265572,-0.00010000000020227162,0.0013809999999949696,6.099999998809835e-05,-1.0000000258969521e-06,3534,0,1,0,1,1,0,1.2,3075.4969945403113,85.89666155502121,13046.258772690351,1191,0
1084.0,1.2,11.5,-2.4,1893.677,70.0134,-0.19580000000019027,-0.0009000000002288289,-0.00010000000020227162,0.0014450000000039154,6.400000000894579e-05,3.0000000208474376e-06,3535,0,1,0,1,1,0,1.2,3075.162769428733,85.8921696824095,13048.531185181248,1192,0
1084.25,1.2,11.5,-2.4,1893.4803,70.01489,-0.19669999999996435,-0.0008999999997740815,4.547473508864641e-13,0.0014899999999897773,4.4999999985861905e-05,-1.9000000023083885e-05,3536,0,1,0,1,1,0,1.2,3074.82867769296,85.88768077099238,13050.803361632134,1193,0
1082.75,1.2,11.5,-2.4,1893.283,70.01645,-0.1973000000000411,-0.0006000000000767614,0.00029999999969732016,0.0015600000000119962,7.000000002221896e-05,2.500000003635705e-05,3537,0,1,0,1,1,0,1.2,3074.494719050311,85.8831948380441,13053.075301323011,1194,0
1082.75,1.2,11.5,-2.4,1893.0847,70.01807,-0.1982999999997901,-0.0009999999997489795,-0.0003999999996722181,0.0016199999999884085,5.9999999976412255e-05,-1.00000000458067e-05,3538,0,1,0,1,1,0,1.2,3074.1608931053966,85.87871189799378,13055.34700305388,1195,0
1082.75,1.2,11.5,-2.4,1892.8856,70.019745,-0.19910000000004402,-0.0008000000002539309,0.00019999999949504854,0.0016750000000058662,5.500000001745775e-05,-4.999999958954504e-06,3539,0,1,0,1,1,0,1.2,3073.827199519774,85.87423196384181,13057.618465864738,1196,0
1083.75,1.2,11.5,-2.4,1892.6858,70.02148,-0.19980000000009568,-0.0007000000000516593,0.00010000000020227162,0.0017349999999964894,5.999999999062311e-05,4.999999973165359e-06,3540,0,1,0,1,1,0,1.2,3073.493637983621,85.86975504998588,13059.889688915588,1197,0
1083.75,1.2,11.5,-2.4,1892.4851,70.02327,-0.20069999999986976,-0.0008999999997740815,-0.00019999999972242222,0.0017899999999997362,5.5000000003246896e-05,-4.9999999873762135e-06,3541,0,1,0,1,1,0,1.2,3073.1602081309993,85.86528116939583,13062.160671126427,1198,0
1084.25,1.2,11.5,-2.4,1892.2836,70.025116,-0.2015000000001237,-0.0008000000002539309,9.99999995201506e-05,0.0018460000000004584,5.600000000072214e-05,9.999999974752427e-07,3542,0,1,0,1,1,0,1.2,3072.826909624612,85.86081033530905,13064.431411537256,1199,0
1085.25,1.2,11.5,-2.4,1892.0813,70.02702,-0.20229999999992287,-0.0007999999997991836,4.547473508864641e-13,0.001903999999996131,5.7999999995672624e-05,1.9999999949504854e-06,3543,0,1,0,1,1,0,1.2,3072.4937421275395,85.85634256151242,13066.701909188076,1200,0
1085.75,1.2,11.5,-2.4,1891.8783,70.02899,-0.20299999999997453,-0.0007000000000516593,9.999999974752427e-05,0.0019700000000000273,6.600000000389628e-05,8.000000008223651e-06,3544,0,1,0,1,1,0,1.2,3072.160705331453,85.85187786403385,13068.972163238886,1201,0
1085.75,1.2,11.5,-2.4,1891.6744,70.03101,-0.203899999999976,-0.0009000000000014552,-0.0001999999999497959,0.002020000000001687,5.000000000165983e-05,-1.6000000002236447e-05,3545,0,1,0,1,1,0,1.2,3071.8277988719683,85.84741625437113,13071.242172609687,1202,0
1086.25,1.2,11.5,-2.4,1891.4698,70.03309,-0.20460000000002765,-0.0007000000000516593,0.0001999999999497959,0.002080000000006521,6.0000000004833964e-05,1.0000000003174137e-05,3546,0,1,0,1,1,0,1.2,3071.4950224414997,85.8429577468283,13073.511936460478,1203,0
1088.25,1.2,11.5,-2.4,1891.2645,70.035225,-0.2053000000000793,-0.0007000000000516593,0.0,0.002134999999995557,5.499999998903604e-05,-5.000000015797923e-06,3547,0,1,0,1,1,0,1.2,3071.1623757328075,85.8385023542841,13075.781453951258,1204,0
1086.75,1.2,11.5,-2.4,1891.0583,70.037415,-0.20620000000008076,-0.0009000000000014552,-0.0001999999999497959,0.002189999999998804,5.5000000003246896e-05,1.4210854715202004e-14,3548,0,1,0,1,1,0,1.2,3070.829858382643,85.8340500896027,13078.050724002029,1205,0
1085.75,1.2,11.5,-2.4,1890.8514,70.03966,-0.20689999999990505,-0.0006999999998242856,0.00020000000017716957,0.002245000000002051,5.5000000003246896e-05,0.0,3549,0,1,0,1,1,0,1.2,3070.497470084507,85.8296009656338,13080.31974577279,1206,0
1084.25,1.2,11.5,-2.4,1890.6438,70.04196,-0.2075999999999567,-0.0007000000000516593,-2.2737367544323206e-13,0.002300000000005298,5.5000000003246896e-05,0.0,3550,0,1,0,1,1,0,1.2,3070.165210532244,85.82515499521261,13082.588518423541,1207,0
1085.75,1.2,11.5,-2.4,1890.4353,70.04432,-0.20849999999995816,-0.0009000000000014552,-0.0001999999999497959,0.002359999999995921,5.999999999062311e-05,4.9999999873762135e-06,3551,0,1,0,1,1,0,1.2,3069.8330793637388,85.82071219256756,13084.857040874282,1208,0
1082.75,1.2,11.5,-2.4,1890.2262,70.04674,-0.20910000000003492,-0.0006000000000767614,0.00029999999992469384,0.002420000000000755,6.0000000004833964e-05,1.4210854715202004e-14,3552,0,1,0,1,1,0,1.2,3069.501076301717,85.81627257191106,13087.125312405013,1209,0
1081.75,1.2,11.5,-2.4,1890.0164,70.0492,-0.20980000000008658,-0.0007000000000516593,-9.999999997489795e-05,0.0024599999999992406,3.999999999848569e-05,-2.0000000006348273e-05,3553,0,1,0,1,1,0,1.2,3069.1692010410807,85.81183614181204,13089.393332175734,1210,0
1082.0,1.2,11.5,-2.4,1889.8057,70.05173,-0.21070000000008804,-0.0009000000000014552,-0.0001999999999497959,0.0025300000000072487,7.00000000080081e-05,3.000000000952241e-05,3554,0,1,0,1,1,0,1.2,3068.8374532208154,85.80740291926864,13091.661099106444,1211,0
1080.75,1.2,11.5,-2.4,1889.5944,70.054306,-0.21129999999993743,-0.0005999999998493877,0.0003000000001520675,0.002575999999990586,4.599999998333715e-05,-2.4000000024670953e-05,3555,0,1,0,1,1,0,1.2,3068.505832564679,85.80297291451069,13093.928612477144,1212,0
1080.5,1.2,11.5,-2.4,1889.3822,70.05694,-0.21219999999993888,-0.0009000000000014552,-0.0003000000001520675,0.0026340000000004693,5.800000000988348e-05,1.2000000026546331e-05,3556,0,1,0,1,1,0,1.2,3068.174338712398,85.79854614113016,13096.195871207834,1213,0
1081.25,1.2,11.5,-2.4,1889.1694,70.05962,-0.21280000000001564,-0.0006000000000767614,0.00029999999992469384,0.0026799999999980173,4.5999999997548e-05,-1.2000000012335477e-05,3557,0,1,0,1,1,0,1.2,3067.84297138842,85.79412260933108,13098.462874578516,1214,0
1080.25,1.2,11.5,-2.4,1888.9559,70.06236,-0.2135000000000673,-0.0007000000000516593,-9.999999997489795e-05,0.0027400000000028513,6.0000000004833964e-05,1.4000000007285962e-05,3558,0,1,0,1,1,0,1.2,3067.511730289407,85.78970233323967,13100.729621749184,1215,0
1081.75,1.2,11.5,-2.4,1888.7417,70.06516,-0.2141999999998916,-0.0006999999998242856,2.2737367544323206e-13,0.0028000000000076852,6.0000000004833964e-05,0.0,3559,0,1,0,1,1,0,1.2,3067.1806151123596,85.78528532696629,13102.996111879844,1216,0
1080.75,1.2,11.5,-2.4,1888.5267,70.06801,-0.21500000000014552,-0.0008000000002539309,-0.0001000000004296453,0.002849999999995134,4.999999998744897e-05,-1.0000000017384991e-05,3560,0,1,0,1,1,0,1.2,3066.8496255265372,85.78087160179724,13105.262344010494,1217,0
1082.25,1.2,11.5,-2.4,1888.3112,70.07091,-0.21549999999979264,-0.0004999999996471161,0.00030000000060681487,0.002899999999996794,5.000000000165983e-05,1.4210854715202004e-14,3561,0,1,0,1,1,0,1.2,3066.5187612857944,85.77646116900617,13107.528317541133,1218,0
1081.75,1.2,11.5,-2.4,1888.0948,70.07386,-0.21640000000002146,-0.0009000000002288289,-0.0004000000005817128,0.002949999999998454,5.000000000165983e-05,0.0,3562,0,1,0,1,1,0,1.2,3066.1880220319954,85.77205403985405,13109.79403139176,1219,0
1082.75,1.2,11.5,-2.4,1887.8778,70.076866,-0.21700000000009823,-0.0006000000000767614,0.0003000000001520675,0.003005999999999176,5.600000000072214e-05,5.999999999062311e-06,3563,0,1,0,1,1,0,1.2,3065.8574074915828,85.76765022727272,13112.059484842379,1220,0
1083.0,1.2,11.5,-2.4,1887.6602,70.079926,-0.2175999999999476,-0.0005999999998493877,2.2737367544323206e-13,0.0030600000000049477,5.400000000577165e-05,-1.9999999949504854e-06,3564,0,1,0,1,1,0,1.2,3065.5269173913043,85.7632497436185,13114.324677172986,1221,0
1083.25,1.2,11.5,-2.4,1887.4418,70.08304,-0.21839999999997417,-0.0008000000000265572,-0.00020000000017716957,0.0031139999999965084,5.39999999915608e-05,-1.4210854715202004e-14,3565,0,1,0,1,1,0,1.2,3065.1965514021313,85.75885260123387,13116.589607423584,1222,0
1086.25,1.2,11.5,-2.4,1887.2228,70.0862,-0.21900000000005093,-0.0006000000000767614,0.0001999999999497959,0.0031600000000082673,4.600000001175886e-05,-7.999999979801942e-06,3566,0,1,0,1,1,0,1.2,3064.8663092514716,85.75445881020465,13118.854274874171,1223,0
1086.25,1.2,11.5,-2.4,1887.003,70.08942,-0.2198000000000775,-0.0008000000000265572,-0.0001999999999497959,0.0032199999999988904,5.999999999062311e-05,1.3999999978864253e-05,3567,0,1,0,1,1,0,1.2,3064.5361906109865,85.75006838452914,13121.118678564748,1224,0
1086.0,1.2,11.5,-2.4,1886.7827,70.09268,-0.22029999999995198,-0.0004999999998744897,0.0003000000001520675,0.003259999999997376,3.999999999848569e-05,-1.9999999992137418e-05,3568,0,1,0,1,1,0,1.2,3064.2061952367612,85.74568133258616,13123.382817895312,1225,0
1085.25,1.2,11.5,-2.4,1886.5616,70.09599,-0.22109999999997854,-0.0008000000000265572,-0.0003000000001520675,0.003309999999999036,5.000000000165983e-05,1.0000000003174137e-05,3569,0,1,0,1,1,0,1.2,3063.8763228011208,85.74129766554621,13125.646691905868,1226,0
1085.5,1.2,11.5,-2.4,1886.34,70.099365,-0.2216000000000804,-0.0005000000001018634,0.00029999999992469384,0.003375000000005457,6.500000000642103e-05,1.5000000004761205e-05,3570,0,1,0,1,1,0,1.2,3063.5465730607675,85.73691739876786,13127.910299996413,1227,0
1085.75,1.2,11.5,-2.4,1886.1177,70.10278,-0.22229999999990468,-0.0006999999998242856,-0.00019999999972242222,0.003414999999989732,3.9999999984274837e-05,-2.5000000022146196e-05,3571,0,1,0,1,1,0,1.2,3063.216945716685,85.73254054059352,13130.173641326946,1228,0
1086.0,1.2,11.5,-2.4,1885.8948,70.10625,-0.22289999999998145,-0.0006000000000767614,9.999999974752427e-05,0.0034700000000071896,5.500000001745775e-05,1.5000000033182914e-05,3572,0,1,0,1,1,0,1.2,3062.8874404981807,85.72816710355443,13132.436715177468,1229,0
1085.25,1.2,11.5,-2.4,1885.6711,70.10977,-0.223700000000008,-0.0008000000000265572,-0.0001999999999497959,0.0035199999999946385,4.999999998744897e-05,-5.000000030008778e-06,3573,0,1,0,1,1,0,1.2,3062.558057078903,85.7237970987689,13134.699520587981,1230,0
1085.0,1.2,11.5,-2.4,1885.4469,70.113335,-0.22420000000010987,-0.0005000000001018634,0.00029999999992469384,0.003565000000008922,4.5000000014283614e-05,-4.999999973165359e-06,3574,0,1,0,1,1,0,1.2,3062.228795216783,85.71943053594406,13136.962056958482,1231,0
1085.0,1.2,11.5,-2.4,1885.222,70.11696,-0.22489999999993415,-0.0006999999998242856,-0.00019999999972242222,0.0036249999999995453,5.999999999062311e-05,1.4999999976339495e-05,3575,0,1,0,1,1,0,1.2,3061.899654614094,85.71506742897091,13139.224323448972,1232,0
1087.25,1.2,11.5,-2.4,1884.9966,70.12062,-0.22540000000003602,-0.0005000000001018634,0.00019999999972242222,0.003659999999996444,3.499999999689862e-05,-2.4999999993724487e-05,3576,0,1,0,1,1,0,1.2,3061.570635029354,85.7107077847358,13141.486319459453,1233,0
1089.25,1.2,11.5,-2.4,1884.7705,70.124344,-0.2260999999998603,-0.0006999999998242856,-0.00019999999972242222,0.003723999999991179,6.399999999473494e-05,2.8999999997836312e-05,3577,0,1,0,1,1,0,1.2,3061.2417361654557,85.70635161822247,13143.748044149921,1234,0
1089.5,1.2,11.5,-2.4,1884.5438,70.128105,-0.22670000000016444,-0.000600000000304135,9.99999995201506e-05,0.0037610000000114496,3.700000002027082e-05,-2.6999999974464117e-05,3578,0,1,0,1,1,0,1.2,3060.9129577535623,85.70199893685387,13146.00949680038,1235,0
1091.25,1.2,11.5,-2.4,1884.3165,70.13192,-0.22730000000001382,-0.0005999999998493877,4.547473508864641e-13,0.0038149999999887996,5.3999999977349944e-05,1.6999999957079126e-05,3579,0,1,0,1,1,0,1.2,3060.58429952514,85.6976497527933,13148.270676690827,1236,0
1092.75,1.2,11.5,-2.4,1884.0886,70.13579,-0.2278999999998632,-0.0005999999998493877,0.0,0.0038700000000062573,5.500000001745775e-05,1.0000000401078069e-06,3580,0,1,0,1,1,0,1.2,3060.2557612119517,85.6933040784697,13150.531583101263,1237,0
1093.0,1.2,11.5,-2.4,1883.8602,70.139694,-0.22839999999996508,-0.0005000000001018634,9.999999974752427e-05,0.0039040000000056807,3.399999999942338e-05,-2.100000001803437e-05,3581,0,1,0,1,1,0,1.2,3059.927342573981,85.6889619204355,13152.79221543169,1238,0
1093.75,1.2,11.5,-2.4,1883.6311,70.143654,-0.22910000000001673,-0.0007000000000516593,-0.0001999999999497959,0.003959999999992192,5.5999999986511284e-05,2.1999999987087904e-05,3582,0,1,0,1,1,0,1.2,3059.599043315657,85.68462329137594,13155.052572842103,1239,0
1091.25,1.2,11.5,-2.4,1883.4015,70.14767,-0.2296000000001186,-0.0005000000001018634,0.0001999999999497959,0.004016000000007125,5.6000000014932994e-05,2.842170943040401e-14,3583,0,1,0,1,1,0,1.2,3059.2708631975447,85.68028820396205,13157.312654732506,1240,0
1090.25,1.2,11.5,-2.4,1883.1713,70.15172,-0.23019999999996799,-0.0005999999998493877,-9.999999974752427e-05,0.0040499999999923375,3.3999999985212526e-05,-2.2000000029720468e-05,3584,0,1,0,1,1,0,1.2,3058.9428019525803,85.67595666471409,13159.572460382898,1241,0
1090.25,1.2,11.5,-2.4,1882.9404,70.15582,-0.23090000000001965,-0.0007000000000516593,-0.00010000000020227162,0.004100000000008208,5.000000001587068e-05,1.6000000030658157e-05,3585,0,1,0,1,1,0,1.2,3058.6148592861123,85.6716286846068,13161.83198895328,1242,0
1089.25,1.2,11.5,-2.4,1882.709,70.15997,-0.23139999999989413,-0.0004999999998744897,0.00020000000017716957,0.004149999999995657,4.999999998744897e-05,-2.842170943040401e-14,3586,0,1,0,1,1,0,1.2,3058.287034959576,85.66730427460273,13164.09123984365,1243,0
1087.25,1.2,11.5,-2.4,1882.477,70.16417,-0.2319999999999709,-0.0006000000000767614,-0.00010000000020227162,0.004199999999997317,5.000000000165983e-05,1.4210854715202004e-14,3587,0,1,0,1,1,0,1.2,3057.9593287068005,85.66298344565217,13166.350212334008,1244,0
1085.75,1.2,11.5,-2.4,1882.2446,70.16841,-0.23240000000009786,-0.00040000000012696546,0.0001999999999497959,0.004239999999995803,3.999999999848569e-05,-1.0000000003174137e-05,3588,0,1,0,1,1,0,1.2,3057.631740317637,85.65866620590694,13168.608905944357,1245,0
1085.75,1.2,11.5,-2.4,1882.0115,70.1727,-0.23309999999992215,-0.0006999999998242856,-0.00029999999969732016,0.004290000000011673,5.000000001587068e-05,1.0000000017384991e-05,3589,0,1,0,1,1,0,1.2,3057.3042694986075,85.65435256629527,13170.867319834693,1246,0
1087.75,1.2,11.5,-2.4,1881.778,70.17703,-0.2335000000000491,-0.00040000000012696546,0.00029999999969732016,0.004329999999995948,3.9999999984274837e-05,-1.0000000031595846e-05,3590,0,1,0,1,1,0,1.2,3056.9769160401,85.65004253494848,13173.125453525017,1247,0
1088.75,1.2,11.5,-2.4,1881.5438,70.18141,-0.23420000000010077,-0.0007000000000516593,-0.00029999999992469384,0.004379999999997608,5.000000000165983e-05,1.0000000017384991e-05,3591,0,1,0,1,1,0,1.2,3056.6496796492206,85.64573612277283,13175.383306175332,1248,0
1089.25,1.2,11.5,-2.4,1881.3091,70.18584,-0.23469999999997526,-0.0004999999998744897,0.00020000000017716957,0.004429999999999268,5.000000000165983e-05,0.0,3592,0,1,0,1,1,0,1.2,3056.322560089062,85.6414333406624,13177.640877185635,1249,0
1089.25,1.2,11.5,-2.4,1881.0739,70.19031,-0.23519999999984975,-0.0004999999998744897,0.0,0.0044699999999977535,3.999999999848569e-05,-1.0000000003174137e-05,3593,0,1,0,1,1,0,1.2,3055.9955571229825,85.63713419671676,13179.898165955927,1250,0
1088.25,1.2,11.5,-2.4,1880.8381,70.194824,-0.2358000000001539,-0.000600000000304135,-0.0001000000004296453,0.004514000000000351,4.400000000259752e-05,4.0000000041118255e-06,3594,0,1,0,1,1,0,1.2,3055.6686704867875,85.63283870013909,13182.155171766206,1251,0
1088.75,1.2,11.5,-2.4,1880.6019,70.19939,-0.23620000000005348,-0.0003999999998995918,0.00020000000040454324,0.004565999999996961,5.199999999661031e-05,7.999999994012796e-06,3595,0,1,0,1,1,0,1.2,3055.3418999721916,85.62854686234705,13184.411894136476,1252,0
1088.5,1.2,11.5,-2.4,1880.3651,70.203995,-0.23679999999990287,-0.0005999999998493877,-0.0001999999999497959,0.004605000000012183,3.90000000152213e-05,-1.299999998138901e-05,3596,0,1,0,1,1,0,1.2,3055.015245315541,85.62425869113149,13186.668332346733,1253,0
1089.75,1.2,11.5,-2.4,1880.1278,70.20864,-0.23730000000000473,-0.0005000000001018634,9.999999974752427e-05,0.0046449999999964575,3.9999999984274837e-05,9.999999690535333e-07,3597,0,1,0,1,1,0,1.2,3054.688706281267,85.61997419455253,13188.924485796979,1254,0
1089.25,1.2,11.5,-2.4,1879.89,70.21334,-0.23779999999987922,-0.0004999999998744897,2.2737367544323206e-13,0.004699999999999704,5.5000000003246896e-05,1.500000001897206e-05,3598,0,1,0,1,1,0,1.2,3054.362282634065,85.61569338482913,13191.180353887214,1255,0
1089.0,1.2,11.5,-2.4,1879.6517,70.21808,-0.23830000000020846,-0.0005000000003292371,-4.547473508864641e-13,0.00473999999999819,3.999999999848569e-05,-1.5000000004761205e-05,3599,0,1,0,1,1,0,1.2,3054.035974138889,85.61141626999999,13193.435936017437,1256,0
1088.25,1.2,11.5,-2.4,1879.413,70.222855,-0.23869999999988067,-0.0003999999996722181,0.00010000000065701897,0.004774999999995089,3.499999999689862e-05,-5.000000001587068e-06,3600,0,1,0,1,1,0,1.2,3053.7097805887256,85.60714285670646,13195.69123170765,1257,0
1087.75,1.2,11.5,-2.4,1879.1737,70.227684,-0.23929999999995744,-0.0006000000000767614,-0.00020000000040454324,0.00482900000000086,5.400000000577165e-05,1.900000000887303e-05,3601,0,1,0,1,1,0,1.2,3053.383701721266,85.6028731568573,13197.94624023785,1258,0
1086.75,1.2,11.5,-2.4,1878.934,70.23255,-0.2397000000000844,-0.00040000000012696546,0.0001999999999497959,0.00486600000000692,3.700000000605996e-05,-1.699999999971169e-05,3602,0,1,0,1,1,0,1.2,3053.0577373300025,85.59860717762975,13200.20096112804,1259,0
1086.25,1.2,11.5,-2.4,1878.6937,70.23746,-0.2402999999999338,-0.0005999999998493877,-0.00019999999972242222,0.004909999999995307,4.399999998838666e-05,6.999999982326699e-06,3603,0,1,0,1,1,0,1.2,3052.7318871531634,85.59434492813541,13202.455393658216,1260,0
1085.25,1.2,11.5,-2.4,1878.453,70.24242,-0.24070000000006075,-0.00040000000012696546,0.00019999999972242222,0.004959999999996967,5.000000000165983e-05,6.000000013273166e-06,3604,0,1,0,1,1,0,1.2,3052.4061509847434,85.59008641914008,13204.70953734838,1261,0
1084.25,1.2,11.5,-2.4,1878.2118,70.247406,-0.24119999999993524,-0.0004999999998744897,-9.999999974752427e-05,0.004986000000002377,2.6000000005410584e-05,-2.3999999996249244e-05,3605,0,1,0,1,1,0,1.2,3052.0805285912365,85.58583165474211,13206.963391598536,1262,0
1084.25,1.2,11.5,-2.4,1877.9701,70.25245,-0.2417000000000371,-0.0005000000001018634,-2.2737367544323206e-13,0.00504399999999805,5.7999999995672624e-05,3.199999999026204e-05,3606,0,1,0,1,1,0,1.2,3051.7550197393957,85.58158064790685,13209.216955808679,1263,0
1084.25,1.2,11.5,-2.4,1877.728,70.25753,-0.2420999999999367,-0.0003999999998995918,0.00010000000020227162,0.005080000000006635,3.600000000858472e-05,-2.1999999987087904e-05,3607,0,1,0,1,1,0,1.2,3051.429624223947,85.5773334054878,13211.47022949881,1264,0
1085.25,1.2,11.5,-2.4,1877.4855,70.26265,-0.24250000000006366,-0.00040000000012696546,-2.2737367544323206e-13,0.00511999999999091,3.9999999984274837e-05,3.999999975690116e-06,3608,0,1,0,1,1,0,1.2,3051.104341839845,85.57308993543917,13213.723212188928,1265,0
1084.75,1.2,11.5,-2.4,1877.2424,70.26781,-0.24309999999991305,-0.0005999999998493877,-0.00019999999972242222,0.005160000000003606,4.0000000012696546e-05,2.842170943040401e-14,3609,0,1,0,1,1,0,1.2,3050.77917232687,85.56885024570637,13215.975903159037,1266,0
1083.75,1.2,11.5,-2.4,1876.999,70.27302,-0.24340000000006512,-0.0003000000001520675,0.00029999999969732016,0.005210000000005266,5.000000000165983e-05,9.999999988963282e-06,3610,0,1,0,1,1,0,1.2,3050.4541155081697,85.5646143469953,13218.228302049132,1267,0
1082.25,1.2,11.5,-2.4,1876.7551,70.27826,-0.2438999999999396,-0.0004999999998744897,-0.00019999999972242222,0.0052400000000005775,2.9999999995311555e-05,-2.0000000006348273e-05,3611,0,1,0,1,1,0,1.2,3050.1291711517165,85.5603822444629,13220.480408259216,1268,0
1079.75,1.2,11.5,-2.4,1876.5107,70.28355,-0.24440000000004147,-0.0005000000001018634,-2.2737367544323206e-13,0.005290000000002237,5.000000000165983e-05,2.0000000006348273e-05,3612,0,1,0,1,1,0,1.2,3049.8043390257403,85.55615394879601,13222.732221189288,1269,0
1080.75,1.2,11.5,-2.4,1876.266,70.28887,-0.24469999999996617,-0.00029999999992469384,0.00020000000017716957,0.005319999999997549,2.9999999995311555e-05,-2.0000000006348273e-05,3613,0,1,0,1,1,0,1.2,3049.4796189540675,85.55192946513557,13224.983740479349,1270,0
1081.25,1.2,11.5,-2.4,1876.0209,70.294235,-0.24510000000009313,-0.00040000000012696546,-0.00010000000020227162,0.005364999999997622,4.500000000007276e-05,1.5000000004761205e-05,3614,0,1,0,1,1,0,1.2,3049.1550107330568,85.54770880276625,13227.234965649399,1271,0
1081.5,1.2,11.5,-2.4,1875.7753,70.299644,-0.24559999999996762,-0.0004999999998744897,-9.999999974752427e-05,0.005409000000000219,4.400000000259752e-05,-9.999999974752427e-07,3615,0,1,0,1,1,0,1.2,3048.8305141316373,85.54349197068585,13229.485896099435,1272,0
1083.75,1.2,11.5,-2.4,1875.5293,70.305084,-0.2460000000000946,-0.00040000000012696546,9.999999974752427e-05,0.005439999999993006,3.09999999927868e-05,-1.300000000981072e-05,3616,0,1,0,1,1,0,1.2,3048.506128946641,85.5392789742881,13231.736531349461,1273,0
1082.75,1.2,11.5,-2.4,1875.2828,70.31057,-0.24649999999996908,-0.0004999999998744897,-9.999999974752427e-05,0.005486000000004765,4.600000001175886e-05,1.500000001897206e-05,3617,0,1,0,1,1,0,1.2,3048.1818549474847,85.53506982310668,13233.986870799476,1274,0
1082.5,1.2,11.5,-2.4,1875.036,70.31609,-0.24679999999989377,-0.00029999999992469384,0.0001999999999497959,0.005520000000004188,3.399999999942338e-05,-1.2000000012335477e-05,3618,0,1,0,1,1,0,1.2,3047.8576919591046,85.530864523349,13236.236914089477,1275,0
1082.25,1.2,11.5,-2.4,1874.7888,70.321655,-0.24720000000002074,-0.00040000000012696546,-0.00010000000020227162,0.005565000000004261,4.500000000007276e-05,1.100000000064938e-05,3619,0,1,0,1,1,0,1.2,3047.5336397790056,85.52666308425414,13238.486660739467,1276,0
1082.5,1.2,11.5,-2.4,1874.5411,70.32726,-0.2477000000001226,-0.0005000000001018634,-9.999999997489795e-05,0.005604999999988536,3.9999999984274837e-05,-5.000000015797923e-06,3620,0,1,0,1,1,0,1.2,3047.209698177299,85.52246551367026,13240.736110149444,1277,0
1081.25,1.2,11.5,-2.4,1874.2932,70.3329,-0.24789999999984502,-0.00019999999972242222,0.0003000000003794412,0.005639999999999645,3.500000001110948e-05,-4.999999973165359e-06,3621,0,1,0,1,1,0,1.2,3046.8858670071786,85.51827181805632,13242.98526207941,1278,0
1080.25,1.2,11.5,-2.4,1874.0448,70.33858,-0.24840000000017426,-0.0005000000003292371,-0.00030000000060681487,0.005679999999998131,3.999999999848569e-05,4.9999999873762135e-06,3622,0,1,0,1,1,0,1.2,3046.562146039194,85.51408200524428,13245.234115929365,1279,0
1080.0,1.2,11.5,-2.4,1873.7961,70.34429,-0.24869999999987158,-0.00029999999969732016,0.00020000000063191692,0.005710000000007653,3.000000000952241e-05,-9.999999988963282e-06,3623,0,1,0,1,1,0,1.2,3046.2385350993377,85.509896080298,13247.482671339307,1280,0
1081.75,1.2,11.5,-2.4,1873.547,70.35005,-0.24909999999999854,-0.00040000000012696546,-0.0001000000004296453,0.005759999999995102,4.999999998744897e-05,1.9999999977926564e-05,3624,0,1,0,1,1,0,1.2,3045.9150339862067,85.5057140537931,13249.730927829238,1281,0
1082.0,1.2,11.5,-2.4,1873.2975,70.35584,-0.2495000000001255,-0.00040000000012696546,0.0,0.005790000000004625,3.000000000952241e-05,-1.9999999977926564e-05,3625,0,1,0,1,1,0,1.2,3045.5916424986212,85.5015359307777,13251.978884919155,1282,0
1083.75,1.2,11.5,-2.4,1873.0476,70.36167,-0.24989999999979773,-0.0003999999996722181,4.547473508864641e-13,0.0058300000000031105,3.999999999848569e-05,9.999999988963282e-06,3626,0,1,0,1,1,0,1.2,3045.2683604356216,85.49736171905155,13254.226542129061,1283,0
1085.25,1.2,11.5,-2.4,1872.7975,70.36753,-0.25010000000020227,-0.00020000000040454324,0.00019999999926767487,0.005859999999998422,2.9999999995311555e-05,-1.0000000003174137e-05,3627,0,1,0,1,1,0,1.2,3044.9451876515986,85.49319142364939,13256.473899218956,1284,0
1084.25,1.2,11.5,-2.4,1872.5469,70.373436,-0.2505999999998494,-0.0004999999996471161,-0.0002999999992425728,0.00590599999999597,4.5999999997548e-05,1.6000000002236447e-05,3628,0,1,0,1,1,0,1.2,3044.6221239184347,85.48902505400937,13258.720955588838,1285,0
1084.25,1.2,11.5,-2.4,1872.296,70.37937,-0.25090000000000146,-0.0003000000001520675,0.00019999999949504854,0.005933999999996331,2.800000000036107e-05,-1.7999999997186933e-05,3629,0,1,0,1,1,0,1.2,3044.2991690633608,85.48486261460054,13260.96771087871,1286,0
1084.75,1.2,11.5,-2.4,1872.0448,70.38535,-0.2512000000001535,-0.0003000000001520675,0.0,0.00598000000000809,4.600000001175886e-05,1.8000000011397788e-05,3630,0,1,0,1,1,0,1.2,3043.976322913798,85.48070411484439,13263.214164728566,1287,0
1083.75,1.2,11.5,-2.4,1871.7932,70.391365,-0.25159999999982574,-0.0003999999996722181,-9.99999995201506e-05,0.006014999999990778,3.499999998268777e-05,-1.1000000029071089e-05,3631,0,1,0,1,1,0,1.2,3043.6535852698235,85.47654956112335,13265.460316658413,1288,0
1085.25,1.2,11.5,-2.4,1871.5414,70.39741,-0.2518000000000029,-0.00020000000017716957,0.00019999999949504854,0.0060450000000003,3.000000000952241e-05,-4.999999973165359e-06,3632,0,1,0,1,1,0,1.2,3043.3309559867876,85.47239895843656,13267.706166428246,1289,0
1084.25,1.2,11.5,-2.4,1871.2891,70.40349,-0.2523000000001048,-0.0005000000001018634,-0.00029999999992469384,0.00608000000001141,3.500000001110948e-05,5.000000001587068e-06,3633,0,1,0,1,1,0,1.2,3043.0084348376445,85.46825231315356,13269.951713438068,1290,0
1083.25,1.2,11.5,-2.4,1871.0366,70.40961,-0.25250000000005457,-0.0001999999999497959,0.0003000000001520675,0.0061199999999956844,3.9999999984274837e-05,4.999999973165359e-06,3634,0,1,0,1,1,0,1.2,3042.6860216781292,85.46410963301237,13272.196957447879,1291,0
1083.25,1.2,11.5,-2.4,1870.7837,70.415764,-0.25289999999995416,-0.0003999999998995918,-0.0001999999999497959,0.006153999999995108,3.399999999942338e-05,-5.999999984851456e-06,3635,0,1,0,1,1,0,1.2,3042.363716309131,85.45997092409242,13274.441897977676,1292,0
1084.75,1.2,11.5,-2.4,1870.5305,70.42195,-0.25319999999987886,-0.00029999999992469384,9.999999997489795e-05,0.006185999999999581,3.2000000004472895e-05,-1.9999999949504854e-06,3636,0,1,0,1,1,0,1.2,3042.0415185592524,85.45583619191642,13276.68653466746,1293,0
1083.75,1.2,11.5,-2.4,1870.2771,70.42817,-0.253400000000056,-0.00020000000017716957,9.999999974752427e-05,0.006219999999999004,3.399999999942338e-05,1.9999999949504854e-06,3637,0,1,0,1,1,0,1.2,3041.7194282847718,85.45170544255086,13278.930867277235,1294,0
1084.0,1.2,11.5,-2.4,1870.0233,70.434425,-0.2537999999999556,-0.0003999999998995918,-0.00019999999972242222,0.006255000000010114,3.500000001110948e-05,1.0000000116860974e-06,3638,0,1,0,1,1,0,1.2,3041.397445287167,85.44757868233032,13281.174895326996,1295,0
1083.25,1.2,11.5,-2.4,1869.7693,70.44071,-0.2540000000001328,-0.00020000000017716957,0.00019999999972242222,0.006284999999991214,2.99999999811007e-05,-5.000000030008778e-06,3639,0,1,0,1,1,0,1.2,3041.0755694230766,85.44345591620879,13283.418618576745,1296,0
1082.75,1.2,11.5,-2.4,1869.515,70.44704,-0.2542999999998301,-0.00029999999969732016,-9.99999995201506e-05,0.006330000000005498,4.5000000014283614e-05,1.5000000033182914e-05,3640,0,1,0,1,1,0,1.2,3040.753800521835,85.4393371532546,13285.662036666481,1297,0
1082.25,1.2,11.5,-2.4,1869.2604,70.4534,-0.25460000000020955,-0.0003000000003794412,-6.821210263296962e-13,0.0063600000000008095,2.9999999995311555e-05,-1.500000001897206e-05,3641,0,1,0,1,1,0,1.2,3040.43213841296,85.43522239840748,13287.905149236205,1298,0
1081.25,1.2,11.5,-2.4,1869.0055,70.459785,-0.25489999999990687,-0.00029999999969732016,6.821210263296962e-13,0.006384999999994534,2.4999999993724487e-05,-5.000000001587068e-06,3642,0,1,0,1,1,0,1.2,3040.1105829261596,85.43111165522922,13290.147955925919,1299,0
1081.25,1.2,11.5,-2.4,1868.7502,70.46621,-0.25530000000003383,-0.00040000000012696546,-0.0001000000004296453,0.0064250000000072305,4.0000000012696546e-05,1.500000001897206e-05,3643,0,1,0,1,1,0,1.2,3039.789133863886,85.42700493139407,13292.390456255618,1300,0
1081.25,1.2,11.5,-2.4,1868.4949,70.47267,-0.25530000000003383,0.0,0.00040000000012696546,0.006459999999989918,3.499999998268777e-05,-5.000000030008778e-06,3644,0,1,0,1,1,0,1.2,3039.467791138546,85.42290223319615,13294.632650225305,1301,0
1081.25,1.2,11.5,-2.4,1868.2391,70.47916,-0.2557999999999083,-0.0004999999998744897,-0.0004999999998744897,0.006489999999999441,3.000000000952241e-05,-4.999999973165359e-06,3645,0,1,0,1,1,0,1.2,3039.1465545255073,85.41880356555129,13296.874537234982,1302,0
1079.75,1.2,11.5,-2.4,1867.9832,70.48568,-0.2559000000001106,-0.00010000000020227162,0.0003999999996722181,0.006520000000008963,3.000000000952241e-05,0.0,3646,0,1,0,1,1,0,1.2,3038.8254239100634,85.4147089333699,13299.116117164645,1303,0
1081.75,1.2,11.5,-2.4,1867.7269,70.49223,-0.2563000000000102,-0.0003999999998995918,-0.00029999999969732016,0.006550000000004275,2.9999999995311555e-05,-1.4210854715202004e-14,3647,0,1,0,1,1,0,1.2,3038.504399095395,85.41061834155701,13301.357389534296,1304,0
1082.25,1.2,11.5,-2.4,1867.4705,70.49882,-0.2563999999999851,-9.999999997489795e-05,0.00029999999992469384,0.0065899999999885495,3.9999999984274837e-05,9.999999988963282e-06,3648,0,1,0,1,1,0,1.2,3038.183479967114,85.40653179775282,13303.598354223934,1305,0
1081.25,1.2,11.5,-2.4,1867.2139,70.50543,-0.2565999999999349,-0.0001999999999497959,-9.999999997489795e-05,0.006610000000009109,2.0000000020559128e-05,-1.999999996371571e-05,3649,0,1,0,1,1,0,1.2,3037.8626663835616,85.40244930410958,13305.83901099356,1306,0
1082.75,1.2,11.5,-2.4,1866.9569,70.512085,-0.25700000000006185,-0.00040000000012696546,-0.00020000000017716957,0.0066549999999949705,4.4999999985861905e-05,2.4999999965302777e-05,3650,0,1,0,1,1,0,1.2,3037.5419581484525,85.39837086962476,13308.079359363173,1307,0
1082.5,1.2,11.5,-2.4,1866.6997,70.51876,-0.25720000000001164,-0.0001999999999497959,0.00020000000017716957,0.006675000000001319,2.0000000006348273e-05,-2.4999999979513632e-05,3651,0,1,0,1,1,0,1.2,3037.2213551204823,85.3942964964403,13310.319399092776,1308,0
1082.75,1.2,11.5,-2.4,1866.4424,70.525475,-0.25729999999998654,-9.999999997489795e-05,9.999999997489795e-05,0.0067149999999998045,3.999999999848569e-05,1.9999999992137418e-05,3652,0,1,0,1,1,0,1.2,3036.9008571858744,85.39022619217083,13312.559130062366,1309,0
1083.0,1.2,11.5,-2.4,1866.1847,70.53221,-0.25769999999988613,-0.0003999999998995918,-0.00029999999992469384,0.006735000000006153,2.0000000006348273e-05,-1.9999999992137418e-05,3653,0,1,0,1,1,0,1.2,3036.580464148878,85.3861599589491,13314.798551791942,1310,0
1083.0,1.2,11.5,-2.4,1865.9269,70.53899,-0.2578000000000884,-0.00010000000020227162,0.00029999999969732016,0.006779999999992015,4.4999999985861905e-05,2.4999999979513632e-05,3654,0,1,0,1,1,0,1.2,3036.2601758960327,85.38209780574556,13317.037664161506,1311,0
1080.75,1.2,11.5,-2.4,1865.669,70.545784,-0.2578999999998359,-9.999999974752427e-05,4.547473508864641e-13,0.006793999999999301,1.4000000007285962e-05,-3.099999997857594e-05,3655,0,1,0,1,1,0,1.2,3035.9399923140045,85.37803973304158,13319.276467051059,1312,0
1081.75,1.2,11.5,-2.4,1865.4106,70.55262,-0.25840000000016516,-0.0005000000003292371,-0.0004000000005817128,0.006836000000006948,4.200000000764703e-05,2.800000000036107e-05,3656,0,1,0,1,1,0,1.2,3035.6199131802027,85.37398574897458,13321.514959860599,1313,0
1080.25,1.2,11.5,-2.4,1865.1522,70.55948,-0.2583999999999378,2.2737367544323206e-13,0.0005000000005566108,0.006859999999988986,2.399999998203839e-05,-1.8000000025608642e-05,3657,0,1,0,1,1,0,1.2,3035.2999384089667,85.36993585675232,13323.753142590125,1314,0
1080.5,1.2,11.5,-2.4,1864.8936,70.56637,-0.2585999999998876,-0.0001999999999497959,-0.00020000000017716957,0.006890000000012719,3.0000000023733264e-05,6.000000041694875e-06,3658,0,1,0,1,1,0,1.2,3034.980067860071,85.36589006121892,13325.991014999641,1315,0
1081.75,1.2,11.5,-2.4,1864.6348,70.57329,-0.25880000000006476,-0.00020000000017716957,-2.2737367544323206e-13,0.00691999999999382,2.99999999811007e-05,-4.263256414560601e-14,3659,0,1,0,1,1,0,1.2,3034.6603013934423,85.36184836721311,13328.228576849144,1316,0
1081.25,1.2,11.5,-2.4,1864.3757,70.58024,-0.25909999999998945,-0.00029999999992469384,-9.999999974752427e-05,0.006950000000003342,3.000000000952241e-05,2.842170943040401e-14,3660,0,1,0,1,1,0,1.2,3034.3406388418466,85.35781077956842,13330.465827778633,1317,0
1081.5,1.2,11.5,-2.4,1864.1166,70.58721,-0.25909999999998945,0.0,0.00029999999992469384,0.00696999999999548,1.9999999992137418e-05,-1.0000000017384991e-05,3661,0,1,0,1,1,0,1.2,3034.021080120153,85.3537773003823,13332.70276778811,1318,0
1081.75,1.2,11.5,-2.4,1863.8573,70.594215,-0.2593000000001666,-0.00020000000017716957,-0.00020000000017716957,0.007005000000006589,3.500000001110948e-05,1.500000001897206e-05,3662,0,1,0,1,1,0,1.2,3033.701625088725,85.34974793584493,13334.939396637576,1319,0
1083.25,1.2,11.5,-2.4,1863.5978,70.60125,-0.25949999999988904,-0.00019999999972242222,4.547473508864641e-13,0.00703499999998769,2.99999999811007e-05,-5.000000030008778e-06,3663,0,1,0,1,1,0,1.2,3033.3822736080783,85.3457226907751,13337.175714087029,1320,0
1084.75,1.2,11.5,-2.4,1863.338,70.608315,-0.2598000000000411,-0.0003000000001520675,-0.0001000000004296453,0.007065000000011423,3.0000000023733264e-05,4.263256414560601e-14,3664,0,1,0,1,1,0,1.2,3033.0630255115966,85.34170156998637,13339.411719776468,1321,0
1085.0,1.2,11.5,-2.4,1863.0782,70.6154,-0.2598000000000411,0.0,0.0003000000001520675,0.00708499999998935,1.9999999977926564e-05,-1.00000000458067e-05,3665,0,1,0,1,1,0,1.2,3032.7438807146755,85.33768457555918,13341.647413705896,1322,0
1085.75,1.2,11.5,-2.4,1862.8182,70.62252,-0.2599999999999909,-0.0001999999999497959,-0.0001999999999497959,0.007120000000000459,3.500000001110948e-05,1.5000000033182914e-05,3666,0,1,0,1,1,0,1.2,3032.4248390782654,85.3336717136624,13343.882795635313,1323,0
1085.25,1.2,11.5,-2.4,1862.5581,70.62966,-0.2600999999999658,-9.999999997489795e-05,9.999999997489795e-05,0.007140000000006808,2.0000000006348273e-05,-1.5000000004761205e-05,3667,0,1,0,1,1,0,1.2,3032.1059004907306,85.32966298636859,13346.117865444714,1324,0
1084.75,1.2,11.5,-2.4,1862.2979,70.63683,-0.2601999999999407,-9.999999997489795e-05,0.0,0.007170000000002119,2.9999999995311555e-05,9.999999988963282e-06,3668,0,1,0,1,1,0,1.2,3031.787064840556,85.3256583984737,13348.352623014105,1325,0
1084.25,1.2,11.5,-2.4,1862.0374,70.64403,-0.26050000000009277,-0.0003000000001520675,-0.00020000000017716957,0.007199999999997431,2.9999999995311555e-05,0.0,3669,0,1,0,1,1,0,1.2,3031.468331961853,85.32165795476838,13350.587067983482,1326,0
1084.25,1.2,11.5,-2.4,1861.7769,70.65125,-0.2604999999998654,2.2737367544323206e-13,0.0003000000003794412,0.007220000000003779,2.0000000006348273e-05,-9.999999988963282e-06,3670,0,1,0,1,1,0,1.2,3031.1497017706347,85.31766165731408,13352.821200352848,1327,0
1085.25,1.2,11.5,-2.4,1861.5161,70.6585,-0.26080000000001746,-0.0003000000001520675,-0.0003000000003794412,0.0072499999999990905,2.9999999995311555e-05,9.999999988963282e-06,3671,0,1,0,1,1,0,1.2,3030.831174101307,85.31366951089325,13355.055019762201,1328,0
1085.5,1.2,11.5,-2.4,1861.2554,70.66578,-0.26070000000004256,9.999999997489795e-05,0.00040000000012696546,0.007279999999994402,2.9999999995311555e-05,0.0,3672,0,1,0,1,1,0,1.2,3030.512748897359,85.30968152028314,13357.28852633154,1329,0
1085.25,1.2,11.5,-2.4,1860.9945,70.67308,-0.26089999999999236,-0.0001999999999497959,-0.00029999999992469384,0.00730000000000075,2.0000000006348273e-05,-9.999999988963282e-06,3673,0,1,0,1,1,0,1.2,3030.194426020686,85.30569768753402,13359.521719820868,1330,0
1085.25,1.2,11.5,-2.4,1860.7334,70.680405,-0.26109999999994216,-0.0001999999999497959,0.0,0.007324999999994475,2.4999999993724487e-05,4.9999999873762135e-06,3674,0,1,0,1,1,0,1.2,3029.8762053333335,85.30171801605442,13361.754599990183,1331,0
1084.25,1.2,11.5,-2.4,1860.4723,70.68776,-0.26110000000016953,-2.2737367544323206e-13,0.00019999999972242222,0.007355000000003997,3.000000000952241e-05,5.000000015797923e-06,3675,0,1,0,1,1,0,1.2,3029.5580867519043,85.29774251060937,13363.987166839486,1332,0
1084.5,1.2,11.5,-2.4,1860.211,70.69514,-0.26129999999989195,-0.00019999999972242222,-0.00019999999949504854,0.007379999999997722,2.4999999993724487e-05,-5.000000015797923e-06,3676,0,1,0,1,1,0,1.2,3029.2400701387,85.29377117459885,13366.219420128777,1333,0
1085.25,1.2,11.5,-2.4,1859.9497,70.70254,-0.2613000000001193,-2.2737367544323206e-13,0.00019999999949504854,0.00740000000000407,2.0000000006348273e-05,-4.9999999873762135e-06,3677,0,1,0,1,1,0,1.2,3028.9221554105493,85.28980401005981,13368.451359858054,1334,0
1085.5,1.2,11.5,-2.4,1859.6884,70.70997,-0.26129999999989195,2.2737367544323206e-13,4.547473508864641e-13,0.0074299999999993815,2.9999999995311555e-05,9.999999988963282e-06,3678,0,1,0,1,1,0,1.2,3028.6043424843706,85.28584102174503,13370.68298602732,1335,0
1084.75,1.2,11.5,-2.4,1859.4269,70.717415,-0.2615000000000691,-0.00020000000017716957,-0.00020000000040454324,0.007445000000004143,1.5000000004761205e-05,-1.499999999055035e-05,3679,0,1,0,1,1,0,1.2,3028.286631222826,85.28188221032609,13372.914298396572,1336,0
1084.5,1.2,11.5,-2.4,1859.1653,70.72489,-0.261600000000044,-9.999999997489795e-05,0.00010000000020227162,0.007474999999999454,2.9999999995311555e-05,1.499999999055035e-05,3680,0,1,0,1,1,0,1.2,3027.9690215158926,85.27792758054876,13375.145296845812,1337,0
1084.5,1.2,11.5,-2.4,1858.9036,70.73239,-0.26169999999979154,-9.999999974752427e-05,2.2737367544323206e-13,0.007499999999993179,2.4999999993724487e-05,-5.000000001587068e-06,3681,0,1,0,1,1,0,1.2,3027.6515132536665,85.27397713579577,13377.37598125504,1338,0
1084.5,1.2,11.5,-2.4,1858.6418,70.739914,-0.2617999999999938,-0.00010000000020227162,-4.547473508864641e-13,0.007524000000003639,2.40000000104601e-05,-9.99999983264388e-07,3682,0,1,0,1,1,0,1.2,3027.3341063263642,85.27003087917458,13379.606351504253,1339,0
1084.75,1.2,11.5,-2.4,1858.3801,70.74746,-0.2617000000000189,9.999999997489795e-05,0.00020000000017716957,0.007546000000004938,2.200000000129876e-05,-2.00000000916134e-06,3683,0,1,0,1,1,0,1.2,3027.0168006786103,85.26608881324647,13381.836407713456,1340,0
1085.25,1.2,11.5,-2.4,1858.1183,70.75503,-0.2617999999999938,-9.999999997489795e-05,-0.0001999999999497959,0.007570000000001187,2.3999999996249244e-05,1.9999999949504854e-06,3684,0,1,0,1,1,0,1.2,3026.699596200814,85.26215094111261,13384.066149762646,1341,0
1085.5,1.2,11.5,-2.4,1857.8563,70.76262,-0.262000000000171,-0.00020000000017716957,-0.00010000000020227162,0.007589999999993324,1.9999999992137418e-05,-4.0000000041118255e-06,3685,0,1,0,1,1,0,1.2,3026.3824927563755,85.25821726478567,13386.295577411824,1342,0
1086.25,1.2,11.5,-2.4,1857.5944,70.770226,-0.2618999999999687,0.00010000000020227162,0.0003000000003794412,0.007605999999995561,1.6000000002236447e-05,-3.999999989900971e-06,3686,0,1,0,1,1,0,1.2,3026.065490290209,85.25428778519121,13388.524690780987,1343,0
1084.25,1.1,11.5,-2.4,1857.3324,70.77786,-0.2619999999999436,-9.999999997489795e-05,-0.00020000000017716957,0.007634000000010133,2.8000000014571924e-05,1.2000000012335477e-05,3687,0,1,0,1,1,0,1.2999999999999998,3025.7485886930585,85.2503625065076,13390.75348975014,1344,0
1084.25,1.1,11.5,-2.4,1857.0703,70.78552,-0.2620999999999185,-9.999999997489795e-05,0.0,0.007660000000001332,2.599999999119973e-05,-2.000000023372195e-06,3688,0,1,0,1,1,0,1.2999999999999998,3025.431787855787,85.2464414323665,13392.98197419928,1345,0
1083.25,1.1,11.5,-2.4,1856.8083,70.793205,-0.262000000000171,9.999999974752427e-05,0.00019999999972242222,0.007684999999995057,2.4999999993724487e-05,-9.999999974752427e-07,3689,0,1,0,1,1,0,1.2999999999999998,3025.115087723577,85.24252456612466,13395.210144248405,1346,0
1084.25,1.1,11.5,-2.4,1856.5461,70.8009,-0.2621999999998934,-0.00019999999972242222,-0.0002999999994699465,0.007694999999998231,1.0000000003174137e-05,-1.499999999055035e-05,3690,0,1,0,1,1,0,1.2999999999999998,3024.7984881603898,85.23861190707126,13397.437999657519,1347,0
1085.75,1.1,11.5,-2.4,1856.284,70.808624,-0.2620999999999185,9.999999997489795e-05,0.00029999999969732016,0.007723999999996067,2.8999999997836312e-05,1.8999999994662176e-05,3691,0,1,0,1,1,0,1.2999999999999998,3024.4819891115926,85.23470345964247,13399.66554054662,1348,0
1084.25,1.1,11.5,-2.4,1856.022,70.81637,-0.262000000000171,9.999999974752427e-05,-2.2737367544323206e-13,0.007746000000011577,2.2000000015509613e-05,-6.999999982326699e-06,3692,0,1,0,1,1,0,1.2999999999999998,3024.1655905226107,85.23079922637423,13401.89276703571,1349,0
1083.75,1.1,11.5,-2.4,1855.7598,70.824135,-0.2621999999998934,-0.00019999999972242222,-0.0002999999994699465,0.007764999999992028,1.899999998045132e-05,-3.0000000350582923e-06,3693,0,1,0,1,1,0,1.2999999999999998,3023.8492922577148,85.22689920898755,13404.119678884786,1350,0
1084.75,1.1,11.5,-2.4,1855.4977,70.83192,-0.2621000000001459,9.999999974752427e-05,0.0002999999994699465,0.0077849999999983766,2.0000000006348273e-05,1.0000000258969521e-06,3694,0,1,0,1,1,0,1.2999999999999998,3023.533094262517,85.22300340947226,13406.346276213852,1351,0
1084.75,1.1,11.5,-2.4,1855.2355,70.83972,-0.2621999999998934,-9.999999974752427e-05,-0.00019999999949504854,0.007800000000003138,1.5000000004761205e-05,-5.000000001587068e-06,3695,0,1,0,1,1,0,1.2999999999999998,3023.2169964285713,85.2191118284632,13408.572558902903,1352,0
1086.25,1.1,11.5,-2.4,1854.9734,70.84755,-0.2620999999999185,9.999999997489795e-05,0.00019999999972242222,0.00782999999999845,2.9999999995311555e-05,1.499999999055035e-05,3696,0,1,0,1,1,0,1.2999999999999998,3022.90099870165,85.21522447065188,13410.79852707194,1353,0
1086.25,1.1,11.5,-2.4,1854.7112,70.85539,-0.2622000000001208,-0.00010000000020227162,-0.00020000000017716957,0.007840000000001623,1.0000000003174137e-05,-1.9999999992137418e-05,3697,0,1,0,1,1,0,1.2999999999999998,3022.5851009734993,85.21134133531639,13413.024180600967,1354,0
1086.25,1.1,11.5,-2.4,1854.4491,70.86326,-0.2620999999999185,0.00010000000020227162,0.00020000000040454324,0.007869999999996935,2.9999999995311555e-05,1.9999999992137418e-05,3698,0,1,0,1,1,0,1.2999999999999998,3022.2693031900512,85.20746242714246,13415.24951960998,1355,0
1085.75,1.1,11.5,-2.4,1854.187,70.87115,-0.2621000000001459,-2.2737367544323206e-13,-0.0001000000004296453,0.007890000000003283,2.0000000006348273e-05,-9.999999988963282e-06,3699,0,1,0,1,1,0,1.2999999999999998,3021.9536052702706,85.2035877481081,13417.474544098981,1356,0
1086.0,1.1,11.5,-2.4,1853.9249,70.87904,-0.2620999999999185,2.2737367544323206e-13,4.547473508864641e-13,0.007890000000003283,0.0,-2.0000000006348273e-05,3700,0,1,0,1,1,0,1.2999999999999998,3021.6380071332073,85.1997172947852,13419.69925406797,1357,0
1086.25,1.1,11.5,-2.4,1853.6628,70.88697,-0.2620999999999185,0.0,-2.2737367544323206e-13,0.007930000000001769,3.999999999848569e-05,3.999999999848569e-05,3701,0,1,0,1,1,0,1.2999999999999998,3021.3225086980015,85.1958510745543,13421.923649516946,1358,0
1086.25,1.1,11.5,-2.4,1853.4008,70.89491,-0.262000000000171,9.999999974752427e-05,9.999999974752427e-05,0.007939999999990732,9.999999988963282e-06,-3.000000000952241e-05,3702,0,1,0,1,1,0,1.2999999999999998,3021.007109910883,85.19198908668646,13424.147730565908,1359,0
1085.25,1.1,11.5,-2.4,1853.1388,70.90287,-0.2619999999999436,2.2737367544323206e-13,-9.99999995201506e-05,0.00795999999999708,2.0000000006348273e-05,1.0000000017384991e-05,3703,0,1,0,1,1,0,1.2999999999999998,3020.691810691145,85.18813133315334,13426.37149721486,1360,0
1084.25,1.1,11.5,-2.4,1852.877,70.91084,-0.2617999999999938,0.0001999999999497959,0.00019999999972242222,0.007970000000000255,1.0000000003174137e-05,-1.0000000003174137e-05,3704,0,1,0,1,1,0,1.2999999999999998,3020.376611012146,85.18427781322538,13428.594949703798,1361,0
1084.75,1.1,11.5,-2.4,1852.615,70.91884,-0.2619999999999436,-0.0001999999999497959,-0.0003999999998995918,0.008000000000009777,3.000000000952241e-05,2.0000000006348273e-05,3705,0,1,0,1,1,0,1.2999999999999998,3020.0615107393414,85.18042853157043,13430.818087792723,1362,0
1084.25,1.1,11.5,-2.4,1852.3531,70.92686,-0.2618999999999687,9.999999997489795e-05,0.00029999999992469384,0.008020000000001914,1.9999999992137418e-05,-1.0000000017384991e-05,3706,0,1,0,1,1,0,1.2999999999999998,3019.7465098192606,85.17658349015376,13433.040911601636,1363,0
1083.25,1.1,11.5,-2.4,1852.0914,70.93488,-0.2617000000000189,0.0001999999999497959,9.999999997489795e-05,0.008020000000001914,0.0,-1.9999999992137418e-05,3707,0,1,0,1,1,0,1.2999999999999998,3019.4316082254586,85.17274268554476,13435.263421370537,1364,0
1083.0,1.1,11.5,-2.4,1851.8297,70.94293,-0.2617000000000189,0.0,-0.0001999999999497959,0.008049999999997226,2.9999999995311555e-05,2.9999999995311555e-05,3708,0,1,0,1,1,0,1.2999999999999998,3019.1168058775947,85.16890612240496,13437.485617099424,1365,0
1082.25,1.1,11.5,-2.4,1851.5681,70.951,-0.261600000000044,9.999999997489795e-05,9.999999997489795e-05,0.008069999999989363,1.9999999992137418e-05,-1.0000000003174137e-05,3709,0,1,0,1,1,0,1.2999999999999998,3018.802102722372,85.16507380269542,13439.7074989083,1366,0
1082.0,1.1,11.5,-2.4,1851.3065,70.959076,-0.261600000000044,0.0,-9.999999997489795e-05,0.008076000000002637,6.000000013273166e-06,-1.3999999978864253e-05,3710,0,1,0,1,1,0,1.2999999999999998,3018.4874986796012,85.16124572460254,13441.929066797162,1367,0
1083.25,1.1,11.5,-2.4,1851.045,70.96717,-0.26149999999984175,0.00010000000020227162,0.00010000000020227162,0.008093999999999824,1.7999999997186933e-05,1.1999999983913767e-05,3711,0,1,0,1,1,0,1.2999999999999998,3018.1729936961206,85.15742188954741,13444.150320886012,1368,0
1083.25,1.1,11.5,-2.4,1850.7837,70.97529,-0.2613000000001193,0.00019999999972242222,9.99999995201506e-05,0.008120000000005234,2.6000000005410584e-05,8.000000008223651e-06,3712,0,1,0,1,1,0,1.2999999999999998,3017.858587745758,85.15360230110423,13446.37126141485,1369,0
1082.25,1.1,11.5,-2.4,1850.5223,70.98341,-0.26139999999986685,-9.999999974752427e-05,-0.0002999999994699465,0.008120000000005234,0.0,-2.6000000005410584e-05,3713,0,1,0,1,1,0,1.2999999999999998,3017.5442807215936,85.14978695584276,13448.591888263676,1370,0
1083.25,1.1,11.5,-2.4,1850.2611,70.99156,-0.26120000000014443,0.00019999999972242222,0.0002999999994699465,0.008150000000000546,2.9999999995311555e-05,2.9999999995311555e-05,3714,0,1,0,1,1,0,1.2999999999999998,3017.2300725975774,85.14597585841184,13450.812201672488,1371,0
1083.75,1.1,11.5,-2.4,1850.0,70.99972,-0.26109999999994216,0.00010000000020227162,-9.99999995201506e-05,0.008159999999989509,9.999999988963282e-06,-2.0000000006348273e-05,3715,0,1,0,1,1,0,1.2999999999999998,3016.915963320775,85.1421690080732,13453.032201761287,1372,0
1085.25,1.1,11.5,-2.4,1849.739,71.0079,-0.26099999999996726,9.999999997489795e-05,-2.2737367544323206e-13,0.008180000000010068,2.0000000020559128e-05,1.0000000031595846e-05,3716,0,1,0,1,1,0,1.2999999999999998,3016.6019528383104,85.13836640677965,13455.251888650075,1373,0
1086.25,1.1,11.5,-2.4,1849.4781,71.01609,-0.26089999999999236,9.999999997489795e-05,0.0,0.008189999999999031,9.999999988963282e-06,-1.0000000031595846e-05,3717,0,1,0,1,1,0,1.2999999999999998,3016.288041097364,85.13456805379235,13457.47126245885,1374,0
1086.25,1.1,11.5,-2.4,1849.2174,71.02429,-0.26070000000004256,0.0001999999999497959,9.999999997489795e-05,0.008199999999987995,9.999999988963282e-06,0.0,3718,0,1,0,1,1,0,1.2999999999999998,3015.9742280720625,85.13077394837322,13459.690323427612,1375,0
1085.25,1.1,11.5,-2.4,1848.9568,71.03251,-0.26060000000006767,9.999999997489795e-05,-9.999999997489795e-05,0.008220000000008554,2.0000000020559128e-05,1.0000000031595846e-05,3719,0,1,0,1,1,0,1.2999999999999998,3015.660513709677,85.12698409247312,13461.909071676362,1376,0
1084.75,1.1,11.5,-2.4,1848.6963,71.04075,-0.2604999999998654,0.00010000000020227162,2.2737367544323206e-13,0.008240000000000691,1.9999999992137418e-05,-2.842170943040401e-14,3720,0,1,0,1,1,0,1.2999999999999998,3015.346897957538,85.12319848804084,13464.1275073251,1377,0
1083.75,1.1,11.5,-2.4,1848.4359,71.048996,-0.26040000000011787,9.999999974752427e-05,-4.547473508864641e-13,0.008245999999999754,5.999999999062311e-06,-1.3999999993075107e-05,3721,0,1,0,1,1,0,1.2999999999999998,3015.033380763031,85.11941713326169,13466.345630493825,1378,0
1083.5,1.1,11.5,-2.4,1848.1757,71.05726,-0.2601999999999407,0.00020000000017716957,0.0001000000004296453,0.00826399999999694,1.7999999997186933e-05,1.1999999998124622e-05,3722,0,1,0,1,1,0,1.2999999999999998,3014.7199621004565,85.11564002954606,13468.563441422537,1379,0
1083.25,1.1,11.5,-2.4,1847.9155,71.06553,-0.2601999999999407,0.0,-0.00020000000017716957,0.008269999999996003,5.999999999062311e-06,-1.1999999998124622e-05,3723,0,1,0,1,1,0,1.2999999999999998,3014.4066418904404,85.11186717508056,13470.780940111237,1380,0
1085.25,1.1,11.5,-2.4,1847.6556,71.07382,-0.259900000000016,0.00029999999992469384,0.00029999999992469384,0.008290000000002351,2.0000000006348273e-05,1.4000000007285962e-05,3724,0,1,0,1,1,0,1.2999999999999998,3014.0934201342284,85.10809857181208,13472.998126919925,1381,0
1085.25,1.1,11.5,-2.4,1847.3959,71.08212,-0.2597000000000662,0.0001999999999497959,-9.999999997489795e-05,0.008300000000005525,1.0000000003174137e-05,-1.0000000003174137e-05,3725,0,1,0,1,1,0,1.2999999999999998,3013.7802968062265,85.10433421900161,13475.2150020886,1382,0
1084.25,1.1,11.5,-2.4,1847.1362,71.09043,-0.2597000000000662,0.0,-0.0001999999999497959,0.008309999999994488,9.999999988963282e-06,-1.4210854715202004e-14,3726,0,1,0,1,1,0,1.2999999999999998,3013.467271827207,85.10057411591092,13477.431565617262,1383,0
1083.75,1.1,11.5,-2.4,1846.8767,71.09876,-0.25949999999988904,0.00020000000017716957,0.00020000000017716957,0.008330000000000837,2.0000000006348273e-05,1.0000000017384991e-05,3727,0,1,0,1,1,0,1.2999999999999998,3013.154345171674,85.09681826448497,13479.647817745912,1384,0
1084.75,1.1,11.5,-2.4,1846.6174,71.1071,-0.25929999999993925,0.0001999999999497959,-2.2737367544323206e-13,0.008340000000004011,1.0000000003174137e-05,-1.0000000003174137e-05,3728,0,1,0,1,1,0,1.2999999999999998,3012.8415168141596,85.09306666398498,13481.86375871455,1385,0
1085.0,1.1,11.5,-2.4,1846.3583,71.11545,-0.25909999999998945,0.0001999999999497959,0.0,0.008349999999992974,9.999999988963282e-06,-1.4210854715202004e-14,3729,0,1,0,1,1,0,1.2999999999999998,3012.5287867292227,85.08931931367292,13484.079388763175,1386,0
1082.75,1.1,11.5,-2.4,1846.0994,71.12381,-0.25890000000003965,0.0001999999999497959,0.0,0.00836000000001036,1.0000000017384991e-05,2.842170943040401e-14,3730,0,1,0,1,1,0,1.2999999999999998,3012.21615489145,85.08557621281157,13486.294708131789,1387,0
1082.75,1.1,11.5,-2.4,1845.8406,71.13219,-0.25880000000006476,9.999999997489795e-05,-9.999999997489795e-05,0.008379999999988286,1.9999999977926564e-05,9.999999960541572e-06,3731,0,1,0,1,1,0,1.2999999999999998,3011.9036212486603,85.08183736334405,13488.509716940389,1388,0
1081.25,1.1,11.5,-2.4,1845.582,71.14057,-0.2585999999998876,0.00020000000017716957,0.00010000000020227162,0.008380000000002497,1.4210854715202004e-14,-1.999999996371571e-05,3732,0,1,0,1,1,0,1.2999999999999998,3011.591185775516,85.07810276185374,13490.724415428976,1389,0
1081.25,1.1,11.5,-2.4,1845.3236,71.14897,-0.25840000000016516,0.00019999999972242222,-4.547473508864641e-13,0.008400000000008845,2.0000000006348273e-05,1.9999999992137418e-05,3733,0,1,0,1,1,0,1.2999999999999998,3011.278848446706,85.07437241028387,13492.938803837553,1390,0
1081.0,1.1,11.5,-2.4,1845.0654,71.15737,-0.258199999999988,0.00020000000017716957,4.547473508864641e-13,0.008399999999994634,-1.4210854715202004e-14,-2.0000000020559128e-05,3734,0,1,0,1,1,0,1.2999999999999998,3010.9666092369475,85.07064630522089,13495.152882406115,1391,0
1081.0,1.1,10.5,-2.4,1844.8075,71.165794,-0.2579000000000633,0.00029999999992469384,9.999999974752427e-05,0.008424000000005094,2.40000000104601e-05,2.4000000024670953e-05,3735,0,1,0,1,1,0,1.2999999999999998,3010.6544681477517,85.0669244496788,13497.366651494665,1392,0
1082.25,1.1,10.5,-2.4,1844.5498,71.17422,-0.25769999999988613,0.00020000000017716957,-9.999999974752427e-05,0.008426000000000045,1.9999999949504854e-06,-2.2000000015509613e-05,3736,0,1,0,1,1,0,1.2999999999999998,3010.3424251538668,85.06320684078138,13499.580111343204,1393,0
1082.0,1.1,10.5,-2.4,1844.2922,71.182655,-0.25759999999991123,9.999999997489795e-05,-0.00010000000020227162,0.008434999999991533,8.999999991488039e-06,6.999999996537554e-06,3737,0,1,0,1,1,0,1.2999999999999998,3010.0304802033174,85.0594934775281,13501.793262071731,1394,0
1083.75,1.1,10.5,-2.4,1844.0349,71.19111,-0.25729999999998654,0.00029999999992469384,0.0001999999999497959,0.008454999999997881,2.0000000006348273e-05,1.1000000014860234e-05,3738,0,1,0,1,1,0,1.2999999999999998,3009.7186332976735,85.05578436186147,13504.006104040243,1395,0
1084.0,1.1,10.5,-2.4,1843.7778,71.19956,-0.25710000000003674,0.0001999999999497959,-9.999999997489795e-05,0.008450000000010505,-4.9999999873762135e-06,-2.4999999993724487e-05,3739,0,1,0,1,1,0,1.2999999999999998,3009.4068844117646,85.05207948903742,13506.218637488746,1396,0
1084.75,1.1,10.5,-2.4,1843.521,71.20803,-0.25680000000011205,0.00029999999992469384,9.999999997489795e-05,0.008469999999988431,1.9999999977926564e-05,2.4999999965302777e-05,3740,0,1,0,1,1,0,1.2999999999999998,3009.0952335471798,85.04837886099973,13508.430862777235,1397,0
1085.0,1.1,10.5,-2.4,1843.2643,71.21651,-0.2566999999999098,0.00010000000020227162,-0.00019999999972242222,0.008480000000005816,1.0000000017384991e-05,-9.999999960541572e-06,3741,0,1,0,1,1,0,1.2999999999999998,3008.7836806520577,85.04468247701764,13510.642780025712,1398,0
1085.75,1.1,10.5,-2.4,1843.0079,71.22499,-0.2563999999999851,0.00029999999992469384,0.00019999999972242222,0.008480000000005816,0.0,-1.0000000017384991e-05,3742,0,1,0,1,1,0,1.2999999999999998,3008.4722257280255,85.04099033368955,13512.854389594175,1399,0
1086.25,1.1,10.5,-2.4,1842.7518,71.23348,-0.2561000000000604,0.00029999999992469384,0.0,0.00848999999999478,9.999999988963282e-06,9.999999988963282e-06,3743,0,1,0,1,1,0,1.2999999999999998,3008.1608687767093,85.03730243028846,13515.065691842628,1400,0
1086.75,1.1,10.5,-2.4,1842.496,71.24198,-0.2557999999999083,0.0003000000001520675,2.2737367544323206e-13,0.008499999999997954,1.0000000003174137e-05,1.4210854715202004e-14,3744,0,1,0,1,1,0,1.2999999999999998,3007.8496097997327,85.03361876608811,13517.276687131067,1401,0
1085.75,1.1,10.5,-2.4,1842.2404,71.250496,-0.2556000000001859,0.00019999999972242222,-0.0001000000004296453,0.00851600000000019,1.6000000002236447e-05,5.999999999062311e-06,3745,0,1,0,1,1,0,1.2999999999999998,3007.538448772024,85.02993934196476,13519.487375699495,1402,0
1087.25,1.1,10.5,-2.4,1841.985,71.25901,-0.25540000000000873,0.00020000000017716957,4.547473508864641e-13,0.00851400000000524,-1.9999999949504854e-06,-1.7999999997186933e-05,3746,0,1,0,1,1,0,1.2999999999999998,3007.2273856685347,85.02626415398986,13521.69775778791,1403,0
1087.75,1.1,10.5,-2.4,1841.7299,71.26754,-0.25509999999985666,0.0003000000001520675,9.999999997489795e-05,0.008529999999993265,1.5999999988025593e-05,1.7999999982976078e-05,3747,0,1,0,1,1,0,1.2999999999999998,3006.916420490929,85.02259320304161,13523.907833756313,1404,0
1086.75,1.1,10.5,-2.4,1841.4751,71.27607,-0.25479999999993197,0.00029999999992469384,-2.2737367544323206e-13,0.008530000000007476,1.4210854715202004e-14,-1.5999999973814738e-05,3748,0,1,0,1,1,0,1.2999999999999998,3006.6055532408645,85.01892648572952,13526.117603964703,1405,0
1085.25,1.1,10.5,-2.4,1841.2206,71.28461,-0.2545000000000073,0.00029999999992469384,0.0,0.00853999999999644,9.999999988963282e-06,9.999999974752427e-06,3749,0,1,0,1,1,0,1.2999999999999998,3006.29478392,85.01526400133334,13528.327068773082,1406,0
1085.75,1.1,10.5,-2.4,1840.9663,71.29315,-0.2543000000000575,0.0001999999999497959,-9.999999997489795e-05,0.00853999999999644,0.0,-9.999999988963282e-06,3750,0,1,0,1,1,0,1.2999999999999998,3005.984112503332,85.01160574646761,13530.53622842145,1407,0
1085.75,1.1,10.5,-2.4,1840.7123,71.301704,-0.2540000000001328,0.00029999999992469384,9.999999997489795e-05,0.008554000000003725,1.4000000007285962e-05,1.4000000007285962e-05,3751,0,1,0,1,1,0,1.2999999999999998,3005.6735389925375,85.00795172148187,13532.745083269803,1408,0
1085.75,1.1,10.5,-2.4,1840.4586,71.310265,-0.2536999999999807,0.0003000000001520675,2.2737367544323206e-13,0.008561000000000263,6.999999996537554e-06,-7.000000010748408e-06,3752,0,1,0,1,1,0,1.2999999999999998,3005.3630633892885,85.0043019248601,13534.953633678146,1409,0
1085.75,1.1,10.5,-2.4,1840.2053,71.31883,-0.25329999999985375,0.00040000000012696546,9.999999997489795e-05,0.008565000000004375,4.0000000041118255e-06,-2.999999992425728e-06,3753,0,1,0,1,1,0,1.2999999999999998,3005.0526857218965,85.00065635428875,13537.161880126476,1410,0
1084.75,1.1,10.5,-2.4,1839.9521,71.3274,-0.25320000000010623,9.999999974752427e-05,-0.0003000000003794412,0.008569999999991751,4.9999999873762135e-06,9.99999983264388e-07,3754,0,1,0,1,1,0,1.2999999999999998,3004.7424059387486,84.99701500772304,13539.369822734792,1411,0
1084.25,1.1,10.5,-2.4,1839.6995,71.33598,-0.25260000000002947,0.0006000000000767614,0.0005000000003292371,0.008580000000009136,1.0000000017384991e-05,5.000000030008778e-06,3755,0,1,0,1,1,0,1.2999999999999998,3004.432224121406,84.99337788445155,13541.577462223098,1412,0
1084.25,1.1,10.5,-2.4,1839.447,71.34456,-0.25250000000005457,9.999999997489795e-05,-0.0005000000001018634,0.008579999999994925,-1.4210854715202004e-14,-1.0000000031595846e-05,3756,0,1,0,1,1,0,1.2999999999999998,3004.122140218259,84.98974498110195,13543.784798711391,1413,0
1083.25,1.1,10.5,-2.4,1839.1948,71.35315,-0.2521999999999025,0.0003000000001520675,0.00020000000017716957,0.0085899999999981,1.0000000003174137e-05,1.0000000017384991e-05,3757,0,1,0,1,1,0,1.2999999999999998,3003.812154230974,84.98611629696647,13545.991832559674,1414,0
1084.25,1.1,10.5,-2.4,1838.9431,71.36174,-0.251700000000028,0.0004999999998744897,0.00019999999972242222,0.0085899999999981,0.0,-1.0000000003174137e-05,3758,0,1,0,1,1,0,1.2999999999999998,3003.502266214419,84.98249182867785,13548.198564367942,1415,0
1084.75,1.1,10.5,-2.4,1838.6917,71.37034,-0.25139999999987594,0.0003000000001520675,-0.00019999999972242222,0.008600000000001273,1.0000000003174137e-05,1.0000000003174137e-05,3759,0,1,0,1,1,0,1.2999999999999998,3003.192476170213,84.97887157553191,13550.404994496199,1416,0
1083.75,1.1,10.5,-2.4,1838.4406,71.37894,-0.2511000000001786,0.00029999999969732016,-4.547473508864641e-13,0.008600000000001273,0.0,-1.0000000003174137e-05,3760,0,1,0,1,1,0,1.2999999999999998,3002.8827840999734,84.97525553416645,13552.611123304445,1417,0
1082.75,1.1,10.5,-2.4,1838.1897,71.38754,-0.25090000000000146,0.00020000000017716957,-9.99999995201506e-05,0.008600000000001273,0.0,0.0,3761,0,1,0,1,1,0,1.2999999999999998,3002.5731899787347,84.97164370122275,13554.816951032677,1418,0
1083.75,1.1,10.5,-2.4,1837.9392,71.39616,-0.2504999999998745,0.00040000000012696546,0.0001999999999497959,0.00861999999999341,1.9999999992137418e-05,1.9999999992137418e-05,3762,0,1,0,1,1,0,1.2999999999999998,3002.2636938347064,84.96803607866063,13557.0224781609,1419,0
1084.75,1.1,10.5,-2.4,1837.6892,71.40477,-0.25,0.0004999999998744897,9.999999974752427e-05,0.008610000000004447,-9.999999988963282e-06,-2.99999999811007e-05,3763,0,1,0,1,1,0,1.2999999999999998,3001.9542957226354,84.9644326604676,13559.227705289108,1420,0
1082.75,1.1,10.5,-2.4,1837.4395,71.41338,-0.2497000000000753,0.00029999999992469384,-0.0001999999999497959,0.008610000000004447,0.0,9.999999988963282e-06,3764,0,1,0,1,1,0,1.2999999999999998,3001.6449956440906,84.9608334432935,13561.432632777305,1421,0
1082.25,1.1,10.5,-2.4,1837.1901,71.422005,-0.24939999999992324,0.0003000000001520675,2.2737367544323206e-13,0.008624999999994998,1.499999999055035e-05,1.499999999055035e-05,3765,0,1,0,1,1,0,1.2999999999999998,3001.3357936006373,84.95723842777483,13563.63726098549,1422,0
1082.25,1.1,10.5,-2.4,1836.941,71.430626,-0.24909999999999854,0.00029999999992469384,-2.2737367544323206e-13,0.008621000000005097,-3.999999989900971e-06,-1.899999998045132e-05,3766,0,1,0,1,1,0,1.2999999999999998,3001.026689593841,84.95364760950358,13565.841590273663,1423,0
1081.25,1.1,10.5,-2.4,1836.6924,71.439255,-0.24860000000012406,0.0004999999998744897,0.0001999999999497959,0.00862899999999911,7.999999994012796e-06,1.1999999983913767e-05,3767,0,1,0,1,1,0,1.2999999999999998,3000.717683678344,84.95006098726115,13568.045621241825,1424,0
1082.25,1.1,10.5,-2.4,1836.4442,71.44788,-0.2481999999999971,0.00040000000012696546,-9.999999974752427e-05,0.008624999999994998,-4.0000000041118255e-06,-1.1999999998124622e-05,3768,0,1,0,1,1,0,1.2999999999999998,3000.408775882197,84.94647855664633,13570.249354369975,1425,0
1084.75,1.1,10.5,-2.4,1836.1963,71.45651,-0.24789999999984502,0.0003000000001520675,-9.999999997489795e-05,0.008629999999996585,5.000000001587068e-06,9.000000005698894e-06,3769,0,1,0,1,1,0,1.2999999999999998,3000.0999662068966,84.94290031564987,13572.452790018111,1426,0
1083.75,1.1,10.5,-2.4,1835.9489,71.46514,-0.24739999999997053,0.0004999999998744897,0.00019999999972242222,0.008630000000010796,1.4210854715202004e-14,-4.9999999873762135e-06,3770,0,1,0,1,1,0,1.2999999999999998,2999.791254706974,84.93932626093874,13574.655928786236,1427,0
1083.25,1.1,10.5,-2.4,1835.7018,71.47378,-0.24710000000004584,0.00029999999992469384,-0.0001999999999497959,0.008639999999999759,9.999999988963282e-06,9.999999974752427e-06,3771,0,1,0,1,1,0,1.2999999999999998,2999.482641383881,84.93575639183456,13576.85877103435,1428,0
1083.25,1.1,10.5,-2.4,1835.4551,71.482414,-0.24670000000014625,0.0003999999998995918,9.999999997489795e-05,0.008634000000000697,-5.999999999062311e-06,-1.5999999988025593e-05,3772,0,1,0,1,1,0,1.2999999999999998,2999.174126265571,84.93219070341902,13579.061317242453,1429,0
1083.0,1.1,10.5,-2.4,1835.2087,71.49105,-0.24639999999999418,0.0003000000001520675,-9.999999974752427e-05,0.008635999999995647,1.9999999949504854e-06,7.999999994012796e-06,3773,0,1,0,1,1,0,1.2999999999999998,2998.865709353471,84.92862919289878,13581.263567770542,1430,0
1082.25,1.1,10.5,-2.4,1834.9629,71.49969,-0.24579999999991742,0.0006000000000767614,0.00029999999992469384,0.008639999999999759,4.0000000041118255e-06,2.00000000916134e-06,3774,0,1,0,1,1,0,1.2999999999999998,2998.557390728477,84.92507185801324,13583.46552333862,1431,0
1081.75,1.1,10.5,-2.4,1834.7174,71.50832,-0.24549999999999272,0.00029999999992469384,-0.0003000000001520675,0.008629999999996585,-1.0000000003174137e-05,-1.4000000007285962e-05,3775,0,1,0,1,1,0,1.2999999999999998,2998.249170391949,84.92151869279661,13585.667184306687,1432,0
1081.75,1.1,10.5,-2.4,1834.4723,71.51697,-0.24510000000009313,0.0003999999998995918,9.999999997489795e-05,0.008650000000002933,2.0000000006348273e-05,3.000000000952241e-05,3776,0,1,0,1,1,0,1.2999999999999998,2997.941048371724,84.91796969923219,13587.868551154743,1433,0
1079.75,1.1,10.5,-2.4,1834.2277,71.525604,-0.24459999999999127,0.0005000000001018634,0.00010000000020227162,0.008634000000000697,-1.6000000002236447e-05,-3.600000000858472e-05,3777,0,1,0,1,1,0,1.2999999999999998,2997.633024722075,84.91442486977238,13590.069624482785,1434,0
1080.25,1.1,10.5,-2.4,1833.9835,71.53424,-0.2441999999998643,0.00040000000012696546,-9.999999997489795e-05,0.008635999999995647,1.9999999949504854e-06,1.7999999997186933e-05,3778,0,1,0,1,1,0,1.2999999999999998,2997.325099470759,84.91088420164064,13592.270404770816,1435,0
1080.25,1.1,10.5,-2.4,1833.7397,71.542885,-0.2437999999999647,0.0003999999998995918,-2.2737367544323206e-13,0.008645000000001346,9.000000005698894e-06,7.000000010748408e-06,3779,0,1,0,1,1,0,1.2999999999999998,2997.0172726455025,84.90734769391534,13594.470892498835,1436,0
1082.25,1.1,10.5,-2.4,1833.4965,71.55152,-0.24320000000011532,0.0005999999998493877,0.0001999999999497959,0.008634999999998172,-1.0000000003174137e-05,-1.900000000887303e-05,3780,0,1,0,1,1,0,1.2999999999999998,2996.7095443268977,84.90381534065062,13596.671088386844,1437,0
1083.25,1.1,10.5,-2.4,1833.2535,71.56016,-0.24299999999993815,0.00020000000017716957,-0.0003999999996722181,0.008639999999999759,5.000000001587068e-06,1.5000000004761205e-05,3781,0,1,0,1,1,0,1.2999999999999998,2996.401914489688,84.90028713987309,13598.87099267484,1438,0
1084.25,1.1,10.5,-2.4,1833.0111,71.568794,-0.24240000000008877,0.0005999999998493877,0.0003999999996722181,0.008634000000000697,-5.999999999062311e-06,-1.100000000064938e-05,3782,0,1,0,1,1,0,1.2999999999999998,2996.09438321438,84.89676308670369,13601.070606082823,1439,0
1083.75,1.1,10.5,-2.4,1832.7692,71.57743,-0.2418999999999869,0.0005000000001018634,-9.999999974752427e-05,0.008636000000009858,2.00000000916134e-06,8.000000008223651e-06,3783,0,1,0,1,1,0,1.2999999999999998,2995.7869505549684,84.89324317838266,13603.269929210797,1440,0
1083.75,1.1,10.5,-2.4,1832.5277,71.58607,-0.24149999999985994,0.00040000000012696546,-9.999999997489795e-05,0.008639999999999759,3.999999989900971e-06,1.9999999807396307e-06,3784,0,1,0,1,1,0,1.2999999999999998,2995.47961653897,84.88972741268164,13605.468962538758,1441,0
1083.75,1.1,10.5,-2.4,1832.2866,71.594696,-0.24110000000018772,0.0003999999996722181,-4.547473508864641e-13,0.008625999999992473,-1.4000000007285962e-05,-1.7999999997186933e-05,3785,0,1,0,1,1,0,1.2999999999999998,2995.172381193872,84.88621578262017,13607.667706546708,1442,0
1082.25,1.1,10.5,-2.4,1832.046,71.603325,-0.24059999999985848,0.0005000000003292371,0.00010000000065701897,0.00862899999999911,3.000000006636583e-06,1.7000000013922545e-05,3786,0,1,0,1,1,0,1.2999999999999998,2994.865244573541,84.88270828571429,13609.866161834647,1443,0
1082.75,1.1,10.5,-2.4,1831.8059,71.61195,-0.240099999999984,0.0004999999998744897,-4.547473508864641e-13,0.008624999999994998,-4.0000000041118255e-06,-7.000000010748408e-06,3787,0,1,0,1,1,0,1.2999999999999998,2994.5582067317846,84.87920491763464,13612.064329002573,1444,0
1082.75,1.1,10.5,-2.4,1831.5663,71.62058,-0.2396000000001095,0.0004999999998744897,0.0,0.008630000000010796,5.000000015797923e-06,9.000000019909749e-06,3788,0,1,0,1,1,0,1.2999999999999998,2994.2512677223544,84.87570567643178,13614.262208650489,1445,0
1082.75,1.1,10.5,-2.4,1831.3271,71.6292,-0.23919999999998254,0.00040000000012696546,-9.999999974752427e-05,0.00861999999999341,-1.0000000017384991e-05,-1.5000000033182914e-05,3789,0,1,0,1,1,0,1.2999999999999998,2993.9444275725596,84.87221055620053,13616.459801258392,1446,0
1084.25,1.1,10.5,-2.6,1831.0885,71.637825,-0.23859999999990578,0.0006000000000767614,0.0001999999999497959,0.008625000000009209,5.000000015797923e-06,1.5000000033182914e-05,3790,0,1,0,1,1,0,1.5,2993.6376863624373,84.86871955499868,13618.657107546283,1447,0
1083.25,1.1,10.5,-2.6,1830.8505,71.64644,-0.2380000000000564,0.0005999999998493877,-2.2737367544323206e-13,0.008614999999991824,-1.0000000017384991e-05,-1.5000000033182914e-05,3791,0,1,0,1,1,0,1.5,2993.331044171941,84.86523266693038,13620.854128234165,1448,0
1083.25,1.1,10.5,-2.6,1830.6128,71.65505,-0.23769999999990432,0.0003000000001520675,-0.00029999999969732016,0.008610000000004447,-4.9999999873762135e-06,5.000000030008778e-06,3792,0,1,0,1,1,0,1.5,2993.0245010018452,84.8617498874242,13623.050863682034,1449,0
1083.25,1.1,10.5,-2.6,1830.3756,71.663666,-0.23720000000002983,0.0004999999998744897,0.00019999999972242222,0.00861600000000351,5.999999999062311e-06,1.0999999986438525e-05,3793,0,1,0,1,1,0,1.5,2992.7180569056404,84.85827121481286,13625.247314489892,1450,0
1083.25,1.1,10.5,-2.6,1830.139,71.67227,-0.23660000000018044,0.0005999999998493877,9.999999997489795e-05,0.008603999999991174,-1.2000000012335477e-05,-1.8000000011397788e-05,3794,0,1,0,1,1,0,1.5,2992.4117119631096,84.85479664268775,13627.443481377739,1451,0
1084.25,1.1,10.5,-2.6,1829.903,71.68087,-0.2359999999998763,0.000600000000304135,4.547473508864641e-13,0.008600000000001273,-3.999999989900971e-06,8.000000022434506e-06,3795,0,1,0,1,1,0,1.5,2992.1054662539514,84.85132616675448,13629.639365065574,1452,0
1083.75,1.1,10.5,-2.6,1829.6674,71.68947,-0.23559999999997672,0.0003999999998995918,-0.00020000000040454324,0.008600000000001273,0.0,3.999999989900971e-06,3796,0,1,0,1,1,0,1.5,2991.7993198051095,84.84785978377667,13631.834966033399,1453,0
1083.25,1.1,10.5,-2.6,1829.4323,71.69806,-0.23510000000010223,0.0004999999998744897,9.999999997489795e-05,0.0085899999999981,-1.0000000003174137e-05,-1.0000000003174137e-05,3797,0,1,0,1,1,0,1.5,2991.493272669826,84.84439748788837,13634.030284881212,1454,0
1082.75,1.1,10.5,-2.6,1829.1978,71.70665,-0.23450000000002547,0.0006000000000767614,0.00010000000020227162,0.0085899999999981,0.0,1.0000000003174137e-05,3798,0,1,0,1,1,0,1.5,2991.1873249276123,84.84093927586207,13636.225322329014,1455,0
1080.25,1.1,10.5,-2.6,1828.9637,71.71523,-0.2340999999998985,0.00040000000012696546,-0.0001999999999497959,0.008580000000009136,-9.999999988963282e-06,-9.999999988963282e-06,3799,0,1,0,1,1,0,1.5,2990.881476605263,84.83748514184211,13638.420078856803,1456,0
1077.75,1.1,10.5,-2.6,1828.7303,71.72381,-0.23340000000007421,0.0006999999998242856,0.00029999999969732016,0.008579999999994925,-1.4210854715202004e-14,9.999999974752427e-06,3800,0,1,0,1,1,0,1.5,2990.575727808471,84.83403508260984,13640.614555304583,1457,0
1077.75,1.1,10.5,-2.6,1828.4974,71.73238,-0.23289999999997235,0.0005000000001018634,-0.00019999999972242222,0.008570000000005962,-9.999999988963282e-06,-9.999999974752427e-06,3801,0,1,0,1,1,0,1.5,2990.2700785902157,84.83058909231983,13642.80875227235,1458,0
1076.75,1.1,10.5,-2.6,1828.2651,71.740944,-0.2322999999998956,0.0006000000000767614,9.999999997489795e-05,0.008563999999992689,-6.000000013273166e-06,3.999999975690116e-06,3802,0,1,0,1,1,0,1.5,2989.9645290297135,84.8271471661846,13645.002670480108,1459,0
1075.75,1.1,10.5,-2.6,1828.0333,71.749504,-0.2318000000000211,0.0004999999998744897,-0.00010000000020227162,0.008560000000002788,-3.999999989900971e-06,2.000000023372195e-06,3803,0,1,0,1,1,0,1.5,2989.6590791798108,84.82370929994742,13647.196310527852,1460,0
1076.75,1.1,10.5,-2.6,1827.8021,71.75806,-0.23119999999994434,0.0006000000000767614,0.00010000000020227162,0.008555999999998676,-4.0000000041118255e-06,-1.4210854715202004e-14,3804,0,1,0,1,1,0,1.5,2989.35372911958,84.8202754893561,13649.389673135587,1461,0
1077.75,1.1,10.5,-2.6,1827.5715,71.76661,-0.23060000000009495,0.0005999999998493877,-2.2737367544323206e-13,0.008549999999999613,-5.999999999062311e-06,-1.9999999949504854e-06,3805,0,1,0,1,1,0,1.5,2989.0484789280085,84.81684572963741,13651.58275902331,1462,0
1077.75,1.1,10.5,-2.6,1827.3414,71.77515,-0.2300999999999931,0.0005000000001018634,-9.999999974752427e-05,0.00853999999999644,-1.0000000003174137e-05,-4.0000000041118255e-06,3806,0,1,0,1,1,0,1.5,2988.7433286577357,84.81342001497241,13653.775568791023,1463,0
1078.25,1.1,10.5,-2.6,1827.1119,71.783676,-0.22949999999991633,0.0006000000000767614,9.999999997489795e-05,0.008526000000003364,-1.3999999993075107e-05,-3.999999989900971e-06,3807,0,1,0,1,1,0,1.5,2988.438278387605,84.8099983384979,13655.968103158724,1464,0
1078.75,1.1,10.5,-2.6,1826.883,71.792206,-0.22890000000006694,0.0005999999998493877,-2.2737367544323206e-13,0.008529999999993265,3.999999989900971e-06,1.7999999982976078e-05,3808,0,1,0,1,1,0,1.5,2988.133328196377,84.8065806980835,13658.160362846415,1465,0
1077.75,1.1,10.5,-2.6,1826.6548,71.80072,-0.22820000000001528,0.0007000000000516593,0.00010000000020227162,0.00851400000000524,-1.5999999988025593e-05,-1.9999999977926564e-05,3809,0,1,0,1,1,0,1.5,2987.8284781889765,84.8031670863517,13660.352348694094,1466,0
1076.75,1.1,10.5,-2.6,1826.427,71.809235,-0.2278000000001157,0.0003999999998995918,-0.0003000000001520675,0.008515000000002715,9.999999974752427e-07,1.6999999985500835e-05,3810,0,1,0,1,1,0,1.5,2987.523728391498,84.7997575003936,13662.544061181763,1467,0
1076.75,1.1,10.5,-2.6,1826.2,71.81773,-0.22699999999986176,0.0008000000002539309,0.00040000000035433914,0.008494999999996367,-2.0000000006348273e-05,-2.1000000003823516e-05,3811,0,1,0,1,1,0,1.5,2987.2190789349424,84.79635193179433,13664.73550126942,1468,0
1077.75,1.1,10.5,-2.6,1825.9734,71.82623,-0.22659999999996217,0.0003999999998995918,-0.00040000000035433914,0.008499999999997954,5.000000001587068e-06,2.500000000793534e-05,3812,0,1,0,1,1,0,1.5,2986.914529845266,84.79295037870443,13666.926669437067,1469,0
1078.75,1.1,10.5,-2.6,1825.7476,71.83472,-0.22580000000016298,0.0007999999997991836,0.0003999999998995918,0.00849000000000899,-9.999999988963282e-06,-1.499999999055035e-05,3813,0,1,0,1,1,0,1.5,2986.6100812532773,84.78955283534347,13669.117566644703,1470,0
1078.75,1.1,10.5,-2.6,1825.5222,71.84319,-0.22539999999980864,0.00040000000035433914,-0.00039999999944484443,0.008470000000002642,-2.0000000006348273e-05,-1.0000000017384991e-05,3814,0,1,0,1,1,0,1.5,2986.3057331847967,84.78615929331586,13671.308193372328,1471,0
1077.75,1.1,10.5,-2.6,1825.2976,71.85166,-0.22460000000000946,0.0007999999997991836,0.00039999999944484443,0.008469999999988431,-1.4210854715202004e-14,1.9999999992137418e-05,3815,0,1,0,1,1,0,1.5,2986.0014857704405,84.78276974947589,13673.498550579941,1472,0
1075.75,1.1,10.5,-2.6,1825.0735,71.860115,-0.22410000000013497,0.0004999999998744897,-0.00029999999992469384,0.008454999999997881,-1.499999999055035e-05,-1.4999999976339495e-05,3816,0,1,0,1,1,0,1.5,2985.6973390620906,84.77938419675138,13675.688638867545,1473,0
1077.75,1.1,10.5,-2.6,1824.8501,71.86857,-0.22339999999985594,0.000700000000279033,0.00020000000040454324,0.008455000000012092,1.4210854715202004e-14,1.5000000004761205e-05,3817,0,1,0,1,1,0,1.5,2985.39329316396,84.7760026320063,13677.878459075138,1474,0
1075.75,1.1,10.5,-2.6,1824.6273,71.87701,-0.22280000000000655,0.0005999999998493877,-0.0001000000004296453,0.00843999999999312,-1.500000001897206e-05,-1.5000000033182914e-05,3818,0,1,0,1,1,0,1.5,2985.089348153967,84.77262504818016,13680.06801192272,1475,0
1074.75,1.1,10.5,-2.6,1824.4053,71.88543,-0.22200000000020736,0.0007999999997991836,0.0001999999999497959,0.008420000000000982,-1.9999999992137418e-05,-4.999999973165359e-06,3819,0,1,0,1,1,0,1.5,2984.785504162304,84.76925143691099,13682.257298370292,1476,0
1074.75,1.1,10.5,-2.6,1824.1838,71.89385,-0.22149999999987813,0.0005000000003292371,-0.0002999999994699465,0.008420000000000982,0.0,1.9999999992137418e-05,3820,0,1,0,1,1,0,1.5,2984.4817612405127,84.76588179507984,13684.446319017852,1477,0
1077.25,1.1,10.5,-2.6,1823.963,71.90226,-0.22080000000005384,0.0006999999998242856,0.00019999999949504854,0.008409999999997808,-1.0000000003174137e-05,-1.0000000003174137e-05,3821,0,1,0,1,1,0,1.5,2984.1781194924124,84.76251611695447,13686.635074705402,1478,0
1073.75,1.1,10.5,-2.6,1823.7428,71.91066,-0.22019999999997708,0.0006000000000767614,-9.999999974752427e-05,0.008399999999994634,-1.0000000003174137e-05,0.0,3822,0,1,0,1,1,0,1.5,2983.8745789955533,84.7591543968088,13688.823566152943,1479,0
1075.25,1.1,10.5,-2.6,1823.5233,71.919044,-0.21949999999992542,0.0007000000000516593,9.999999997489795e-05,0.008384000000006608,-1.5999999988025593e-05,-5.999999984851456e-06,3823,0,1,0,1,1,0,1.5,2983.5711398535564,84.75579662735356,13691.01179420047,1480,0
1074.75,1.1,10.5,-2.6,1823.3044,71.927414,-0.21890000000007603,0.0005999999998493877,-0.00010000000020227162,0.008369999999999322,-1.4000000007285962e-05,1.9999999807396307e-06,3824,0,1,0,1,1,0,1.5,2983.267802143791,84.75244280183006,13693.19975956799,1481,0
1072.75,1.1,10.5,-2.6,1823.0863,71.93578,-0.21810000000004948,0.0008000000000265572,0.00020000000017716957,0.00836599999999521,-4.0000000041118255e-06,1.0000000003174137e-05,3825,0,1,0,1,1,0,1.5,2982.9645659958182,84.74909291610037,13695.387463215498,1482,0
1073.75,1.1,10.5,-2.6,1822.8688,71.94413,-0.21749999999997272,0.0006000000000767614,-0.0001999999999497959,0.008350000000007185,-1.5999999988025593e-05,-1.1999999983913767e-05,3826,0,1,0,1,1,0,1.5,2982.6614314868043,84.74574696289521,13697.574905862995,1483,0
1075.25,1.1,10.5,-2.6,1822.652,71.95247,-0.21679999999992106,0.0007000000000516593,9.999999997489795e-05,0.008340000000004011,-1.0000000003174137e-05,5.999999984851456e-06,3827,0,1,0,1,1,0,1.5,2982.3583987199586,84.74240493652039,13699.762088350484,1484,0
1073.25,1.1,10.5,-2.6,1822.4359,71.9608,-0.21610000000009677,0.0006999999998242856,-2.2737367544323206e-13,0.008330000000000837,-1.0000000003174137e-05,0.0,3828,0,1,0,1,1,0,1.5,2982.0554677983805,84.73906683128754,13701.94901151796,1485,0
1072.75,1.1,10.5,-2.6,1822.2205,71.96912,-0.2154000000000451,0.0007000000000516593,2.2737367544323206e-13,0.008319999999997663,-1.0000000003174137e-05,0.0,3829,0,1,0,1,1,0,1.5,2981.7526388250653,84.73573264151436,13704.135676205427,1486,0
1072.75,1.1,10.5,-2.6,1822.0059,71.97742,-0.21459999999979118,0.0008000000002539309,0.00010000000020227162,0.008299999999991314,-2.0000000006348273e-05,-1.0000000003174137e-05,3830,0,1,0,1,1,0,1.5,2981.4499119290003,84.73240235891411,13706.322083372883,1487,0
1072.5,1.1,10.5,-2.6,1821.7917,71.98571,-0.21420000000011896,0.0003999999996722181,-0.0004000000005817128,0.008290000000002351,-9.999999988963282e-06,1.0000000017384991e-05,3831,0,1,0,1,1,0,1.5,2981.1472871346555,84.72907597781837,13708.50823350033,1488,0
1074.25,1.1,10.5,-2.6,1821.5785,71.99398,-0.21319999999991524,0.0010000000002037268,0.0006000000005315087,0.008269999999996003,-2.0000000006348273e-05,-1.0000000017384991e-05,3832,0,1,0,1,1,0,1.5,2980.8447646230106,84.72575348995565,13710.694127787765,1489,0
1074.75,1.1,10.5,-2.6,1821.366,72.00224,-0.21250000000009095,0.0006999999998242856,-0.0003000000003794412,0.00826000000000704,-9.999999988963282e-06,1.0000000017384991e-05,3833,0,1,0,1,1,0,1.5,2980.542344496609,84.72243488967136,13712.87976707519,1490,0
1076.25,1.1,10.5,-2.6,1821.154,72.0105,-0.21199999999998909,0.0005000000001018634,-0.00019999999972242222,0.008259999999992829,-1.4210854715202004e-14,9.999999974752427e-06,3834,0,1,0,1,1,0,1.5,2980.2400268057368,84.71912017392438,13715.065151962606,1491,0
1077.75,1.1,10.5,-2.6,1820.9429,72.01873,-0.21109999999998763,0.0009000000000014552,0.0003999999998995918,0.008230000000011728,-2.99999999811007e-05,-2.9999999966889845e-05,3835,0,1,0,1,1,0,1.5,2979.937811704901,84.7158093318561,13717.250283530011,1492,0
1076.75,1.1,10.5,-2.6,1820.7325,72.02695,-0.21039999999993597,0.0007000000000516593,-0.0001999999999497959,0.008219999999994343,-1.0000000017384991e-05,1.999999996371571e-05,3836,0,1,0,1,1,0,1.5,2979.6356992963256,84.71250235783164,13719.435162617407,1493,0
1077.0,1.1,10.5,-2.6,1820.5228,72.03516,-0.20970000000011169,0.0006999999998242856,-2.2737367544323206e-13,0.00821000000000538,-9.999999988963282e-06,2.842170943040401e-14,3837,0,1,0,1,1,0,1.5,2979.333689682126,84.70919924622198,13721.619790064791,1494,0
1078.75,1.1,10.5,-2.6,1820.314,72.04335,-0.20879999999988286,0.0009000000002288289,0.00020000000040454324,0.008189999999999031,-2.0000000006348273e-05,-1.0000000017384991e-05,3838,0,1,0,1,1,0,1.5,2979.031783016411,84.70589998879916,13723.804166952166,1495,0
1078.25,1.1,10.5,-2.6,1820.1057,72.05153,-0.20830000000000837,0.0004999999998744897,-0.00040000000035433914,0.008179999999995857,-1.0000000003174137e-05,1.0000000003174137e-05,3839,0,1,0,1,1,0,1.5,2978.7299793489583,84.70260457994792,13725.98829387953,1496,0
1078.0,1.1,10.5,-2.6,1819.8983,72.059685,-0.2074000000000069,0.0009000000000014552,0.00040000000012696546,0.008155000000002133,-2.4999999993724487e-05,-1.499999999055035e-05,3840,0,1,0,1,1,0,1.5,2978.428278833637,84.69931301015362,13728.172171926886,1497,0
1077.25,1.1,10.5,-2.6,1819.6917,72.06783,-0.20659999999998035,0.0008000000000265572,-9.999999997489795e-05,0.008144999999998959,-1.0000000003174137e-05,1.499999999055035e-05,3841,0,1,0,1,1,0,1.5,2978.1266815981257,84.69602527381572,13730.355802054231,1498,0
1077.25,1.1,10.5,-2.6,1819.4857,72.075966,-0.20600000000013097,0.0005999999998493877,-0.00020000000017716957,0.00813599999999326,-9.000000005698894e-06,9.999999974752427e-07,3842,0,1,0,1,1,0,1.5,2977.8251877179287,84.6927413655998,13732.539184981568,1499,0
1077.75,1.1,10.5,-2.6,1819.2805,72.084076,-0.20519999999987704,0.0008000000002539309,0.00020000000040454324,0.00811000000000206,-2.599999999119973e-05,-1.6999999985500835e-05,3843,0,1,0,1,1,0,1.5,2977.5237973204994,84.68946127575441,13734.722321668893,1500,0
1078.75,1.1,10.5,-2.6,1819.0762,72.09218,-0.20430000000010295,0.0008999999997740815,9.99999995201506e-05,0.008104000000002998,-5.999999999062311e-06,1.9999999992137418e-05,3844,0,1,0,1,1,0,1.5,2977.2225105591674,84.68618499973992,13736.905213196209,1501,0
1077.75,1.1,10.5,-2.6,1818.8726,72.10026,-0.2036000000000513,0.0007000000000516593,-0.00019999999972242222,0.008080000000006748,-2.3999999996249244e-05,-1.7999999997186933e-05,3845,0,1,0,1,1,0,1.5,2976.921327535101,84.68291252834113,13739.087860403515,1502,0
1077.75,1.1,10.5,-2.6,1818.6698,72.10832,-0.20280000000002474,0.0008000000000265572,9.999999997489795e-05,0.0080600000000004,-2.0000000006348273e-05,3.999999989900971e-06,3846,0,1,0,1,1,0,1.5,2976.6202483753573,84.67964385339225,13741.27026425081,1503,0
1076.25,1.1,10.5,-2.6,1818.4678,72.11637,-0.20199999999999818,0.0008000000000265572,0.0,0.008049999999997226,-1.0000000003174137e-05,1.0000000003174137e-05,3847,0,1,0,1,1,0,1.5,2976.319273206861,84.67637896933472,13743.452425698097,1504,0
1077.75,1.1,10.5,-2.6,1818.2665,72.124405,-0.20129999999994652,0.0007000000000516593,-9.999999997489795e-05,0.008034999999992465,-1.5000000004761205e-05,-5.000000001587068e-06,3848,0,1,0,1,1,0,1.5,2976.0184021304235,84.67311786931671,13745.634345585373,1505,0
1076.75,1.1,10.5,-2.6,1818.066,72.13242,-0.20049999999991996,0.0008000000000265572,9.999999997489795e-05,0.008015000000000327,-1.9999999992137418e-05,-4.9999999873762135e-06,3849,0,1,0,1,1,0,1.5,2975.7176352727274,84.66986054519481,13747.816024872642,1506,0
1077.75,1.1,10.5,-2.6,1817.8665,72.14042,-0.1994999999999436,0.0009999999999763531,0.0001999999999497959,0.008000000000009777,-1.499999999055035e-05,5.000000001587068e-06,3850,0,1,0,1,1,0,1.5,2975.4169728122565,84.66660699013244,13749.9974647599,1507,0
1077.75,1.1,10.5,-2.6,1817.6676,72.14839,-0.19890000000009422,0.0005999999998493877,-0.00040000000012696546,0.007970000000000255,-3.000000000952241e-05,-1.500000001897206e-05,3851,0,1,0,1,1,0,1.5,2975.1164148234684,84.66335719340601,13752.178665967147,1508,0
1079.25,1.1,10.5,-2.6,1817.4696,72.15636,-0.19800000000009277,0.0009000000000014552,0.0003000000001520675,0.007970000000000255,0.0,3.000000000952241e-05,3852,0,1,0,1,1,0,1.5,2974.8159614586034,84.66011115208929,13754.359629574385,1509,0
1079.0,1.1,10.5,-2.6,1817.2725,72.1643,-0.19709999999986394,0.0009000000002288289,2.2737367544323206e-13,0.007939999999990732,-3.000000000952241e-05,-3.000000000952241e-05,3853,0,1,0,1,1,0,1.5,2974.515612869746,84.65686885547484,13756.540356661613,1510,0
1078.25,1.1,10.5,-2.6,1817.076,72.17222,-0.19650000000001455,0.0005999999998493877,-0.0003000000003794412,0.007919999999998595,-1.9999999992137418e-05,1.0000000017384991e-05,3854,0,1,0,1,1,0,1.5,2974.2153691309986,84.65363029546045,13758.720847948834,1511,0
1078.75,1.1,10.5,-2.6,1816.8805,72.18013,-0.1955000000000382,0.0009999999999763531,0.00040000000012696546,0.007910000000009632,-9.999999988963282e-06,1.0000000003174137e-05,3855,0,1,0,1,1,0,1.5,2973.9152304201243,84.65039546654565,13760.901104636045,1512,0
1078.5,1.1,10.5,-2.6,1816.6858,72.18801,-0.19470000000001164,0.0008000000000265572,-0.0001999999999497959,0.00788000000000011,-3.000000000952241e-05,-2.0000000020559128e-05,3856,0,1,0,1,1,0,1.5,2973.615196862847,84.64716435805029,13763.081127683245,1513,0
1079.25,1.1,10.5,-2.6,1816.492,72.19588,-0.1938000000000102,0.0009000000000014552,9.999999997489795e-05,0.007869999999996935,-1.0000000003174137e-05,2.0000000006348273e-05,3857,0,1,0,1,1,0,1.5,2973.315268610679,84.64393696448937,13765.260918170437,1514,0
1078.75,1.1,10.5,-2.6,1816.299,72.20373,-0.19299999999998363,0.0008000000000265572,-9.999999997489795e-05,0.007849999999990587,-2.0000000006348273e-05,-1.0000000003174137e-05,3858,0,1,0,1,1,0,1.5,2973.0154457890644,84.64071327779217,13767.440477057618,1515,0
1076.75,1.1,10.5,-2.6,1816.1068,72.211555,-0.19219999999995707,0.0008000000000265572,0.0,0.007825000000011073,-2.4999999979513632e-05,-4.999999973165359e-06,3859,0,1,0,1,1,0,1.5,2972.7157285233156,84.63749328860104,13769.619805304792,1516,0
1076.75,1.1,10.5,-2.6,1815.9154,72.21936,-0.19139999999993051,0.0008000000000265572,0.0,0.007804999999990514,-2.0000000020559128e-05,4.999999958954504e-06,3860,0,1,0,1,1,0,1.5,2972.4161169386166,84.634276988863,13771.798903871955,1517,0
1078.25,1.1,10.5,-2.6,1815.725,72.22715,-0.19040000000018154,0.0009999999997489795,0.00019999999972242222,0.007789999999999964,-1.499999999055035e-05,5.000000030008778e-06,3861,0,1,0,1,1,0,1.5,2972.116611211807,84.63106437182806,13773.97777395911,1518,0
1079.75,1.1,10.5,-2.6,1815.5354,72.23491,-0.1895999999999276,0.0008000000002539309,-0.00019999999949504854,0.007760000000004652,-2.9999999995311555e-05,-1.5000000004761205e-05,3862,0,1,0,1,1,0,1.5,2971.8172114677714,84.6278554268703,13776.156416526257,1519,0
1079.75,1.1,10.5,-2.6,1815.3467,72.24266,-0.18869999999992615,0.0009000000000014552,9.999999974752427e-05,0.007750000000001478,-1.0000000003174137e-05,1.9999999992137418e-05,3863,0,1,0,1,1,0,1.5,2971.517917857143,84.62465014855071,13778.334832653392,1520,0
1081.75,1.1,10.5,-2.6,1815.1588,72.25038,-0.18790000000012697,0.0007999999997991836,-0.00010000000020227162,0.007720000000006166,-2.9999999995311555e-05,-1.9999999992137418e-05,3864,0,1,0,1,1,0,1.5,2971.218730504528,84.62144852626132,13780.51302330052,1521,0
1081.75,1.1,10.5,-2.6,1814.9719,72.25809,-0.18689999999992324,0.0010000000002037268,0.00020000000040454324,0.007709999999988781,-1.0000000017384991e-05,1.9999999977926564e-05,3865,0,1,0,1,1,0,1.5,2970.9196495861356,84.61825055457837,13782.690989667639,1522,0
1080.75,1.1,10.5,-2.6,1814.7858,72.26577,-0.18609999999989668,0.0008000000000265572,-0.00020000000017716957,0.007680000000007681,-2.99999999811007e-05,-1.999999996371571e-05,3866,0,1,0,1,1,0,1.5,2970.6206752262738,84.6150562229118,13784.868732714749,1523,0
1081.25,1.1,10.5,-2.6,1814.6006,72.27343,-0.1852000000001226,0.0008999999997740815,9.999999974752427e-05,0.007660000000001332,-2.0000000006348273e-05,9.999999974752427e-06,3867,0,1,0,1,1,0,1.5,2970.321807574974,84.61186552326784,13787.04625352185,1524,0
1082.25,1.1,10.5,-2.6,1814.4164,72.28107,-0.18419999999991887,0.0010000000002037268,0.0001000000004296453,0.007639999999994984,-2.0000000006348273e-05,0.0,3868,0,1,0,1,1,0,1.5,2970.023046807961,84.60867844766089,13789.223553288943,1525,0
1083.25,1.1,10.5,-2.6,1814.2329,72.28868,-0.1835000000000946,0.0006999999998242856,-0.0003000000003794412,0.007609999999999673,-2.9999999995311555e-05,-9.999999988963282e-06,3869,0,1,0,1,1,0,1.5,2969.7243930232557,84.60549498552972,13791.400632856024,1526,0
1084.25,1.1,10.5,-2.6,1814.0505,72.29627,-0.18239999999991596,0.0011000000001786248,0.00040000000035433914,0.007590000000007535,-1.9999999992137418e-05,1.0000000003174137e-05,3870,0,1,0,1,1,0,1.5,2969.4258464221134,84.60231512890725,13793.5774935431,1527,0
1083.75,1.1,10.5,-2.6,1813.8689,72.30384,-0.18160000000011678,0.0007999999997991836,-0.0003000000003794412,0.007569999999986976,-2.0000000020559128e-05,-2.842170943040401e-14,3871,0,1,0,1,1,0,1.5,2969.127407128099,84.5991388698347,13795.754136310165,1528,0
1082.75,1.1,10.5,-2.6,1813.6882,72.31139,-0.18069999999988795,0.0009000000002288289,0.0001000000004296453,0.0075500000000090495,-1.9999999977926564e-05,4.263256414560601e-14,3872,0,1,0,1,1,0,1.5,2968.8290752904727,84.59596620036147,13797.930562237223,1529,0
1081.75,1.1,10.5,-2.6,1813.5085,72.31892,-0.17970000000013897,0.0009999999997489795,9.99999995201506e-05,0.007530000000002701,-2.0000000006348273e-05,-2.842170943040401e-14,3873,0,1,0,1,1,0,1.5,2968.530851084151,84.59279711254517,13800.10677252427,1530,0
1082.75,1.1,10.5,-2.6,1813.3297,72.326416,-0.17879999999991014,0.0009000000002288289,-9.99999995201506e-05,0.007495999999989067,-3.4000000013634235e-05,-1.4000000007285962e-05,3874,0,1,0,1,1,0,1.5,2968.2327346580646,84.5896315948387,13802.28276825131,1531,0
1081.25,1.1,10.5,-2.6,1813.1519,72.33389,-0.1777999999999338,0.0009999999999763531,9.999999974752427e-05,0.007474000000001979,-2.1999999987087904e-05,1.2000000026546331e-05,3875,0,1,0,1,1,0,1.5,2967.9347261867906,84.5864696388029,13804.458550618341,1532,0
1083.25,1.1,10.5,-2.6,1812.975,72.34135,-0.1769000000001597,0.0008999999997740815,-0.00010000000020227162,0.007460000000008904,-1.3999999993075107e-05,7.999999994012796e-06,3876,0,1,0,1,1,0,1.5,2967.6368258189323,84.58331123807068,13806.634120705365,1533,0
1081.75,1.1,10.5,-2.6,1812.799,72.34877,-0.17599999999993088,0.0009000000002288289,4.547473508864641e-13,0.007419999999996207,-4.0000000012696546e-05,-2.600000001962144e-05,3877,0,1,0,1,1,0,1.5,2967.33903370294,84.5801563795771,13808.809479592379,1534,0
1081.25,1.1,10.5,-2.6,1812.624,72.35618,-0.17499999999995453,0.0009999999999763531,9.999999974752427e-05,0.007409999999993033,-1.0000000003174137e-05,3.000000000952241e-05,3878,0,1,0,1,1,0,1.5,2967.0413500128902,84.57700505800464,13810.984628479386,1535,0
1080.25,1.1,10.5,-2.6,1812.45,72.363556,-0.17399999999997817,0.0009999999999763531,0.0,0.007376000000007821,-3.3999999985212526e-05,-2.399999998203839e-05,3879,0,1,0,1,1,0,1.5,2966.74377492268,84.57385726185566,13813.159568566383,1536,0
1079.25,1.1,10.5,-2.6,1812.2767,72.37091,-0.1733000000001539,0.0006999999998242856,-0.0003000000001520675,0.007353999999992311,-2.2000000015509613e-05,1.1999999969702912e-05,3880,0,1,0,1,1,0,1.5,2966.44630852873,84.57071298273641,13815.334300693372,1537,0
1079.5,1.1,10.5,-2.4,1812.1046,72.37824,-0.17210000000000036,0.0012000000001535227,0.0005000000003292371,0.007330000000010273,-2.399999998203839e-05,-1.999999966528776e-06,3881,0,1,0,1,1,0,1.2999999999999998,2966.148951056157,84.56757221174652,13817.508826300353,1538,0
1079.5,1.1,10.5,-2.4,1811.9335,72.385544,-0.17109999999979664,0.0010000000002037268,-0.0001999999999497959,0.007303999999990651,-2.600000001962144e-05,-2.0000000375830496e-06,3882,0,1,0,1,1,0,1.2999999999999998,2965.8517026783416,84.56443493947978,13819.683146587326,1539,0
1078.75,1.1,10.5,-2.4,1811.7632,72.39282,-0.17029999999999745,0.0007999999997991836,-0.00020000000040454324,0.007276000000004501,-2.7999999986150215e-05,-1.999999966528776e-06,3883,0,1,0,1,1,0,1.2999999999999998,2965.554563516993,84.56130115602473,13821.85726251429,1540,0
1078.75,1.1,10.5,-2.4,1811.594,72.40007,-0.1692000000000462,0.001099999999951251,0.0003000000001520675,0.0072499999999990905,-2.6000000005410584e-05,1.9999999807396307e-06,3884,0,1,0,1,1,0,1.2999999999999998,2965.2575337709136,84.55817085199484,13824.031175401247,1541,0
1077.75,1.1,10.5,-2.4,1811.4258,72.4073,-0.16820000000006985,0.0009999999999763531,-9.999999997489795e-05,0.007230000000006953,-1.9999999992137418e-05,6.000000013273166e-06,3885,0,1,0,1,1,0,1.2999999999999998,2964.9606136129696,84.55504401955739,13826.204886448195,1542,0
1075.75,1.1,10.5,-2.4,1811.2585,72.4145,-0.1673000000000684,0.0009000000000014552,-9.999999997489795e-05,0.007199999999997431,-3.000000000952241e-05,-1.0000000017384991e-05,3886,0,1,0,1,1,0,1.2999999999999998,2964.6638031901207,84.5519206483149,13828.378396735136,1543,0
1075.75,1.1,10.5,-2.4,1811.0923,72.42167,-0.16619999999988977,0.0011000000001786248,0.00020000000017716957,0.007170000000002119,-2.9999999995311555e-05,1.4210854715202004e-14,3887,0,1,0,1,1,0,1.2999999999999998,2964.367102700617,84.54880072788066,13830.551707582068,1544,0
1074.75,1.1,10.5,-2.4,1810.927,72.42882,-0.1653000000001157,0.0008999999997740815,-0.00020000000040454324,0.007149999999995771,-2.0000000006348273e-05,9.999999988963282e-06,3888,0,1,0,1,1,0,1.2999999999999998,2964.0705122910776,84.54568425044998,13832.724820068992,1545,0
1073.25,1.1,10.5,-2.4,1810.7627,72.435936,-0.16429999999991196,0.0010000000002037268,0.0001000000004296453,0.0071159999999963475,-3.399999999942338e-05,-1.3999999993075107e-05,3889,0,1,0,1,1,0,1.2999999999999998,2963.774032133676,84.54257120462725,13834.897735395909,1546,0
1074.25,1.1,10.5,-2.4,1810.5995,72.44303,-0.1631999999999607,0.001099999999951251,9.999999974752427e-05,0.007093999999995049,-2.200000000129876e-05,1.1999999998124622e-05,3890,0,1,0,1,1,0,1.2999999999999998,2963.4776624261117,84.53946158211257,13837.070454882818,1547,0
1074.25,1.1,10.5,-2.4,1810.4373,72.45009,-0.16219999999998436,0.0009999999999763531,-9.999999997489795e-05,0.007060000000009836,-3.3999999985212526e-05,-1.1999999983913767e-05,3891,0,1,0,1,1,0,1.2999999999999998,2963.181403340185,84.53635537153134,13839.242979729719,1548,0
1074.75,1.1,10.5,-2.4,1810.2761,72.45713,-0.161200000000008,0.0009999999999763531,0.0,0.007040000000003488,-2.0000000006348273e-05,1.3999999978864253e-05,3892,0,1,0,1,1,0,1.2999999999999998,2962.8852550475212,84.53325256511687,13841.415311136612,1549,0
1075.0,1.1,10.5,-2.4,1810.116,72.464134,-0.16010000000005675,0.001099999999951251,9.999999997489795e-05,0.007003999999994903,-3.600000000858472e-05,-1.6000000002236447e-05,3893,0,1,0,1,1,0,1.2999999999999998,2962.589217745249,84.53015315100154,13843.587450423498,1550,0
1074.25,1.1,10.5,-2.4,1809.9568,72.471115,-0.1592000000000553,0.0009000000000014552,-0.0001999999999497959,0.006980999999996129,-2.2999999998774e-05,1.300000000981072e-05,3894,0,1,0,1,1,0,1.2999999999999998,2962.2932915789474,84.52705712066752,13845.759398670376,1551,0
1074.25,1.1,10.5,-2.4,1809.7987,72.478065,-0.15809999999987667,0.0011000000001786248,0.00020000000017716957,0.006950000000003342,-3.09999999927868e-05,-7.999999994012796e-06,3895,0,1,0,1,1,0,1.2999999999999998,2961.9974767453796,84.52396446355236,13847.931157197247,1552,0
1073.25,1.1,10.5,-2.4,1809.6416,72.484985,-0.1571000000001277,0.0009999999997489795,-0.0001000000004296453,0.00691999999999382,-3.000000000952241e-05,9.99999983264388e-07,3896,0,1,0,1,1,0,1.2999999999999998,2961.701773415448,84.52087516936103,13850.102727204108,1553,0
1072.75,1.1,10.5,-2.4,1809.4856,72.49188,-0.15599999999994907,0.0011000000001786248,0.0001000000004296453,0.0068950000000000955,-2.4999999993724487e-05,5.000000015797923e-06,3897,0,1,0,1,1,0,1.2999999999999998,2961.4061817855313,84.51778922909185,13852.274110010965,1554,0
1073.75,1.1,10.5,-2.4,1809.3306,72.49874,-0.15499999999997272,0.0009999999999763531,-0.00010000000020227162,0.006860000000003197,-3.499999999689862e-05,-1.0000000003174137e-05,3898,0,1,0,1,1,0,1.2999999999999998,2961.1107020261607,84.51470663118748,13854.445306817812,1555,0
1075.75,1.1,10.5,-2.4,1809.1768,72.50558,-0.15380000000004657,0.001199999999926149,0.0001999999999497959,0.006839999999996849,-2.0000000006348273e-05,1.499999999055035e-05,3899,0,1,0,1,1,0,1.2999999999999998,2960.8153343589743,84.51162736794872,13856.616319064653,1556,0
1074.25,1.1,10.5,-2.4,1809.0239,72.51238,-0.1529000000000451,0.0009000000000014552,-0.00029999999992469384,0.006799999999998363,-3.999999999848569e-05,-1.9999999992137418e-05,3900,0,1,0,1,1,0,1.2999999999999998,2960.52007892848,84.50855142655729,13858.787147831486,1557,0
1073.25,1.1,10.5,-2.4,1808.8721,72.51916,-0.1517999999998665,0.0011000000001786248,0.00020000000017716957,0.0067800000000062255,-1.9999999992137418e-05,2.0000000006348273e-05,3901,0,1,0,1,1,0,1.2999999999999998,2960.224935930292,84.50547879933369,13860.95779443831,1558,0
1071.75,1.1,10.5,-2.4,1808.7214,72.5259,-0.1507000000001426,0.0010999999997238774,-4.547473508864641e-13,0.006739999999993529,-4.0000000012696546e-05,-2.0000000020559128e-05,3902,0,1,0,1,1,0,1.2999999999999998,2959.929905559826,84.50240947348193,13863.12826020513,1559,0
1072.0,1.1,10.5,-2.4,1808.5718,72.53261,-0.14959999999996398,0.0011000000001786248,4.547473508864641e-13,0.006710000000012428,-2.99999999811007e-05,1.0000000031595846e-05,3903,0,1,0,1,1,0,1.2999999999999998,2959.6349880122953,84.49934343878074,13865.298546451942,1560,0
1073.75,1.1,10.5,-2.4,1808.4232,72.53929,-0.14859999999998763,0.0009999999999763531,-0.00010000000020227162,0.006679999999988695,-3.0000000023733264e-05,-4.263256414560601e-14,3904,0,1,0,1,1,0,1.2999999999999998,2959.3401834571064,84.49628068501922,13867.468654378747,1561,0
1072.75,1.1,10.5,-2.4,1808.2758,72.545944,-0.14740000000006148,0.001199999999926149,0.0001999999999497959,0.006654000000011706,-2.5999999976988875e-05,4.00000004674439e-06,3905,0,1,0,1,1,0,1.2999999999999998,2959.045492114695,84.493221203021,13869.638585425544,1562,0
1071.25,1.1,10.5,-2.4,1808.1294,72.55257,-0.14639999999985776,0.0010000000002037268,-0.00019999999972242222,0.006625999999997134,-2.8000000014571924e-05,-2.0000000375830496e-06,3906,0,1,0,1,1,0,1.2999999999999998,2958.7509141540822,84.49016498310725,13871.808340792333,1563,0
1072.75,1.1,10.5,-2.4,1807.9841,72.55915,-0.14530000000013388,0.0010999999997238774,9.99999995201506e-05,0.006579999999999586,-4.5999999997548e-05,-1.7999999982976078e-05,3907,0,1,0,1,1,0,1.2999999999999998,2958.4564497697033,84.48711201100308,13873.977921799116,1564,0
1074.25,1.1,10.5,-2.4,1807.84,72.565704,-0.14409999999998035,0.0012000000001535227,0.0001000000004296453,0.006553999999994176,-2.6000000005410584e-05,1.9999999992137418e-05,3908,0,1,0,1,1,0,1.2999999999999998,2958.1620991813766,84.4840622775646,13876.147329885893,1565,0
1072.25,1.1,10.5,-2.4,1807.697,72.572235,-0.1430000000000291,0.001099999999951251,-0.00010000000020227162,0.0065310000000096124,-2.2999999984563146e-05,3.0000000208474376e-06,3909,0,1,0,1,1,0,1.2999999999999998,2957.8678625831203,84.48101577442455,13878.316566372663,1566,0
1073.75,1.1,10.5,-2.4,1807.555,72.57873,-0.14199999999982538,0.0010000000002037268,-9.999999974752427e-05,0.006494999999986817,-3.6000000022795575e-05,-1.3000000038232429e-05,3910,0,1,0,1,1,0,1.2999999999999998,2957.573740143186,84.47797248990028,13880.485632459426,1567,0
1075.25,1.1,10.5,-2.4,1807.4143,72.58518,-0.1407000000001517,0.0012999999996736733,0.0002999999994699465,0.006450000000000955,-4.4999999985861905e-05,-8.99999996306633e-06,3911,0,1,0,1,1,0,1.2999999999999998,2957.27973210634,84.47493241002044,13882.65452970618,1568,0
1074.75,1.1,10.5,-2.4,1807.2745,72.59161,-0.13979999999992287,0.0009000000002288289,-0.00039999999944484443,0.0064300000000088176,-1.9999999992137418e-05,2.4999999993724487e-05,3912,0,1,0,1,1,0,1.2999999999999998,2956.9858386148735,84.47189552721697,13884.82325919293,1569,0
1074.25,1.1,10.5,-2.4,1807.136,72.59801,-0.13850000000002183,0.001299999999901047,0.0003999999996722181,0.006399999999999295,-3.000000000952241e-05,-1.0000000017384991e-05,3913,0,1,0,1,1,0,1.2999999999999998,2956.692059913132,84.46886183137455,13886.991822479673,1570,0
1073.75,1.1,10.5,-2.4,1806.9987,72.60436,-0.1372999999998683,0.0012000000001535227,-9.999999974752427e-05,0.006349999999997635,-5.000000000165983e-05,-1.9999999992137418e-05,3914,0,1,0,1,1,0,1.2999999999999998,2956.398396219668,84.4658313072797,13889.160221006408,1571,0
1074.0,1.1,10.5,-2.4,1806.8623,72.61069,-0.13640000000009422,0.0008999999997740815,-0.0003000000003794412,0.006330000000005498,-1.9999999992137418e-05,3.000000000952241e-05,3915,0,1,0,1,1,0,1.2999999999999998,2956.1048476762003,84.4628039473953,13891.328455853138,1572,0
1075.25,1.1,10.5,-2.4,1806.7272,72.61698,-0.1350999999999658,0.0013000000001284207,0.00040000000035433914,0.006289999999992801,-4.0000000012696546e-05,-2.0000000020559128e-05,3916,0,1,0,1,1,0,1.2999999999999998,2955.811414526423,84.45977973908603,13893.49652857986,1573,0
1073.75,1.1,10.5,-2.4,1806.5933,72.623245,-0.13390000000003965,0.001199999999926149,-0.00010000000020227162,0.006264999999999077,-2.4999999993724487e-05,1.500000001897206e-05,3917,0,1,0,1,1,0,1.2999999999999998,2955.518096988259,84.45675867355794,13895.664440626577,1574,0
1073.25,1.1,10.5,-2.4,1806.4604,72.62947,-0.1329000000000633,0.0009999999999763531,-0.0001999999999497959,0.006225000000000591,-3.999999999848569e-05,-1.5000000004761205e-05,3918,0,1,0,1,1,0,1.2999999999999998,2955.2248952283744,84.45374073819852,13897.832193193288,1575,0
1073.25,1.1,10.5,-2.4,1806.3287,72.63566,-0.13169999999990978,0.0012000000001535227,0.00020000000017716957,0.0061900000000036925,-3.499999999689862e-05,5.000000001587068e-06,3919,0,1,0,1,1,0,1.2999999999999998,2954.931809464286,84.45072592168367,13899.999787719991,1576,0
1073.25,1.1,10.5,-2.4,1806.1982,72.641815,-0.13049999999998363,0.001199999999926149,-2.2737367544323206e-13,0.006154999999992583,-3.500000001110948e-05,-1.4210854715202004e-14,3920,0,1,0,1,1,0,1.2999999999999998,2954.6388399132875,84.44771421270084,13902.167225646688,1577,0
1073.0,1.1,10.5,-2.4,1806.069,72.647934,-0.12920000000008258,0.001299999999901047,9.999999997489795e-05,0.00611900000001242,-3.599999998016301e-05,-9.999999690535333e-07,3921,0,1,0,1,1,0,1.2999999999999998,2954.3459868179502,84.44470559969403,13904.33450853338,1578,0
1069.75,1.1,10.5,-2.4,1805.9408,72.65402,-0.12819999999987886,0.0010000000002037268,-0.00029999999969732016,0.006085999999996261,-3.300000001615899e-05,2.9999999640040187e-06,3922,0,1,0,1,1,0,1.2999999999999998,2954.0532503441245,84.44170007188376,13906.501637580066,1579,0
1071.75,1.1,10.5,-2.4,1805.8138,72.66007,-0.12700000000018008,0.0011999999996987754,0.00019999999949504854,0.006050000000001887,-3.5999999994373866e-05,-2.9999999782148734e-06,3923,0,1,0,1,1,0,1.2999999999999998,2953.7606307084607,84.43869761773699,13908.668614226744,1580,0
1070.25,1.1,10.5,-2.4,1805.6881,72.666084,-0.12569999999982429,0.0013000000003557943,0.00010000000065701897,0.0060139999999933025,-3.600000000858472e-05,-1.4210854715202004e-14,3924,0,1,0,1,1,0,1.2999999999999998,2953.4681281528665,84.43569822573248,13910.835440033417,1581,0
1068.75,1.1,10.5,-2.4,1805.5635,72.67206,-0.12460000000010041,0.0010999999997238774,-0.00020000000063191692,0.005976000000003978,-3.799999998932435e-05,-1.9999999807396307e-06,3925,0,1,0,1,1,0,1.2999999999999998,2953.175742868059,84.43270188385125,13913.002116320085,1582,0
1068.5,1.1,10.5,-2.4,1805.4401,72.678,-0.12339999999994689,0.0012000000001535227,0.0001000000004296453,0.005939999999995393,-3.600000000858472e-05,1.9999999807396307e-06,3926,0,1,0,1,1,0,1.2999999999999998,2952.883475070028,84.42970858059589,13915.168644526746,1583,0
1068.25,1.1,10.5,-2.4,1805.318,72.68391,-0.12210000000004584,0.001299999999901047,9.999999974752427e-05,0.005910000000000082,-2.9999999995311555e-05,6.000000013273166e-06,3927,0,1,0,1,1,0,1.2999999999999998,2952.591325,84.42671830600814,13917.3350262134,1584,0
1066.75,1.1,10.5,-2.4,1805.197,72.68977,-0.12100000000009459,0.001099999999951251,-0.0001999999999497959,0.005859999999998422,-5.000000000165983e-05,-2.0000000006348273e-05,3928,0,1,0,1,1,0,1.2999999999999998,2952.299292848053,84.42373104504962,13919.50126270005,1585,0
1066.5,1.1,10.5,-2.4,1805.0773,72.69561,-0.11969999999996617,0.0013000000001284207,0.00020000000017716957,0.005840000000006285,-1.9999999992137418e-05,3.000000000952241e-05,3929,0,1,0,1,1,0,1.2999999999999998,2952.0073788549616,84.42074679033078,13921.667355546693,1586,0
1065.75,1.1,10.5,-2.4,1804.9587,72.7014,-0.11860000000001492,0.001099999999951251,-0.00020000000017716957,0.005790000000004625,-5.000000000165983e-05,-3.000000000952241e-05,3930,0,1,0,1,1,0,1.2999999999999998,2951.715583210379,84.41776552683795,13923.833306073333,1587,0
1066.25,1.1,10.5,-2.4,1804.8414,72.70716,-0.1172999999998865,0.0013000000001284207,0.00020000000017716957,0.005759999999995102,-3.000000000952241e-05,1.9999999992137418e-05,3931,0,1,0,1,1,0,1.2999999999999998,2951.4239061546286,84.41478724465921,13925.999115839964,1588,0
1066.75,1.1,10.5,-2.4,1804.7253,72.71288,-0.11609999999996035,0.001199999999926149,-0.00010000000020227162,0.005719999999996617,-3.999999999848569e-05,-9.999999988963282e-06,3932,0,1,0,1,1,0,1.2999999999999998,2951.1323479023645,84.41181193135012,13928.164786286592,1589,0
1066.25,1.1,10.5,-2.4,1804.6105,72.71856,-0.1148000000000593,0.001299999999901047,9.999999997489795e-05,0.005679999999998131,-3.999999999848569e-05,0.0,3933,0,1,0,1,1,0,1.2999999999999998,2950.8409086934416,84.4088395744789,13930.330318973212,1590,0
1065.75,1.1,10.5,-2.4,1804.4968,72.724205,-0.11370000000010805,0.001099999999951251,-0.0001999999999497959,0.005645000000001232,-3.499999999689862e-05,5.000000001587068e-06,3934,0,1,0,1,1,0,1.2999999999999998,2950.5495887166453,84.40587016289707,13932.495715219828,1591,0
1065.75,1.1,10.5,-2.4,1804.3845,72.72981,-0.11230000000000473,0.0014000000001033186,0.0003000000001520675,0.005605000000002747,-3.999999999848569e-05,-5.000000001587068e-06,3935,0,1,0,1,1,0,1.2999999999999998,2950.258388236789,84.40290368419714,13934.660976706438,1592,0
1066.0,1.1,10.5,-2.4,1804.2733,72.735374,-0.1111999999998261,0.0011000000001786248,-0.00029999999992469384,0.005563999999992575,-4.100000001017179e-05,-1.0000000116860974e-06,3936,0,1,0,1,1,0,1.2999999999999998,2949.967307442215,84.39994012573025,13936.826104753043,1593,0
1066.0,1.1,10.5,-2.4,1804.1635,72.740906,-0.10979999999995016,0.001399999999875945,0.00029999999969732016,0.005532000000002313,-3.199999999026204e-05,9.000000019909749e-06,3937,0,1,0,1,1,0,1.2999999999999998,2949.6763465972576,84.39697947714575,13938.991101039644,1594,0
1066.0,1.1,10.5,-2.4,1804.0549,72.74639,-0.10860000000002401,0.001199999999926149,-0.0001999999999497959,0.005484000000009814,-4.799999999249849e-05,-1.6000000002236447e-05,3938,0,1,0,1,1,0,1.2999999999999998,2949.385505915207,84.39402172404164,13941.155967006238,1595,0
1066.25,1.1,10.5,-2.4,1803.9476,72.75184,-0.10730000000012296,0.001299999999901047,9.999999997489795e-05,0.00544999999999618,-3.4000000013634235e-05,1.3999999978864253e-05,3939,0,1,0,1,1,0,1.2999999999999998,2949.0947856345174,84.39106685558376,13943.320704212829,1596,0
1068.25,1.1,10.5,-2.4,1803.8416,72.75725,-0.10599999999999454,0.0013000000001284207,2.2737367544323206e-13,0.005409999999997694,-3.999999999848569e-05,-5.999999984851456e-06,3940,0,1,0,1,1,0,1.2999999999999998,2948.804185993403,84.38811485942655,13945.485314219412,1597,0
1067.75,1.1,10.5,-2.4,1803.7367,72.76262,-0.10490000000004329,0.001099999999951251,-0.00020000000017716957,0.005369999999999209,-3.999999999848569e-05,0.0,3941,0,1,0,1,1,0,1.2999999999999998,2948.513707179097,84.38516572323694,13947.649798345992,1598,0
1069.25,1.1,10.5,-2.4,1803.6332,72.767944,-0.10349999999993997,0.0014000000001033186,0.0003000000001520675,0.005324000000001661,-4.5999999997548e-05,-5.999999999062311e-06,3942,0,1,0,1,1,0,1.2999999999999998,2948.22334945473,84.38221943317271,13949.814158272566,1599,0
1069.75,1.1,10.5,-2.4,1803.531,72.77324,-0.10220000000003893,0.001299999999901047,-0.00010000000020227162,0.0052960000000013,-2.800000000036107e-05,1.7999999997186933e-05,3943,0,1,0,1,1,0,1.2999999999999998,2947.933113057809,84.37927597996958,13951.978395559136,1600,0
1069.75,1.1,10.5,-2.4,1803.43,72.77849,-0.1009999999998854,0.0012000000001535227,-9.999999974752427e-05,0.005250000000003752,-4.5999999997548e-05,-1.7999999997186933e-05,3944,0,1,0,1,1,0,1.2999999999999998,2947.6429982002537,84.37633534980988,13954.142511645701,1601,0
1068.75,1.1,10.5,-2.4,1803.3304,72.78369,-0.09960000000000946,0.001399999999875945,0.00019999999972242222,0.005200000000002092,-5.000000000165983e-05,-4.0000000041118255e-06,3945,0,1,0,1,1,0,1.2999999999999998,2947.35300514445,84.37339752787634,13956.30650821226,1602,0
1069.75,1.1,10.5,-2.4,1803.2322,72.78886,-0.09820000000013351,0.001399999999875945,0.0,0.005169999999992569,-3.000000000952241e-05,1.9999999992137418e-05,3946,0,1,0,1,1,0,1.2999999999999998,2947.063134152521,84.37046250443375,13958.470386938816,1603,0
1068.75,1.1,10.5,-2.4,1803.1351,72.79398,-0.09709999999995489,0.0011000000001786248,-0.00029999999969732016,0.0051200000000051205,-4.999999998744897e-05,-1.9999999977926564e-05,3947,0,1,0,1,1,0,1.2999999999999998,2946.7733854103344,84.36753026469098,13960.634149145366,1604,0
1069.0,1.1,10.5,-2.4,1803.0394,72.799065,-0.09570000000007894,0.001399999999875945,0.00029999999969732016,0.005084999999994011,-3.500000001110948e-05,1.4999999976339495e-05,3948,0,1,0,1,1,0,1.2999999999999998,2946.483759179539,84.3646007976703,13962.797796511912,1605,0
1069.25,1.1,10.5,-2.4,1802.9451,72.80411,-0.09429999999997563,0.0014000000001033186,2.2737367544323206e-13,0.005044999999995525,-3.999999999848569e-05,-4.9999999873762135e-06,3949,0,1,0,1,1,0,1.2999999999999998,2946.194255721519,84.36167409113924,13964.961330718454,1606,0
1069.25,1.1,10.5,-2.4,1802.8519,72.809105,-0.09320000000002437,0.001099999999951251,-0.0003000000001520675,0.004995000000008076,-4.999999998744897e-05,-9.999999988963282e-06,3950,0,1,0,1,1,0,1.2999999999999998,2945.904875221463,84.35875013034673,13967.12475308499,1607,0
1069.0,1.1,10.5,-2.4,1802.7603,72.814064,-0.09159999999997126,0.0016000000000531145,0.0005000000001018634,0.004958999999999492,-3.600000000858472e-05,1.3999999978864253e-05,3951,0,1,0,1,1,0,1.2999999999999998,2945.6156179908908,84.3558289040992,13969.288065531522,1608,0
1069.25,1.1,10.5,-2.4,1802.6698,72.81898,-0.09050000000002001,0.001099999999951251,-0.0005000000001018634,0.004915999999994369,-4.3000000005122274e-05,-6.999999996537554e-06,3952,0,1,0,1,1,0,1.2999999999999998,2945.3264842145204,84.35291039944346,13971.45126937805,1609,0
1069.25,1.1,10.5,-2.4,1802.5807,72.82385,-0.08909999999991669,0.0014000000001033186,0.0003000000001520675,0.004869999999996821,-4.5999999997548e-05,-2.999999992425728e-06,3953,0,1,0,1,1,0,1.2999999999999998,2945.037474152757,84.34999460268082,13973.614366304575,1610,0
1069.0,1.1,10.5,-2.4,1802.493,72.82868,-0.08770000000004075,0.001399999999875945,-2.2737367544323206e-13,0.0048300000000125465,-3.9999999984274837e-05,6.000000013273166e-06,3954,0,1,0,1,1,0,1.2999999999999998,2944.7485880657396,84.34708150164349,13975.777357991094,1611,0
1069.75,1.1,10.5,-2.4,1802.4066,72.833466,-0.08639999999991232,0.0013000000001284207,-9.999999974752427e-05,0.004785999999995738,-4.400000001680837e-05,-4.000000032533535e-06,3955,0,1,0,1,1,0,1.2999999999999998,2944.4598261880687,84.34417108316481,13977.94024599761,1612,0
1070.25,1.1,10.5,-2.4,1802.3217,72.8382,-0.08490000000006148,0.0014999999998508429,0.00019999999972242222,0.004733999999999128,-5.199999999661031e-05,-7.999999979801942e-06,3956,0,1,0,1,1,0,1.2999999999999998,2944.17118880465,84.34126333206974,13980.103032124121,1613,0
1068.25,1.1,10.5,-2.4,1802.2379,72.8429,-0.08379999999988286,0.0011000000001786248,-0.0003999999996722181,0.004699999999999704,-3.399999999942338e-05,1.7999999997186933e-05,3957,0,1,0,1,1,0,1.2999999999999998,2943.8826760990396,84.33835823774633,13982.265717690629,1614,0
1070.25,1.1,10.5,-2.4,1802.1556,72.84756,-0.08230000000003201,0.0014999999998508429,0.0003999999996722181,0.004660000000001219,-3.999999999848569e-05,-5.999999999062311e-06,3958,0,1,0,1,1,0,1.2999999999999998,2943.5942883556454,84.3354557880778,13984.428304497133,1615,0
1071.25,1.1,10.5,-2.4,1802.0747,72.852165,-0.08090000000015607,0.001399999999875945,-9.999999997489795e-05,0.004604999999997972,-5.5000000003246896e-05,-1.5000000004761205e-05,3959,0,1,0,1,1,0,1.2999999999999998,2943.306025833333,84.33255596717171,13986.590794223632,1616,0
1071.25,1.1,10.5,-2.4,1801.9952,72.856735,-0.07949999999982538,0.0014000000003306923,4.547473508864641e-13,0.004570000000001073,-3.499999999689862e-05,2.0000000006348273e-05,3960,0,1,0,1,1,0,1.2999999999999998,2943.0178887907095,84.32965876420096,13988.753188550127,1617,0
1073.25,1.1,10.5,-2.4,1801.917,72.86125,-0.0782000000001517,0.0012999999996736733,-0.00010000000065701897,0.004514999999997826,-5.5000000003246896e-05,-2.0000000006348273e-05,3961,0,1,0,1,1,0,1.2999999999999998,2942.729877460878,84.32676416330136,13990.915489036619,1618,0
1074.25,1.1,10.5,-2.4,1801.8402,72.86573,-0.07679999999982101,0.0014000000003306923,0.00010000000065701897,0.004480000000000928,-3.499999999689862e-05,2.0000000006348273e-05,3962,0,1,0,1,1,0,1.2999999999999998,2942.441992101943,84.32387215367146,13993.077697363107,1619,0
1074.75,1.1,10.5,-2.4,1801.7648,72.870155,-0.07540000000017244,0.0013999999996485712,-6.821210263296962e-13,0.004424999999997681,-5.5000000003246896e-05,-2.0000000006348273e-05,3963,0,1,0,1,1,0,1.2999999999999998,2942.154232971746,84.32098271947528,13995.239815209592,1620,0
1074.75,1.1,10.5,-2.4,1801.6908,72.87454,-0.07399999999984175,0.0014000000003306923,6.821210263296962e-13,0.004384999999999195,-3.999999999848569e-05,1.5000000004761205e-05,3964,0,1,0,1,1,0,1.2999999999999998,2941.8666003278686,84.31809584867592,13997.401844256074,1621,0
1075.75,1.1,10.5,-2.4,1801.6182,72.87888,-0.07260000000019318,0.0013999999996485712,-6.821210263296962e-13,0.004339999999999122,-4.500000000007276e-05,-5.000000001587068e-06,3965,0,1,0,1,1,0,1.2999999999999998,2941.579094427635,84.3152115279879,13999.56378618255,1622,0
1073.75,1.1,10.5,-2.4,1801.547,72.88317,-0.07119999999986248,0.0014000000003306923,6.821210263296962e-13,0.004290000000011673,-4.999999998744897e-05,-4.9999999873762135e-06,3966,0,1,0,1,1,0,1.2999999999999998,2941.291715528107,84.31232974287875,14001.725642669026,1623,0
1075.25,1.1,10.5,-2.4,1801.4773,72.88742,-0.06970000000001164,0.0014999999998508429,9.99999995201506e-05,0.004249999999998977,-4.0000000012696546e-05,9.999999974752427e-06,3967,0,1,0,1,1,0,1.2999999999999998,2941.0044639112903,84.30945048135081,14003.887415515497,1624,0
1074.75,1.1,10.5,-2.4,1801.4089,72.89162,-0.0684000000001106,0.001299999999901047,-0.0001999999999497959,0.004199999999997317,-5.000000000165983e-05,-9.999999988963282e-06,3968,0,1,0,1,1,0,1.2999999999999998,2940.717339808516,84.30657372889897,14006.049106281964,1625,0
1075.75,1.1,10.5,-2.4,1801.3419,72.895775,-0.06700000000000728,0.0014000000001033186,0.00010000000020227162,0.004154999999997244,-4.500000000007276e-05,5.000000001587068e-06,3969,0,1,0,1,1,0,1.2999999999999998,2940.4303434760704,84.3036994722922,14008.21071664843,1626,0
1073.75,1.1,10.5,-2.4,1801.2764,72.89988,-0.06549999999992906,0.0015000000000782165,9.999999997489795e-05,0.004104999999995584,-5.000000000165983e-05,-5.000000001587068e-06,3970,0,1,0,1,1,0,1.2999999999999998,2940.143475195165,84.30082769705363,14010.37224841489,1627,0
1071.25,1.1,10.5,-2.4,1801.2123,72.90394,-0.06410000000005311,0.001399999999875945,-0.00010000000020227162,0.0040600000000097225,-4.4999999985861905e-05,5.000000015797923e-06,3971,0,1,0,1,1,0,1.2999999999999998,2939.8567352215505,84.29795838997985,14012.533703261348,1628,0
1071.0,1.1,10.5,-2.4,1801.1497,72.90795,-0.0625999999999749,0.0015000000000782165,0.00010000000020227162,0.004009999999993852,-5.000000001587068e-05,-5.000000030008778e-06,3972,0,1,0,1,1,0,1.2999999999999998,2939.5701238358924,84.2950915366222,14014.695082987802,1629,0
1071.25,1.1,10.5,-2.4,1801.0885,72.91191,-0.06119999999987158,0.0014000000001033186,-9.999999997489795e-05,0.003960000000006403,-4.999999998744897e-05,2.842170943040401e-14,3973,0,1,0,1,1,0,1.2999999999999998,2939.283641293407,84.29222712254656,14016.856389274255,1630,0
1071.25,1.1,10.5,-2.4,1801.0287,72.915825,-0.059799999999995634,0.001399999999875945,-2.2737367544323206e-13,0.003914999999992119,-4.5000000014283614e-05,4.999999973165359e-06,3974,0,1,0,1,1,0,1.2999999999999998,2938.9972878490566,84.2893651345912,14019.017623800704,1631,0
1070.25,1.1,10.5,-2.4,1800.9703,72.91969,-0.05840000000011969,0.001399999999875945,0.0,0.0038650000000046703,-4.999999998744897e-05,-4.999999973165359e-06,3975,0,1,0,1,1,0,1.2999999999999998,2938.711063757545,84.2865055583501,14021.17878824715,1632,0
1069.75,1.1,10.5,-2.4,1800.9136,72.923515,-0.0566999999998643,0.0017000000002553861,0.0003000000003794412,0.0038249999999919737,-4.0000000012696546e-05,9.999999974752427e-06,3976,0,1,0,1,1,0,1.2999999999999998,2938.4249693487554,84.2836483819462,14023.339884653595,1633,0
1070.75,1.1,10.5,-2.4,1800.8582,72.927284,-0.05540000000019063,0.0012999999996736733,-0.0004000000005817128,0.0037690000000054624,-5.5999999986511284e-05,-1.5999999973814738e-05,3977,0,1,0,1,1,0,1.2999999999999998,2938.1390048516846,84.2807935894922,14025.500914580036,1634,0
1070.75,1.1,10.5,-2.4,1800.8042,72.93101,-0.05399999999985994,0.0014000000003306923,0.00010000000065701897,0.00372600000000034,-4.3000000005122274e-05,1.299999998138901e-05,3978,0,1,0,1,1,0,1.2999999999999998,2937.8531705202313,84.27794116838402,14027.661879706475,1635,0
1072.75,1.1,10.5,-2.4,1800.7518,72.93468,-0.0524000000000342,0.0015999999998257408,0.00019999999949504854,0.003669999999999618,-5.600000000072214e-05,-1.2999999995599865e-05,3979,0,1,0,1,1,0,1.2999999999999998,2937.567466658292,84.27509110276382,14029.822781952911,1636,0
1072.75,1.1,10.5,-2.4,1800.7008,72.9383,-0.05099999999993088,0.0014000000001033186,-0.00019999999972242222,0.003619999999997958,-5.000000000165983e-05,5.999999999062311e-06,3980,0,1,0,1,1,0,1.2999999999999998,2937.2818935192163,84.2722433782969,14031.983622999345,1637,0
1071.75,1.1,10.5,-2.4,1800.6514,72.94187,-0.04940000000010514,0.0015999999998257408,0.00019999999972242222,0.0035699999999962984,-5.000000000165983e-05,0.0,3981,0,1,0,1,1,0,1.2999999999999998,2936.9964514063286,84.26939798066299,14034.144404765777,1638,0
1071.75,1.1,10.5,-2.4,1800.6034,72.9454,-0.04800000000000182,0.0014000000001033186,-0.00019999999972242222,0.0035300000000120235,-3.9999999984274837e-05,1.0000000017384991e-05,3982,0,1,0,1,1,0,1.2999999999999998,2936.7111405724327,84.26655489806679,14036.305128932205,1639,0
1071.75,1.1,10.5,-2.4,1800.5569,72.94887,-0.0464999999999236,0.0015000000000782165,9.999999997489795e-05,0.0034699999999929787,-6.000000001904482e-05,-2.0000000034769982e-05,3983,0,1,0,1,1,0,1.2999999999999998,2936.4259612951805,84.26371411370481,14038.465797298632,1640,0
1070.75,1.1,10.5,-2.4,1800.5118,72.95229,-0.04510000000004766,0.001399999999875945,-0.00010000000020227162,0.0034200000000055297,-4.999999998744897e-05,1.0000000031595846e-05,3984,0,1,0,1,1,0,1.2999999999999998,2936.140913826851,84.26087561329987,14040.626411545056,1641,0
1069.25,1.1,10.5,-2.4,1800.4684,72.955666,-0.043400000000019645,0.0017000000000280124,0.0003000000001520675,0.0033759999999887214,-4.400000001680837e-05,5.9999999706406015e-06,3985,0,1,0,1,1,0,1.2999999999999998,2935.8559984947315,84.25803938409433,14042.786973711478,1642,0
1068.25,1.1,10.5,-2.4,1800.4264,72.958984,-0.041999999999916326,0.0014000000001033186,-0.00029999999992469384,0.0033180000000072596,-5.799999998146177e-05,-1.3999999964653398e-05,3986,0,1,0,1,1,0,1.2999999999999998,2935.5712155505394,84.25520540983196,14044.9474854779,1643,0
1068.75,1.1,10.5,-2.4,1800.3859,72.96226,-0.040500000000065484,0.0014999999998508429,9.999999974752427e-05,0.0032759999999996126,-4.200000000764703e-05,1.5999999973814738e-05,3987,0,1,0,1,1,0,1.2999999999999998,2935.2865652708124,84.25237367828485,14047.107948644318,1644,0
1071.25,1.1,10.5,-2.4,1800.3469,72.96548,-0.03899999999998727,0.0015000000000782165,2.2737367544323206e-13,0.0032199999999988904,-5.600000000072214e-05,-1.3999999993075107e-05,3988,0,1,0,1,1,0,1.2999999999999998,2935.0020479318123,84.24954417372776,14049.268365010734,1645,0
1071.5,1.1,10.5,-2.4,1800.3096,72.96864,-0.037299999999959255,0.0017000000000280124,0.0001999999999497959,0.0031599999999940565,-6.0000000004833964e-05,-4.0000000041118255e-06,3989,0,1,0,1,1,0,1.2999999999999998,2934.7176638596493,84.24671687944863,14051.42873661715,1646,0
1071.5,1.1,10.5,-2.4,1800.2737,72.971756,-0.03590000000008331,0.001399999999875945,-0.0003000000001520675,0.00311600000000567,-4.399999998838666e-05,1.6000000016447302e-05,3990,0,1,0,1,1,0,1.2999999999999998,2934.433413304936,84.24389178276121,14053.589065143562,1647,0
1071.25,1.1,10.5,-2.4,1800.2393,72.97482,-0.03440000000000509,0.0015000000000782165,0.00010000000020227162,0.0030639999999948486,-5.200000001082117e-05,-8.000000022434506e-06,3991,0,1,0,1,1,0,1.2999999999999998,2934.1492965430866,84.24106886898798,14055.749352389974,1648,0
1071.5,1.1,10.5,-2.4,1800.2064,72.97783,-0.03289999999992688,0.0015000000000782165,0.0,0.003010000000003288,-5.39999999915608e-05,-1.9999999807396307e-06,3992,0,1,0,1,1,0,1.2999999999999998,2933.8653138492364,84.23824812296519,14057.909600156383,1649,0
1072.25,1.1,10.5,-2.4,1800.1752,72.98079,-0.031200000000126238,0.0016999999998006388,0.00019999999972242222,0.002960000000001628,-5.000000000165983e-05,3.999999989900971e-06,3993,0,1,0,1,1,0,1.2999999999999998,2933.5814655483227,84.23542953054582,14060.069810482792,1650,0
1073.75,1.1,10.5,-2.4,1800.1455,72.983696,-0.029699999999820648,0.0015000000003055902,-0.00019999999949504854,0.0029059999999958563,-5.400000000577165e-05,-4.0000000041118255e-06,3994,0,1,0,1,1,0,1.2999999999999998,2933.2977519148935,84.23261307659575,14062.229985169199,1651,0
1073.25,1.1,10.5,-2.4,1800.1173,72.98654,-0.02820000000019718,0.0014999999996234692,-6.821210263296962e-13,0.0028440000000102827,-6.19999999855736e-05,-7.999999979801942e-06,3995,0,1,0,1,1,0,1.2999999999999998,2933.014173223223,84.22979874399398,14064.390126015605,1652,0
1074.25,1.1,10.5,-2.4,1800.0907,72.98934,-0.02659999999991669,0.0016000000002804882,0.00010000000065701897,0.0027999999999934744,-4.400000001680837e-05,1.7999999968765223e-05,3996,0,1,0,1,1,0,1.2999999999999998,2932.730729772329,84.2269865201401,14066.55023494201,1653,0
1075.75,1.1,10.5,-2.4,1800.0657,72.99209,-0.024999999999863576,0.0016000000000531145,-2.2737367544323206e-13,0.0027500000000060254,-4.999999998744897e-05,-5.9999999706406015e-06,3997,0,1,0,1,1,0,1.2999999999999998,2932.4474218609307,84.22417639094547,14068.710313868412,1654,0
1074.75,1.1,10.5,-2.4,1800.0422,72.99478,-0.023500000000012733,0.0014999999998508429,-0.00010000000020227162,0.0026900000000011914,-6.0000000004833964e-05,-1.0000000017384991e-05,3998,0,1,0,1,1,0,1.2999999999999998,2932.1642497624402,84.22136833983497,14070.870364594815,1655,0
1074.25,1.1,10.5,-2.4,1800.0203,72.99741,-0.021900000000186992,0.0015999999998257408,9.999999997489795e-05,0.0026299999999963575,-6.0000000004833964e-05,0.0,3999,0,1,0,1,1,0,1.2999999999999998,2931.881213775,84.21856235025,14073.030389041216,1656,0
1074.25,1.1,10.5,-2.4,1800.0,73.0,-0.020299999999906504,0.0016000000002804882,4.547473508864641e-13,0.0025899999999978718,-3.999999999848569e-05,2.0000000006348273e-05,4000,0,1,0,1,1,0,1.2999999999999998,2931.598314196451,84.21575841064734,14075.190389127616,1657,0
1074.0,1.1,10.5,-2.4,1799.9813,73.002525,-0.018700000000080763,0.0015999999998257408,-4.547473508864641e-13,0.0025250000000056616,-6.499999999221018e-05,-2.4999999993724487e-05,4001,0,1,0,1,1,0,1.2999999999999998,2931.315551324338,84.21295650324838,14077.350366774015,1658,0
1074.25,1.1,10.5,-2.4,1799.9641,73.005005,-0.017200000000002547,0.0015000000000782165,-9.999999974752427e-05,0.002479999999991378,-4.5000000014283614e-05,1.9999999977926564e-05,4002,0,1,0,1,1,0,1.2999999999999998,2931.0329254309268,84.21015661528853,14079.510323780412,1659,0
1074.25,1.1,10.5,-2.4,1799.9486,73.00742,-0.015499999999974534,0.0017000000000280124,0.0001999999999497959,0.002414999999999168,-6.499999999221018e-05,-1.9999999977926564e-05,4003,0,1,0,1,1,0,1.2999999999999998,2930.750436838162,84.20735872902098,14081.67026218681,1660,0
1073.75,1.1,10.5,-2.4,1799.9346,73.00979,-0.013999999999896318,0.0015000000000782165,-0.0001999999999497959,0.002369999999999095,-4.500000000007276e-05,1.9999999992137418e-05,4004,0,1,0,1,1,0,1.2999999999999998,2930.468085817728,84.20456283171036,14083.830183793207,1661,0
1073.75,1.1,10.5,-2.4,1799.9222,73.0121,-0.012400000000070577,0.0015999999998257408,9.999999974752427e-05,0.002310000000008472,-5.999999999062311e-05,-1.499999999055035e-05,4005,0,1,0,1,1,0,1.2999999999999998,2930.185872666001,84.20176890688967,14085.990090519603,1662,0
1073.75,1.1,10.5,-2.4,1799.9114,73.01436,-0.010800000000017462,0.0016000000000531145,2.2737367544323206e-13,0.0022599999999926013,-5.000000001587068e-05,9.999999974752427e-06,4006,0,1,0,1,1,0,1.2999999999999998,2929.903797679062,84.19897694060396,14088.149984286,1663,0
1073.75,1.1,10.5,-2.4,1799.9021,73.016556,-0.009299999999939246,0.0015000000000782165,-9.999999997489795e-05,0.0021959999999978663,-6.399999999473494e-05,-1.3999999978864253e-05,4007,0,1,0,1,1,0,1.2999999999999998,2929.621861127744,84.19618691541916,14090.309866892394,1664,0
1073.75,1.1,10.5,-2.4,1799.8944,73.01871,-0.007700000000113505,0.0015999999998257408,9.999999974752427e-05,0.00215400000000443,-4.199999999343618e-05,2.200000000129876e-05,4008,0,1,0,1,1,0,1.2999999999999998,2929.340063307558,84.19339881940633,14092.46974025879,1665,0
1073.75,1.1,10.5,-2.4,1799.8882,73.020805,-0.006199999999807915,0.0015000000003055902,-9.99999995201506e-05,0.0020949999999970714,-5.900000000735872e-05,-1.7000000013922545e-05,4009,0,1,0,1,1,0,1.2999999999999998,2929.058404488778,84.19061263640899,14094.629606185184,1666,0
1073.75,1.1,10.5,-2.4,1799.8835,73.02285,-0.0047000000001844455,0.0014999999996234692,-6.821210263296962e-13,0.0020450000000096225,-4.999999998744897e-05,9.000000019909749e-06,4010,0,1,0,1,1,0,1.2999999999999998,2928.776884941411,84.18782835253053,14096.789466471579,1667,0
1074.25,1.1,10.5,-2.4,1799.8805,73.02483,-0.0029999999999290594,0.0017000000002553861,0.00020000000063191692,0.0019799999999889906,-6.500000002063189e-05,-1.5000000033182914e-05,4011,0,1,0,1,1,0,1.2999999999999998,2928.495504985045,84.18504595014954,14098.949323157973,1668,0
1073.25,1.1,10.5,-2.4,1799.8789,73.02677,-0.0016000000000531145,0.001399999999875945,-0.0003000000003794412,0.0019400000000047157,-3.9999999984274837e-05,2.500000003635705e-05,4012,0,1,0,1,1,0,1.2999999999999998,2928.2142648641916,84.18226541789184,14101.109177924367,1669,0
1074.25,1.1,10.5,-2.4,1799.8789,73.028656,0.0,0.0016000000000531145,0.00020000000017716957,0.001885999999998944,-5.400000000577165e-05,-1.4000000021496817e-05,4013,0,1,0,1,1,0,1.2999999999999998,2927.933164872945,84.17948674090682,14103.269032690761,1670,0
1074.25,1.1,10.5,-2.4,1799.8805,73.03049,0.0016000000000531145,0.0016000000000531145,0.0,0.0018340000000023338,-5.199999999661031e-05,2.00000000916134e-06,4014,0,1,0,1,1,0,1.2999999999999998,2927.652205305106,84.17670990485678,14105.428889377155,1671,0
1073.25,1.1,10.5,-2.4,1799.8835,73.032265,0.0029999999999290594,0.001399999999875945,-0.00020000000017716957,0.001774999999994975,-5.900000000735872e-05,-7.000000010748408e-06,4015,0,1,0,1,1,0,1.2999999999999998,2927.3713864043825,84.1739348936753,14107.58874966355,1672,0
1073.0,1.1,10.5,-2.4,1799.8882,73.03399,0.0047000000001844455,0.0017000000002553861,0.0003000000003794412,0.001725000000007526,-4.999999998744897e-05,9.000000019909749e-06,4016,0,1,0,1,1,0,1.2999999999999998,2927.0907084889222,84.1711616935524,14109.748615589944,1673,0
1072.25,1.1,10.5,-2.4,1799.8943,73.03566,0.006099999999833017,0.0013999999996485712,-0.00030000000060681487,0.0016699999999900683,-5.500000001745775e-05,-5.000000030008778e-06,4017,0,1,0,1,1,0,1.2999999999999998,2926.8101718018916,84.16839028944749,14111.90848883634,1674,0
1071.25,1.1,10.5,-2.4,1799.9019,73.03728,0.007600000000138607,0.0015000000003055902,0.00010000000065701897,0.0016200000000026193,-4.999999998744897e-05,5.000000030008778e-06,4018,0,1,0,1,1,0,1.2999999999999998,2926.529776611097,84.16562066757899,14114.068371202735,1675,0
1069.75,1.1,10.5,-2.4,1799.911,73.03884,0.00909999999998945,0.0014999999998508429,-4.547473508864641e-13,0.0015599999999977854,-6.0000000004833964e-05,-1.0000000017384991e-05,4019,0,1,0,1,1,0,1.2999999999999998,2926.24952318408,84.16285281169154,14116.228264489131,1676,0
1069.25,1.1,10.5,-2.4,1799.9216,73.04036,0.010599999999840293,0.0014999999998508429,0.0,0.0015200000000135105,-3.9999999984274837e-05,2.0000000020559128e-05,4020,0,1,0,1,1,0,1.2999999999999998,2925.969411788112,84.16008671051978,14118.388170495527,1677,0
1070.25,1.1,10.5,-2.4,1799.9338,73.041824,0.012200000000120781,0.0016000000002804882,0.0001000000004296453,0.0014639999999985776,-5.6000000014932994e-05,-1.6000000030658157e-05,4021,0,1,0,1,1,0,1.2999999999999998,2925.6894427150673,84.15732234883143,14120.548091141924,1678,0
1070.5,1.1,10.5,-2.4,1799.9474,73.043236,0.013599999999996726,0.001399999999875945,-0.00020000000040454324,0.0014119999999877564,-5.200000001082117e-05,4.0000000041118255e-06,4022,0,1,0,1,1,0,1.2999999999999998,2925.409616206811,84.15455971240367,14122.708028108322,1679,0
1070.75,1.1,10.5,-2.4,1799.9625,73.04459,0.015100000000074942,0.0015000000000782165,0.00010000000020227162,0.0013540000000062946,-5.799999998146177e-05,-5.9999999706406015e-06,4023,0,1,0,1,1,0,1.2999999999999998,2925.129932529821,84.15179878553677,14124.86798319472,1680,0
1072.25,1.1,10.5,-2.4,1799.9792,73.0459,0.016699999999900683,0.0015999999998257408,9.999999974752427e-05,0.001310000000003697,-4.400000000259752e-05,1.3999999978864253e-05,4024,0,1,0,1,1,0,1.2999999999999998,2924.850391975155,84.14903955602485,14127.027958321118,1681,0
1073.75,1.1,10.5,-2.4,1799.9973,73.04715,0.018100000000004002,0.0014000000001033186,-0.00019999999972242222,0.0012499999999988631,-6.0000000004833964e-05,-1.6000000002236447e-05,4025,0,1,0,1,1,0,1.2999999999999998,2924.5709947839046,84.14628200769995,14129.187955167517,1682,0
1072.75,1.1,10.5,-2.4,1800.0168,73.048355,0.01950000000010732,0.0014000000001033186,0.0,0.0012049999999987904,-4.500000000007276e-05,1.5000000004761205e-05,4026,0,1,0,1,1,0,1.2999999999999998,2924.291741196921,84.14352612813508,14131.347975413919,1683,0
1073.75,1.1,10.5,-2.4,1800.038,73.04951,0.02119999999990796,0.0016999999998006388,0.00029999999969732016,0.0011549999999971305,-5.000000000165983e-05,-5.000000001587068e-06,4027,0,1,0,1,1,0,1.2999999999999998,2924.0126315292946,84.14077190367429,14133.50802110032,1684,0
1074.0,1.1,10.5,-2.4,1800.0605,73.05061,0.02250000000003638,0.0013000000001284207,-0.0003999999996722181,0.0011000000000080945,-5.499999998903604e-05,-4.9999999873762135e-06,4028,0,1,0,1,1,0,1.2999999999999998,2923.7336659965254,84.13801931943411,14135.668093786724,1685,0
1073.25,1.1,10.5,-2.4,1800.0845,73.05166,0.023999999999887223,0.0014999999998508429,0.00019999999972242222,0.0010499999999922238,-5.000000001587068e-05,4.999999973165359e-06,4029,0,1,0,1,1,0,1.2999999999999998,2923.4548448635237,84.1352683617866,14137.828195273127,1686,0
1073.5,1.1,10.5,-2.4,1800.11,73.05266,0.02549999999996544,0.0015000000000782165,2.2737367544323206e-13,0.0010000000000047748,-4.999999998744897e-05,2.842170943040401e-14,4030,0,1,0,1,1,0,1.2999999999999998,2923.1761683949394,84.13251901711733,14139.988327359533,1687,0
1074.25,1.1,10.5,-2.4,1800.137,73.053604,0.027000000000043656,0.0015000000000782165,0.0,0.0009440000000040527,-5.600000000072214e-05,-6.000000013273166e-06,4031,0,1,0,1,1,0,1.2999999999999998,2922.897636855159,84.1297712703373,14142.14849184594,1688,0
1073.25,1.1,10.5,-2.4,1800.1653,73.054504,0.028299999999944703,0.001299999999901047,-0.00020000000017716957,0.0008999999999872443,-4.400000001680837e-05,1.1999999983913767e-05,4032,0,1,0,1,1,0,1.2999999999999998,2922.6192504587157,84.12702510934788,14144.308690292348,1689,0
1072.25,1.1,10.5,-2.4,1800.1952,73.05535,0.02990000000022519,0.0016000000002804882,0.0003000000003794412,0.0008460000000098944,-5.3999999977349944e-05,-9.999999960541572e-06,4033,0,1,0,1,1,0,1.2999999999999998,2922.3410094942988,84.12428051958354,14146.468924618757,1690,0
1071.25,1.1,10.5,-2.4,1800.2264,73.056145,0.031199999999898864,0.0012999999996736733,-0.00030000000060681487,0.0007949999999965485,-5.1000000013345925e-05,2.9999999640040187e-06,4034,0,1,0,1,1,0,1.2999999999999998,2922.0629141759605,84.12153748723668,14148.629196385167,1691,0
1071.75,1.1,10.5,-2.4,1800.2592,73.05689,0.03279999999995198,0.0016000000000531145,0.0003000000003794412,0.0007449999999948886,-5.000000000165983e-05,1.0000000116860974e-06,4035,0,1,0,1,1,0,1.2999999999999998,2921.7849647918733,84.11879599876114,14150.78950751158,1692,0
1070.75,1.1,10.5,-2.4,1800.2933,73.05759,0.0341000000000804,0.0013000000001284207,-0.00029999999992469384,0.0007000000000090267,-4.4999999985861905e-05,5.000000015797923e-06,4036,0,1,0,1,1,0,1.2999999999999998,2921.5071615556108,84.11605604186278,14152.949859557993,1693,0
1070.75,1.1,10.5,-2.4,1800.329,73.058235,0.03569999999990614,0.0015999999998257408,0.00029999999969732016,0.000644999999991569,-5.500000001745775e-05,-1.0000000031595846e-05,4037,0,1,0,1,1,0,1.2999999999999998,2921.229504754829,84.11331760178307,14155.11025444441,1694,0
1070.25,1.1,10.5,-2.4,1800.366,73.05883,0.03700000000003456,0.0013000000001284207,-0.00029999999969732016,0.00059500000000412,-4.999999998744897e-05,5.000000030008778e-06,4038,0,1,0,1,1,0,1.2999999999999998,2920.9519946026244,84.1105806650161,14157.270693730828,1695,0
1069.75,1.1,10.5,-2.4,1800.4044,73.05937,0.038399999999910506,0.001399999999875945,9.999999974752427e-05,0.0005400000000008731,-5.5000000003246896e-05,-5.000000015797923e-06,4039,0,1,0,1,1,0,1.2999999999999998,2920.674631336634,84.10784521683168,14159.431179097248,1696,0
1068.75,1.1,10.5,-2.4,1800.4443,73.05987,0.039900000000216096,0.0015000000003055902,0.0001000000004296453,0.0005000000000023874,-3.999999999848569e-05,1.5000000004761205e-05,4040,0,1,0,1,1,0,1.2999999999999998,2920.3974152190053,84.10511124622617,14161.591712343668,1697,0
1069.0,1.1,10.5,-2.4,1800.4856,73.06031,0.04129999999986467,0.0013999999996485712,-0.00010000000065701897,0.00043999999999755346,-6.0000000004833964e-05,-2.0000000006348273e-05,4041,0,1,0,1,1,0,1.2999999999999998,2920.1203464868877,84.10237873725879,14163.752295150092,1698,0
1069.75,1.1,10.5,-2.4,1800.5283,73.06071,0.042699999999967986,0.0014000000001033186,4.547473508864641e-13,0.00039999999999906777,-3.999999999848569e-05,2.0000000006348273e-05,4042,0,1,0,1,1,0,1.2999999999999998,2919.843425377195,84.09964767895127,14165.912929196516,1699,0
1069.75,1.1,10.5,-2.4,1800.5725,73.06106,0.0442000000000462,0.0015000000000782165,9.999999997489795e-05,0.00034999999999740794,-5.000000000165983e-05,-1.0000000003174137e-05,4043,0,1,0,1,1,0,1.2999999999999998,2919.5666521513353,84.09691805786349,14168.073616282945,1700,0
1068.25,1.1,10.5,-2.4,1800.618,73.061356,0.04549999999994725,0.001299999999901047,-0.00020000000017716957,0.00029600000000584714,-5.39999999915608e-05,-3.999999989900971e-06,4044,0,1,0,1,1,0,1.2999999999999998,2919.2900270210134,84.09418985957973,14170.234357969373,1701,0
1066.75,1.1,10.5,-2.4,1800.6649,73.0616,0.04690000000005057,0.0014000000001033186,0.00010000000020227162,0.00024399999999502597,-5.200000001082117e-05,1.9999999807396307e-06,4045,0,1,0,1,1,0,1.2999999999999998,2919.013550222442,84.09146307019279,14172.395155935807,1702,0
1067.25,1.1,10.5,-2.4,1800.7133,73.0618,0.04839999999990141,0.0014999999998508429,9.999999974752427e-05,0.0002000000000066393,-4.399999998838666e-05,8.000000022434506e-06,4046,0,1,0,1,1,0,1.2999999999999998,2918.7372220163084,84.08873767778601,14174.55601198224,1703,0
1066.75,1.1,10.5,-2.4,1800.763,73.06195,0.04970000000002983,0.0013000000001284207,-0.00019999999972242222,0.00014999999999076863,-5.000000001587068e-05,-6.00000002748402e-06,4047,0,1,0,1,1,0,1.2999999999999998,2918.4610426136364,84.08601366897233,14176.716927668676,1704,0
1067.0,1.1,10.5,-2.4,1800.8141,73.06205,0.05110000000013315,0.0014000000001033186,9.999999997489795e-05,0.00010000000000331966,-4.999999998744897e-05,2.842170943040401e-14,4048,0,1,0,1,1,0,1.2999999999999998,2918.1850122499386,84.08329103037786,14178.877904675115,1705,0
1068.25,1.1,10.5,-2.4,1800.8666,73.0621,0.052500000000009095,0.001399999999875945,-2.2737367544323206e-13,5.000000000165983e-05,-5.000000000165983e-05,-1.4210854715202004e-14,4049,0,1,0,1,1,0,1.2999999999999998,2917.909131160494,84.08056974864196,14181.038944681557,1706,0
1071.25,1.1,10.5,-2.4,1800.9204,73.0621,0.05379999999991014,0.001299999999901047,-9.999999997489795e-05,0.0,-5.000000000165983e-05,0.0,4050,0,1,0,1,1,0,1.2999999999999998,2917.633399555665,84.07784981041718,14183.200049248002,1707,0
1072.25,1.1,10.5,-2.4,1800.9756,73.062065,0.05520000000001346,0.0014000000001033186,0.00010000000020227162,-3.499999999689862e-05,-3.499999999689862e-05,1.5000000004761205e-05,4051,0,1,0,1,1,0,1.2999999999999998,2917.3578176702863,84.07513120607108,14185.361220054448,1708,0
1072.5,1.1,10.5,-2.4,1801.0322,73.061966,0.05660000000011678,0.0014000000001033186,0.0,-9.900000000584441e-05,-6.400000000894579e-05,-2.9000000012047167e-05,4052,0,1,0,1,1,0,1.2999999999999998,2917.0823857389587,84.07241391882557,14187.522458780899,1709,0
1072.25,1.1,10.5,-2.4,1801.0902,73.06183,0.057999999999992724,0.001399999999875945,-2.2737367544323206e-13,-0.00013599999999769352,-3.699999999184911e-05,2.700000001709668e-05,4053,0,1,0,1,1,0,1.2999999999999998,2916.8071039960532,84.06969793857918,14189.68376710735,1710,0
1072.25,1.1,10.5,-2.4,1801.1495,73.06164,0.05929999999989377,0.001299999999901047,-9.999999997489795e-05,-0.00019000000000346517,-5.400000000577165e-05,-1.7000000013922545e-05,4054,0,1,0,1,1,0,1.2999999999999998,2916.531972651048,84.0669832510481,14191.845146593805,1711,0
1069.75,1.1,10.5,-2.4,1801.2103,73.0614,0.06079999999997199,0.0015000000000782165,0.00020000000017716957,-0.00023999999999091415,-4.999999998744897e-05,4.00000001832268e-06,4055,0,1,0,1,1,0,1.2999999999999998,2916.256991962525,84.06426984294872,14194.006599040264,1712,0
1070.25,1.1,10.5,-2.4,1801.2723,73.06112,0.06200000000012551,0.0012000000001535227,-0.00029999999992469384,-0.0002800000000036107,-4.0000000012696546e-05,9.999999974752427e-06,4056,0,1,0,1,1,0,1.2999999999999998,2915.982162114863,84.06155770347547,14196.168125886725,1713,0
1070.25,1.1,10.5,-2.4,1801.3357,73.06078,0.06340000000000146,0.001399999999875945,0.00019999999972242222,-0.00034000000000844466,-6.0000000004833964e-05,-1.9999999992137418e-05,4057,0,1,0,1,1,0,1.2999999999999998,2915.7074833415472,84.05884681690488,14198.329728813189,1714,0
1070.25,1.1,10.5,-2.4,1801.4005,73.0604,0.0647999999998774,0.001399999999875945,0.0,-0.0003799999999927195,-3.9999999984274837e-05,2.0000000020559128e-05,4058,0,1,0,1,1,0,1.2999999999999998,2915.432955875832,84.05613717245627,14200.491409499657,1715,0
1069.25,1.1,10.5,-2.4,1801.4666,73.059975,0.06610000000000582,0.0013000000001284207,-9.999999974752427e-05,-0.0004250000000070031,-4.5000000014283614e-05,-5.000000030008778e-06,4059,0,1,0,1,1,0,1.2999999999999998,2915.1585799261084,84.05342875812808,14202.653169506126,1716,0
1069.0,1.1,10.5,-2.4,1801.5339,73.0595,0.06729999999993197,0.001199999999926149,-0.00010000000020227162,-0.0004749999999944521,-4.999999998744897e-05,-4.999999973165359e-06,4060,0,1,0,1,1,0,1.2999999999999998,2914.884355675942,84.05072156069934,14204.8150102726,1717,0
1067.25,1.1,10.5,-2.4,1801.6027,73.058975,0.06880000000001019,0.0015000000000782165,0.0003000000001520675,-0.0005249999999961119,-5.000000000165983e-05,-1.4210854715202004e-14,4061,0,1,0,1,1,0,1.2999999999999998,2914.6102833825703,84.04801556696209,14206.976933599077,1718,0
1067.25,1.1,10.5,-2.4,1801.6729,73.05841,0.0702000000001135,0.0014000000001033186,-9.999999997489795e-05,-0.0005650000000088085,-4.0000000012696546e-05,9.999999988963282e-06,4062,0,1,0,1,1,0,1.2999999999999998,2914.3363632783658,84.04531076618262,14209.138941165558,1719,0
1067.0,1.1,10.5,-2.4,1801.7443,73.05779,0.07140000000003965,0.001199999999926149,-0.00020000000017716957,-0.0006199999999978445,-5.499999998903604e-05,-1.4999999976339495e-05,4063,0,1,0,1,1,0,1.2999999999999998,2914.0625955462597,84.04260714394685,14211.301034412041,1720,0
1068.75,1.1,10.5,-2.4,1801.8169,73.05713,0.0725999999999658,0.001199999999926149,0.0,-0.0006599999999963302,-3.999999999848569e-05,1.499999999055035e-05,4064,0,1,0,1,1,0,1.2999999999999998,2913.7889803690036,84.03990468954488,14213.463214778529,1721,0
1070.75,1.1,10.5,-2.4,1801.891,73.05642,0.07410000000004402,0.0015000000000782165,0.0003000000001520675,-0.00070999999999799,-5.000000000165983e-05,-1.0000000003174137e-05,4065,0,1,0,1,1,0,1.2999999999999998,2913.5155180029515,84.037203389818,14215.62548406502,1722,0
1071.25,1.1,10.5,-2.4,1801.9663,73.05566,0.07529999999997017,0.001199999999926149,-0.0003000000001520675,-0.0007599999999996498,-5.000000000165983e-05,0.0,4066,0,1,0,1,1,0,1.2999999999999998,2913.24220863044,84.03450323162035,14217.787843711514,1723,0
1069.75,1.1,10.5,-2.4,1802.043,73.054855,0.07669999999984611,0.001399999999875945,0.0001999999999497959,-0.0008049999999997226,-4.500000000007276e-05,5.000000001587068e-06,4067,0,1,0,1,1,0,1.2999999999999998,2912.9690524827924,84.03180420304818,14219.950295398012,1724,0
1070.0,1.1,10.5,-2.4,1802.121,73.05401,0.07800000000020191,0.0013000000003557943,-9.99999995201506e-05,-0.0008449999999982083,-3.999999999848569e-05,5.000000001587068e-06,4068,0,1,0,1,1,0,1.2999999999999998,2912.6960497665277,84.02910629343819,14222.112840684513,1725,0
1069.75,1.1,10.5,-2.4,1802.2002,73.05311,0.07919999999990068,0.0011999999996987754,-0.00010000000065701897,-0.0009000000000014552,-5.5000000003246896e-05,-1.5000000004761205e-05,4069,0,1,0,1,1,0,1.2999999999999998,2912.4232006633906,84.02640948845209,14224.275481011018,1726,0
1069.25,1.1,10.5,-2.4,1802.2808,73.05217,0.080600000000004,0.0014000000001033186,0.00020000000040454324,-0.0009399999999999409,-3.999999999848569e-05,1.5000000004761205e-05,4070,0,1,0,1,1,0,1.2999999999999998,2912.1505054040776,84.02371377745025,14226.438218057529,1727,0
1068.75,1.1,10.5,-2.4,1802.3625,73.05118,0.08169999999995525,0.001099999999951251,-0.0003000000001520675,-0.0009900000000016007,-5.000000000165983e-05,-1.0000000003174137e-05,4071,0,1,0,1,1,0,1.2999999999999998,2911.877964145383,84.02101914734774,14228.601053144042,1728,0
1067.25,1.1,10.5,-2.4,1802.4457,73.05015,0.08320000000003347,0.0015000000000782165,0.00040000000012696546,-0.0010300000000000864,-3.999999999848569e-05,1.0000000003174137e-05,4072,0,1,0,1,1,0,1.2999999999999998,2911.6055771421557,84.01832558752761,14230.76398807056,1729,0
1067.75,1.1,10.5,-2.4,1802.5302,73.049065,0.08449999999993452,0.001299999999901047,-0.00020000000017716957,-0.0010850000000033333,-5.5000000003246896e-05,-1.5000000004761205e-05,4073,0,1,0,1,1,0,1.2999999999999998,2911.333344599902,84.01563308370153,14232.92702439708,1730,0
1067.75,1.1,10.5,-2.4,1802.6158,73.04794,0.08560000000011314,0.0011000000001786248,-0.00019999999972242222,-0.001125000000001819,-3.999999999848569e-05,1.5000000004761205e-05,4074,0,1,0,1,1,0,1.2999999999999998,2911.0612666748466,84.01294162527608,14235.090163443607,1731,0
1068.75,1.1,10.5,-2.4,1802.7028,73.04677,0.08699999999998909,0.001399999999875945,0.00029999999969732016,-0.0011700000000018917,-4.500000000007276e-05,-5.000000001587068e-06,4075,0,1,0,1,1,0,1.2999999999999998,2910.789343596663,84.0102512004416,14237.253406890137,1732,0
1068.5,1.1,10.5,-2.4,1802.791,73.045555,0.08819999999991524,0.001199999999926149,-0.0001999999999497959,-0.0012150000000019645,-4.500000000007276e-05,0.0,4076,0,1,0,1,1,0,1.2999999999999998,2910.5175755457444,84.00756179740004,14239.41675617667,1733,0
1068.25,1.1,10.5,-2.4,1802.8805,73.04429,0.08950000000004366,0.0013000000001284207,0.00010000000020227162,-0.0012649999999894135,-4.999999998744897e-05,-4.9999999873762135e-06,4077,0,1,0,1,1,0,1.2999999999999998,2910.2459627268267,84.00487340313879,14241.580212863208,1734,0
1066.25,1.1,10.5,-2.4,1802.9712,73.042984,0.0906999999999698,0.001199999999926149,-0.00010000000020227162,-0.0013059999999995853,-4.100000001017179e-05,8.999999977277184e-06,4078,0,1,0,1,1,0,1.2999999999999998,2909.9745053199317,84.00218600686442,14243.743778389751,1735,0
1065.25,1.1,10.5,-2.4,1803.0632,73.04163,0.09200000000009823,0.0013000000001284207,0.00010000000020227162,-0.0013540000000062946,-4.800000000670934e-05,-6.999999996537554e-06,4079,0,1,0,1,1,0,1.2999999999999998,2909.703203529412,83.99949959607842,14245.907454316299,1736,0
1065.25,1.1,10.5,-2.4,1803.1565,73.04024,0.09329999999999927,0.001299999999901047,-2.2737367544323206e-13,-0.0013900000000006685,-3.5999999994373866e-05,1.2000000012335477e-05,4080,0,1,0,1,1,0,1.2999999999999998,2909.4320575594215,83.996814161235,14248.07124220285,1737,0
1066.75,1.1,10.5,-2.4,1803.251,73.038795,0.09449999999992542,0.001199999999926149,-9.999999997489795e-05,-0.0014450000000039154,-5.5000000003246896e-05,-1.900000000887303e-05,4081,0,1,0,1,1,0,1.2999999999999998,2909.161067589417,83.99412968814306,14250.235143489406,1738,0
1065.75,1.1,10.5,-2.4,1803.3468,73.03731,0.09580000000005384,0.0013000000001284207,0.00010000000020227162,-0.0014849999999881902,-3.9999999984274837e-05,1.500000001897206e-05,4082,0,1,0,1,1,0,1.2999999999999998,2908.890233823169,83.99144616629928,14252.399159735965,1739,0
1066.75,1.1,10.5,-2.4,1803.4437,73.035774,0.0969000000000051,0.001099999999951251,-0.00020000000017716957,-0.0015360000000015361,-5.1000000013345925e-05,-1.1000000029071089e-05,4083,0,1,0,1,1,0,1.2999999999999998,2908.619556415279,83.98876358251715,14254.563292262532,1740,0
1067.75,1.1,10.5,-2.4,1803.542,73.0342,0.09829999999988104,0.001399999999875945,0.00029999999992469384,-0.0015740000000050713,-3.8000000003535206e-05,1.300000000981072e-05,4084,0,1,0,1,1,0,1.2999999999999998,2908.349035593635,83.98608192680538,14256.727542749102,1741,0
1067.75,1.1,10.5,-2.4,1803.6414,73.03258,0.09940000000005966,0.0011000000001786248,-0.00029999999969732016,-0.0016200000000026193,-4.5999999997548e-05,-7.999999994012796e-06,4085,0,1,0,1,1,0,1.2999999999999998,2908.078671512482,83.98340118722467,14258.891912515677,1742,0
1068.0,1.1,10.5,-2.4,1803.7421,73.030914,0.10069999999996071,0.001299999999901047,0.00019999999972242222,-0.0016660000000001673,-4.5999999997548e-05,0.0,4086,0,1,0,1,1,0,1.2999999999999998,2907.808464374847,83.98072135184732,14261.056403122257,1743,0
1065.75,1.1,10.5,-2.4,1803.844,73.029205,0.10190000000011423,0.0012000000001535227,-9.999999974752427e-05,-0.0017089999999910788,-4.299999999091142e-05,3.000000006636583e-06,4087,0,1,0,1,1,0,1.2999999999999998,2907.5384143591,83.9780424094912,14263.22101600884,1744,0
1065.75,1.1,10.5,-2.4,1803.947,73.02746,0.10299999999983811,0.0010999999997238774,-0.0001000000004296453,-0.0017449999999996635,-3.600000000858472e-05,6.999999982326699e-06,4088,0,1,0,1,1,0,1.2999999999999998,2907.2685216189775,83.97536435069699,14265.38575249543,1745,0
1065.25,1.1,10.5,-2.4,1804.0514,73.02566,0.1044000000001688,0.0014000000003306923,0.00030000000060681487,-0.0018000000000029104,-5.5000000003246896e-05,-1.8999999994662176e-05,4089,0,1,0,1,1,0,1.2999999999999998,2906.998786381418,83.9726871613692,14267.550614262025,1746,0
1065.25,1.1,10.5,-2.4,1804.157,73.02382,0.10559999999986758,0.0011999999996987754,-0.00020000000063191692,-0.001840000000001396,-3.999999999848569e-05,1.5000000004761205e-05,4090,0,1,0,1,1,0,1.2999999999999998,2906.7292088242484,83.97001083109264,14269.715602748623,1747,0
1065.75,1.1,10.5,-2.4,1804.2637,73.021935,0.1067000000000462,0.0011000000001786248,-9.99999995201506e-05,-0.0018850000000014688,-4.500000000007276e-05,-5.000000001587068e-06,4091,0,1,0,1,1,0,1.2999999999999998,2906.4597891006842,83.96733534824047,14271.880719275228,1748,0
1066.25,1.1,10.5,-2.4,1804.3716,73.02001,0.10789999999997235,0.001199999999926149,9.999999974752427e-05,-0.0019249999999999545,-3.999999999848569e-05,5.000000001587068e-06,4092,0,1,0,1,1,0,1.2999999999999998,2906.190527388224,83.96466070241875,14274.045965281839,1749,0
1067.25,1.1,10.5,-2.4,1804.4807,73.01804,0.10910000000012587,0.0012000000001535227,2.2737367544323206e-13,-0.0019700000000000273,-4.500000000007276e-05,-5.000000001587068e-06,4093,0,1,0,1,1,0,1.2999999999999998,2905.9214238641916,83.96198688202247,14276.211342208453,1750,0
1066.25,1.1,10.5,-2.4,1804.5911,73.01603,0.11040000000002692,0.001299999999901047,9.999999974752427e-05,-0.002009999999998513,-3.999999999848569e-05,5.000000001587068e-06,4094,0,1,0,1,1,0,1.2999999999999998,2905.6524787301587,83.95931387667888,14278.376851615074,1751,0
1065.25,1.1,10.5,-2.4,1804.7026,73.01397,0.11149999999997817,0.001099999999951251,-0.0001999999999497959,-0.002060000000000173,-5.000000000165983e-05,-1.0000000003174137e-05,4095,0,1,0,1,1,0,1.2999999999999998,2905.383692138672,83.95664167358399,14280.5424948217,1752,0
1066.25,1.1,10.5,-2.4,1804.8153,73.01187,0.11269999999990432,0.001199999999926149,9.999999997489795e-05,-0.0020999999999986585,-3.999999999848569e-05,1.0000000003174137e-05,4096,0,1,0,1,1,0,1.2999999999999998,2905.115064266536,83.95397026238712,14282.70827326833,1753,0
1067.75,1.1,10.5,-2.4,1804.9292,73.00973,0.11390000000005784,0.0012000000001535227,2.2737367544323206e-13,-0.002139999999997144,-3.999999999848569e-05,0.0,4097,0,1,0,1,1,0,1.2999999999999998,2904.8465952903857,83.95129963274768,14284.874188394968,1754,0
1065.75,1.2,10.5,-2.4,1805.0442,73.007545,0.1150000000000091,0.001099999999951251,-0.00010000000020227162,-0.002185000000011428,-4.5000000014283614e-05,-5.000000015797923e-06,4098,0,1,0,1,1,0,1.2,2904.578285362283,83.94862977311539,14287.04024152161,1755,0
1064.25,1.2,10.5,-2.4,1805.1604,73.00532,0.11619999999993524,0.001199999999926149,9.999999997489795e-05,-0.0022249999999957026,-3.9999999984274837e-05,5.000000030008778e-06,4099,0,1,0,1,1,0,1.2,2904.3101346585368,83.94596067317073,14289.206434088257,1756,0
1064.75,1.2,10.5,-2.4,1805.2778,73.003044,0.11740000000008877,0.0012000000001535227,2.2737367544323206e-13,-0.0022759999999948377,-5.099999999913507e-05,-1.1000000014860234e-05,4100,0,1,0,1,1,0,1.2,2904.042143355279,83.94329231992197,14291.372767534911,1757,0
1063.75,1.2,10.5,-2.4,1805.3964,73.00073,0.11860000000001492,0.001199999999926149,-2.2737367544323206e-13,-0.002313999999998373,-3.8000000003535206e-05,1.2999999995599865e-05,4101,0,1,0,1,1,0,1.2,2903.7743116284737,83.94062470355924,14293.53924330157,1758,0
1063.75,1.2,10.5,-2.4,1805.5161,72.99838,0.11969999999996617,0.001099999999951251,-9.999999997489795e-05,-0.0023500000000069576,-3.600000000858472e-05,1.9999999949504854e-06,4102,0,1,0,1,1,0,1.2,2903.506639629539,83.93795781476967,14295.705862708235,1759,0
1064.25,1.2,10.5,-2.4,1805.637,72.99599,0.12089999999989232,0.001199999999926149,9.999999997489795e-05,-0.0023899999999912325,-3.9999999984274837e-05,-3.999999975690116e-06,4103,0,1,0,1,1,0,1.2,2903.239127534113,83.93529164327485,14297.872627194905,1760,0
1063.75,1.2,10.5,-2.4,1805.759,72.993546,0.12200000000007094,0.0011000000001786248,-9.999999974752427e-05,-0.002444000000011215,-5.400000001998251e-05,-1.4000000035707671e-05,4104,0,1,0,1,1,0,1.2,2902.971775493301,83.93262617539585,14300.03953808158,1761,0
1063.25,1.2,10.5,-2.4,1805.8821,72.991066,0.12310000000002219,0.001099999999951251,-2.2737367544323206e-13,-0.002479999999991378,-3.599999998016301e-05,1.8000000039819497e-05,4105,0,1,0,1,1,0,1.2,2902.7045836580614,83.92996140185095,14302.206596688264,1762,0
1061.75,1.2,10.5,-2.4,1806.0065,72.98854,0.12439999999992324,0.001299999999901047,0.0001999999999497959,-0.002526000000003137,-4.600000001175886e-05,-1.0000000031595846e-05,4106,0,1,0,1,1,0,1.2,2902.437552227904,83.92729731093256,14304.373804574952,1763,0
1062.75,1.2,10.5,-2.4,1806.1318,72.98598,0.12530000000015207,0.0009000000002288289,-0.0003999999996722181,-0.0025600000000025602,-3.399999999942338e-05,1.2000000012335477e-05,4107,0,1,0,1,1,0,1.2,2902.1706813047713,83.92463389386563,14306.541162821646,1764,0
1061.75,1.2,10.5,-2.4,1806.2584,72.983376,0.12659999999982574,0.0012999999996736733,0.00039999999944484443,-0.002603999999990947,-4.399999998838666e-05,-9.999999988963282e-06,4108,0,1,0,1,1,0,1.2,2901.9039710878556,83.92197113945,14308.708672988347,1765,0
1059.75,1.2,10.5,-2.4,1806.3861,72.98073,0.12770000000000437,0.0011000000001786248,-0.00019999999949504854,-0.0026460000000128048,-4.2000000021857886e-05,1.999999966528776e-06,4109,0,1,0,1,1,0,1.2,2901.6374217274943,83.91930903698297,14310.876336395053,1766,0
1060.75,1.2,10.5,-2.4,1806.5149,72.978035,0.12879999999995562,0.001099999999951251,-2.2737367544323206e-13,-0.0026949999999885677,-4.8999999975762876e-05,-6.9999999539049895e-06,4110,0,1,0,1,1,0,1.2,2901.371033373875,83.91664757406957,14313.044154361765,1767,0
1062.75,1.2,10.5,-2.4,1806.6449,72.97531,0.13000000000010914,0.0012000000001535227,0.00010000000020227162,-0.002725000000012301,-3.0000000023733264e-05,1.899999995202961e-05,4111,0,1,0,1,1,0,1.2,2901.1048062013615,83.91398674294747,14315.212128328485,1768,0
1061.75,1.2,10.5,-2.4,1806.7759,72.97254,0.1310000000000855,0.0009999999999763531,-0.00020000000017716957,-0.002769999999998163,-4.4999999985861905e-05,-1.499999996212864e-05,4112,0,1,0,1,1,0,1.2,2900.8387403355214,83.91132653221493,14317.38025949521,1769,0
1061.25,1.2,10.5,-2.4,1806.9081,72.96973,0.13220000000001164,0.001199999999926149,0.0001999999999497959,-0.0028099999999966485,-3.999999999848569e-05,4.9999999873762135e-06,4113,0,1,0,1,1,0,1.2,2900.5728359504133,83.90866693169664,14319.548549301942,1770,0
1059.75,1.2,10.5,-2.4,1807.0414,72.96687,0.1332999999999629,0.001099999999951251,-9.999999997489795e-05,-0.0028599999999983083,-5.000000000165983e-05,-1.0000000003174137e-05,4114,0,1,0,1,1,0,1.2,2900.307093195626,83.90600792879708,14321.71699906868,1771,0
1059.25,1.2,10.5,-2.4,1807.1758,72.96398,0.13439999999991414,0.001099999999951251,0.0,-0.00288999999999362,-2.9999999995311555e-05,2.0000000006348273e-05,4115,0,1,0,1,1,0,1.2,2900.0415122206023,83.90334951579203,14323.885610115425,1772,0
1059.25,1.2,10.5,-2.4,1807.3112,72.96105,0.13540000000011787,0.0010000000002037268,-9.999999974752427e-05,-0.0029300000000063164,-4.0000000012696546e-05,-1.0000000017384991e-05,4116,0,1,0,1,1,0,1.2,2899.776093150352,83.90069168253582,14326.054383642175,1773,0
1061.75,1.2,10.5,-2.4,1807.4478,72.95808,0.13659999999981665,0.0011999999996987754,0.00019999999949504854,-0.002970000000004802,-3.999999999848569e-05,1.4210854715202004e-14,4117,0,1,0,1,1,0,1.2,2899.510836158329,83.89803441889266,14328.223321088934,1774,0
1060.75,1.2,10.5,-2.4,1807.5854,72.95506,0.13760000000002037,0.0010000000002037268,-0.00019999999949504854,-0.003019999999992251,-4.999999998744897e-05,-9.999999988963282e-06,4118,0,1,0,1,1,0,1.2,2899.245741369264,83.89537771230881,14330.392423655696,1775,0
1061.75,1.2,10.5,-2.4,1807.7241,72.95201,0.13869999999997162,0.001099999999951251,9.999999974752427e-05,-0.0030500000000017735,-3.000000000952241e-05,1.9999999977926564e-05,4119,0,1,0,1,1,0,1.2,2898.980808932039,83.8927215550971,14332.561692662468,1776,0
1063.25,1.2,10.5,-2.4,1807.864,72.94891,0.13990000000012515,0.0012000000001535227,0.00010000000020227162,-0.0031000000000034333,-5.000000000165983e-05,-1.9999999992137418e-05,4120,0,1,0,1,1,0,1.2,2898.7160390196555,83.89006593472457,14334.731129549245,1777,0
1063.25,1.2,10.5,-2.4,1808.0049,72.94578,0.14089999999987413,0.0009999999997489795,-0.00020000000040454324,-0.003129999999998745,-2.9999999995311555e-05,2.0000000006348273e-05,4121,0,1,0,1,1,0,1.2,2898.451431756429,83.88741084352256,14336.90073551603,1778,0
1062.75,1.2,10.5,-2.4,1808.1469,72.942604,0.14200000000005275,0.0011000000001786248,0.0001000000004296453,-0.003175999999996293,-4.5999999997548e-05,-1.6000000002236447e-05,4122,0,1,0,1,1,0,1.2,2898.186987290808,83.88475626994907,14339.070511882821,1779,0
1065.25,1.2,10.5,-2.4,1808.2899,72.93939,0.1430000000000291,0.0009999999999763531,-0.00010000000020227162,-0.003213999999999828,-3.8000000003535206e-05,7.999999994012796e-06,4123,0,1,0,1,1,0,1.2,2897.922705746848,83.88210220441319,14341.240459849618,1780,0
1065.25,1.2,10.5,-2.4,1808.434,72.93614,0.14409999999998035,0.001099999999951251,9.999999997489795e-05,-0.003250000000008413,-3.600000000858472e-05,1.9999999949504854e-06,4124,0,1,0,1,1,0,1.2,2897.6585872727273,83.87944863781819,14343.410580736423,1781,0
1065.25,1.2,10.5,-2.4,1808.5791,72.932846,0.1450999999999567,0.0009999999999763531,-9.999999997489795e-05,-0.0032939999999967995,-4.399999998838666e-05,-7.999999979801942e-06,4125,0,1,0,1,1,0,1.2,2897.3946319922443,83.87679555913718,14345.580875743235,1782,0
1065.5,1.2,10.5,-2.4,1808.7253,72.92952,0.14620000000013533,0.0011000000001786248,0.00010000000020227162,-0.0033260000000012724,-3.2000000004472895e-05,1.1999999983913767e-05,4126,0,1,0,1,1,0,1.2,2897.1308400533076,83.8741429602617,14347.751346190054,1783,0
1065.5,1.2,10.5,-2.4,1808.8726,72.92615,0.1472999999998592,0.0010999999997238774,-4.547473508864641e-13,-0.003369999999989659,-4.399999998838666e-05,-1.1999999983913767e-05,4127,0,1,0,1,1,0,1.2,2896.8672116036823,83.8714908301841,14349.92199339688,1784,0
1066.75,1.2,10.5,-2.4,1809.0209,72.92274,0.14830000000006294,0.0010000000002037268,-9.99999995201506e-05,-0.0034100000000023556,-4.0000000012696546e-05,3.999999975690116e-06,4128,0,1,0,1,1,0,1.2,2896.6037467667716,83.86883915887624,14352.092818563713,1785,0
1067.25,1.2,10.5,-2.4,1809.1703,72.91929,0.1494000000000142,0.001099999999951251,9.999999974752427e-05,-0.0034500000000008413,-3.999999999848569e-05,1.4210854715202004e-14,4129,0,1,0,1,1,0,1.2,2896.3404456900726,83.8661879363196,14354.263823010553,1786,0
1067.25,1.2,10.5,-2.4,1809.3207,72.9158,0.15039999999999054,0.0009999999999763531,-9.999999997489795e-05,-0.003489999999999327,-3.999999999848569e-05,0.0,4130,0,1,0,1,1,0,1.2,2896.0773084967323,83.86353715250544,14356.4350079374,1787,0
1066.25,1.2,10.5,-2.4,1809.472,72.91228,0.151299999999992,0.0009000000000014552,-9.999999997489795e-05,-0.0035200000000088494,-3.000000000952241e-05,9.999999988963282e-06,4131,0,1,0,1,1,0,1.2,2895.814335285576,83.86088679985478,14358.606374424255,1788,0
1066.5,1.2,10.5,-2.4,1809.6245,72.90871,0.15249999999991815,0.001199999999926149,0.00029999999992469384,-0.0035699999999962984,-4.999999998744897e-05,-1.9999999977926564e-05,4132,0,1,0,1,1,0,1.2,2895.551526227922,83.85823686595693,14360.777923911117,1789,0
1065.75,1.2,10.5,-2.4,1809.7781,72.905106,0.15360000000009677,0.0011000000001786248,-9.999999974752427e-05,-0.0036039999999957217,-3.399999999942338e-05,1.5999999988025593e-05,4133,0,1,0,1,1,0,1.2,2895.2888814707303,83.8555873422835,14362.949657717987,1790,0
1063.75,1.3,10.5,-2.4,1809.9325,72.90147,0.15439999999989595,0.0007999999997991836,-0.0003000000003794412,-0.0036360000000001946,-3.2000000004472895e-05,1.9999999949504854e-06,4134,0,1,0,1,1,0,1.0999999999999999,2895.026401088271,83.85293822079807,14365.121576804862,1791,0
1063.75,1.3,10.5,-2.4,1810.088,72.89778,0.15550000000007458,0.0011000000001786248,0.0003000000003794412,-0.0036900000000059663,-5.400000000577165e-05,-2.200000000129876e-05,4135,0,1,0,1,1,0,1.0999999999999999,2894.764085227273,83.8502894881528,14367.293682491747,1792,0
1063.75,1.3,10.5,-2.4,1810.2446,72.894066,0.15660000000002583,0.001099999999951251,-2.2737367544323206e-13,-0.0037140000000022155,-2.3999999996249244e-05,3.000000000952241e-05,4136,0,1,0,1,1,0,1.0999999999999999,2894.501934034324,83.84764113826444,14369.46597609864,1793,0
1064.25,1.3,10.5,-2.4,1810.4021,72.89031,0.15750000000002728,0.0009000000000014552,-0.0001999999999497959,-0.0037559999999956517,-4.199999999343618e-05,-1.7999999997186933e-05,4137,0,1,0,1,1,0,1.0999999999999999,2894.23994760754,83.84499316070564,14371.638458705538,1794,0
1064.25,1.3,10.5,-2.4,1810.5607,72.88651,0.15859999999997854,0.001099999999951251,0.0001999999999497959,-0.0037999999999982492,-4.400000000259752e-05,-2.00000000916134e-06,4138,0,1,0,1,1,0,1.0999999999999999,2893.978126093259,83.84234554457599,14373.811131632445,1795,0
1064.25,1.3,10.5,-2.4,1810.7202,72.88268,0.15949999999998,0.0009000000000014552,-0.0001999999999497959,-0.0038300000000077716,-3.000000000952241e-05,1.3999999993075107e-05,4139,0,1,0,1,1,0,1.0999999999999999,2893.716469589372,83.83969828236715,14375.98399595936,1796,0
1064.75,1.3,10.5,-2.4,1810.8807,72.878815,0.16049999999995634,0.0009999999999763531,9.999999997489795e-05,-0.0038649999999904594,-3.499999998268777e-05,-4.999999973165359e-06,4140,0,1,0,1,1,0,1.0999999999999999,2893.454978217822,83.83705136537068,14378.157052886281,1797,0
1065.25,1.3,10.5,-2.4,1811.0424,72.87491,0.16170000000010987,0.0012000000001535227,0.00020000000017716957,-0.003905000000003156,-4.0000000012696546e-05,-5.000000030008778e-06,4141,0,1,0,1,1,0,1.0999999999999999,2893.1936521487205,83.83440478367939,14380.330303853212,1798,0
1066.75,1.3,10.5,-2.4,1811.2048,72.870964,0.16239999999993415,0.0006999999998242856,-0.0005000000003292371,-0.003945999999999117,-4.0999999995960934e-05,-9.99999983264388e-07,4142,0,1,0,1,1,0,1.0999999999999999,2892.93249143133,83.83175852715424,14382.50374970015,1799,0
1065.75,1.3,10.5,-2.4,1811.3684,72.86698,0.16360000000008768,0.0012000000001535227,0.0005000000003292371,-0.003984000000002652,-3.8000000003535206e-05,2.999999992425728e-06,4143,0,1,0,1,1,0,1.0999999999999999,2892.6714962355213,83.82911258638997,14384.677391867095,1800,0
1065.75,1.3,10.5,-2.4,1811.5328,72.86297,0.16439999999988686,0.0007999999997991836,-0.00040000000035433914,-0.004009999999993852,-2.599999999119973e-05,1.2000000012335477e-05,4144,0,1,0,1,1,0,1.0999999999999999,2892.410666634499,83.8264669548854,14386.851231314049,1801,0
1064.75,1.3,10.5,-2.4,1811.6982,72.85891,0.16540000000009059,0.0010000000002037268,0.00020000000040454324,-0.0040600000000097225,-5.000000001587068e-05,-2.4000000024670953e-05,4145,0,1,0,1,1,0,1.0999999999999999,2892.150002749638,83.82382162035697,14389.02526924101,1802,0
1064.75,1.3,10.5,-2.4,1811.8647,72.85482,0.16650000000004184,0.001099999999951251,9.999999974752427e-05,-0.004089999999990823,-2.99999999811007e-05,2.0000000034769982e-05,4146,0,1,0,1,1,0,1.0999999999999999,2891.889504726308,83.82117657535568,14391.19950696798,1803,0
1065.75,1.3,10.5,-2.4,1812.0321,72.850685,0.16739999999981592,0.0008999999997740815,-0.00020000000017716957,-0.004135000000005107,-4.5000000014283614e-05,-1.5000000033182914e-05,4147,0,1,0,1,1,0,1.0999999999999999,2891.6291726615236,83.81853180882352,14393.373945574958,1804,0
1065.25,1.3,10.5,-2.4,1812.2004,72.84652,0.16830000000004475,0.0009000000002288289,4.547473508864641e-13,-0.004165000000000418,-2.9999999995311555e-05,1.500000001897206e-05,4148,0,1,0,1,1,0,1.0999999999999999,2891.3690066522054,83.81588731332852,14395.548586141944,1805,0
1065.75,1.3,10.5,-2.4,1812.3698,72.84232,0.169399999999996,0.001099999999951251,0.00019999999972242222,-0.004199999999997317,-3.499999999689862e-05,-5.000000001587068e-06,4149,0,1,0,1,1,0,1.0999999999999999,2891.1090068433737,83.81324308024097,14397.723429988937,1806,0
1065.5,1.3,10.5,-2.4,1812.54,72.83808,0.17020000000002256,0.0008000000000265572,-0.00029999999992469384,-0.004239999999995803,-3.999999999848569e-05,-5.000000001587068e-06,4150,0,1,0,1,1,0,1.0999999999999999,2890.849173307637,83.81059909973501,14399.898478075938,1807,0
1063.75,1.3,10.5,-2.4,1812.7113,72.83381,0.1712999999999738,0.001099999999951251,0.00029999999992469384,-0.004270000000005325,-3.000000000952241e-05,9.999999988963282e-06,4151,0,1,0,1,1,0,1.0999999999999999,2890.5895061897877,83.8079553644027,14402.073731722949,1808,0
1064.75,1.3,10.5,-2.4,1812.8834,72.8295,0.17210000000000036,0.0008000000000265572,-0.00029999999992469384,-0.004310000000003811,-3.999999999848569e-05,-9.999999988963282e-06,4152,0,1,0,1,1,0,1.0999999999999999,2890.330005562244,83.80531186443535,14404.249191889967,1809,0
1065.25,1.3,10.5,-2.4,1813.0565,72.82515,0.17309999999997672,0.0009999999999763531,0.0001999999999497959,-0.0043500000000022965,-3.999999999848569e-05,0.0,4153,0,1,0,1,1,0,1.0999999999999999,2890.070671545498,83.8026685900337,14406.424859776995,1810,0
1066.25,1.3,10.5,-2.4,1813.2306,72.82077,0.17410000000018044,0.0010000000002037268,2.2737367544323206e-13,-0.004379999999997608,-2.9999999995311555e-05,1.0000000003174137e-05,4154,0,1,0,1,1,0,1.0999999999999999,2889.811504259928,83.80002553381468,14408.600736584029,1811,0
1067.25,1.3,10.5,-2.4,1813.4055,72.816345,0.17489999999997963,0.0007999999997991836,-0.00020000000040454324,-0.004424999999997681,-4.500000000007276e-05,-1.5000000004761205e-05,4155,0,1,0,1,1,0,1.0999999999999999,2889.552503777671,83.79738268479306,14410.776823271073,1812,0
1067.0,1.3,10.5,-2.4,1813.5814,72.8119,0.17589999999995598,0.0009999999999763531,0.00020000000017716957,-0.004445000000004029,-2.0000000006348273e-05,2.4999999993724487e-05,4156,0,1,0,1,1,0,1.0999999999999999,2889.293670218908,83.79474003800819,14412.953121038125,1813,0
1066.75,1.3,10.5,-2.4,1813.7583,72.8074,0.17689999999993233,0.0009999999999763531,0.0,-0.004499999999993065,-5.499999998903604e-05,-3.499999998268777e-05,4157,0,1,0,1,1,0,1.0999999999999999,2889.0350037037033,83.79209758008658,14415.129631085185,1814,0
1065.25,1.3,10.5,-2.4,1813.936,72.80288,0.1776999999999589,0.0008000000000265572,-0.0001999999999497959,-0.004519999999999413,-2.0000000006348273e-05,3.499999998268777e-05,4158,0,1,0,1,1,0,1.0999999999999999,2888.7765043039194,83.78945530608318,14417.306354372255,1815,0
1065.0,1.3,10.5,-2.4,1814.1146,72.79832,0.17860000000018772,0.0009000000002288289,0.00010000000020227162,-0.004559999999997899,-3.999999999848569e-05,-1.9999999992137418e-05,4159,0,1,0,1,1,0,1.0999999999999999,2888.518172115385,83.78681320624999,14419.483291979332,1816,0
1065.75,1.3,10.5,-2.4,1814.2942,72.793724,0.1795999999999367,0.0009999999997489795,9.99999995201506e-05,-0.004596000000006484,-3.600000000858472e-05,3.999999989900971e-06,4160,0,1,0,1,1,0,1.0999999999999999,2888.2600072578707,83.78417127180967,14421.660445106418,1817,0
1065.25,1.3,10.5,-2.4,1814.4747,72.78909,0.18049999999993815,0.0009000000000014552,-9.999999974752427e-05,-0.004633999999995808,-3.799999998932435e-05,-1.9999999807396307e-06,4161,0,1,0,1,1,0,1.0999999999999999,2888.0020098270065,83.78152949351274,14423.837814833512,1818,0
1065.25,1.3,10.5,-2.4,1814.6561,72.78443,0.1813999999999396,0.0009000000000014552,0.0,-0.004660000000001219,-2.6000000005410584e-05,1.1999999983913767e-05,4162,0,1,0,1,1,0,1.0999999999999999,2887.744179918328,83.7788878650012,14426.015402240617,1819,0
1065.5,1.3,10.5,-2.4,1814.8384,72.779724,0.18230000000016844,0.0009000000002288289,2.2737367544323206e-13,-0.004705999999998767,-4.5999999997548e-05,-1.9999999992137418e-05,4163,0,1,0,1,1,0,1.0999999999999999,2887.4865176272815,83.77624637512008,14428.193208407729,1820,0
1065.5,1.3,10.5,-2.4,1815.0215,72.774994,0.18309999999996762,0.0007999999997991836,-0.0001000000004296453,-0.004729999999995016,-2.3999999996249244e-05,2.200000000129876e-05,4164,0,1,0,1,1,0,1.0999999999999999,2887.2290230252097,83.7736050180072,14430.37123429485,1821,0
1065.5,1.3,10.5,-2.4,1815.2056,72.770226,0.18409999999994398,0.0009999999999763531,0.00020000000017716957,-0.004768000000012762,-3.800000001774606e-05,-1.4000000021496817e-05,4165,0,1,0,1,1,0,1.0999999999999999,2886.971696231397,83.77096378444551,14432.54948110198,1822,0
1065.25,1.4,10.5,-2.4,1815.3905,72.76542,0.18489999999997053,0.0008000000000265572,-0.0001999999999497959,-0.0048059999999878755,-3.7999999975113496e-05,4.263256414560601e-14,4166,0,1,0,1,1,0,1.0,2886.7145373170147,83.76832266522678,14434.727949789118,1823,0
1065.25,1.4,10.5,-2.4,1815.5763,72.76058,0.185799999999972,0.0009000000000014552,9.999999997489795e-05,-0.00484000000000151,-3.4000000013634235e-05,3.999999961479261e-06,4167,0,1,0,1,1,0,1.0,2886.4575463771594,83.76568165211133,14436.906641436266,1824,0
1065.5,1.4,10.5,-2.4,1815.7631,72.75571,0.18679999999994834,0.0009999999999763531,9.999999997489795e-05,-0.004870000000011032,-3.000000000952241e-05,4.0000000041118255e-06,4168,0,1,0,1,1,0,1.0,2886.200723530823,83.76304073782681,14439.085557243423,1825,0
1065.5,1.4,10.5,-2.4,1815.9507,72.7508,0.18760000000020227,0.0008000000002539309,-0.00019999999972242222,-0.004909999999995307,-3.9999999984274837e-05,-9.999999974752427e-06,4169,0,1,0,1,1,0,1.0,2885.9440688489212,83.76039991270983,14441.264698170588,1826,0
1064.75,1.4,10.5,-2.4,1816.139,72.745865,0.18829999999979918,0.000699999999596912,-0.00010000000065701897,-0.004935000000003242,-2.500000000793534e-05,1.4999999976339495e-05,4170,0,1,0,1,1,0,1.0,2885.687582378326,83.75775917070247,14443.444065057762,1827,0
1066.25,1.4,10.5,-2.4,1816.3284,72.74089,0.18940000000020518,0.0011000000004059984,0.0004000000008090865,-0.004975000000001728,-3.999999999848569e-05,-1.499999999055035e-05,4171,0,1,0,1,1,0,1.0,2885.431264261745,83.75511850215725,14445.623659224946,1828,0
1065.25,1.4,10.5,-2.4,1816.5186,72.73588,0.19020000000000437,0.0007999999997991836,-0.00030000000060681487,-0.005009999999998627,-3.499999999689862e-05,5.000000001587068e-06,4172,0,1,0,1,1,0,1.0,2885.175114569854,83.75247789863407,14447.80348163214,1829,0
1064.25,1.4,10.5,-2.4,1816.7096,72.730835,0.19099999999980355,0.0007999999997991836,0.0,-0.005044999999995525,-3.499999999689862e-05,0.0,4173,0,1,0,1,1,0,1.0,2884.919133373263,83.749837351701,14449.983533239341,1830,0
1063.75,1.4,10.5,-2.4,1816.9014,72.72576,0.19180000000005748,0.0008000000002539309,4.547473508864641e-13,-0.005075000000005048,-3.000000000952241e-05,4.9999999873762135e-06,4174,0,1,0,1,1,0,1.0,2884.6633207425148,83.74719685413173,14452.163815006552,1831,0
1064.0,1.4,10.5,-2.4,1817.0941,72.72066,0.19270000000005894,0.0009000000000014552,9.999999974752427e-05,-0.005099999999998772,-2.4999999993724487e-05,5.000000015797923e-06,4175,0,1,0,1,1,0,1.0,2884.4076767720308,83.74455639990421,14454.344328013773,1832,0
1063.75,1.4,10.5,-2.4,1817.2877,72.715515,0.1936000000000604,0.0009000000000014552,0.0,-0.005144999999998845,-4.500000000007276e-05,-2.0000000006348273e-05,4176,0,1,0,1,1,0,1.0,2884.152201556141,83.74191597821404,14456.525073341003,1833,0
1065.25,1.4,10.5,-2.4,1817.482,72.71034,0.19429999999988468,0.0006999999998242856,-0.00020000000017716957,-0.0051749999999941565,-2.9999999995311555e-05,1.5000000004761205e-05,4177,0,1,0,1,1,0,1.0,2883.8968951412157,83.73927558185736,14458.706051828241,1834,0
1064.75,1.4,10.5,-2.4,1817.6774,72.70513,0.1954000000000633,0.0011000000001786248,0.00040000000035433914,-0.005210000000005266,-3.500000001110948e-05,-5.000000015797923e-06,4178,0,1,0,1,1,0,1.0,2883.641757669299,83.73663520244077,14460.88726479549,1835,0
1065.0,1.4,10.5,-2.4,1817.8734,72.69989,0.1959999999999127,0.0005999999998493877,-0.0005000000003292371,-0.0052400000000005775,-2.9999999995311555e-05,5.000000015797923e-06,4179,0,1,0,1,1,0,1.0,2883.386789162679,83.73399483277512,14463.068712962748,1836,0
1066.25,1.4,10.5,-2.4,1818.0703,72.69462,0.19690000000014152,0.0009000000002288289,0.0003000000003794412,-0.005269999999995889,-2.9999999995311555e-05,0.0,4180,0,1,0,1,1,0,1.0,2883.131989715379,83.73135446567807,14465.250397410016,1837,0
1064.75,1.4,10.5,-2.4,1818.268,72.689316,0.1976999999999407,0.0007999999997991836,-0.0001000000004296453,-0.0053039999999953125,-3.399999999942338e-05,-4.0000000041118255e-06,4181,0,1,0,1,1,0,1.0,2882.8773593974174,83.7287140930177,14467.432319097292,1838,0
1064.5,1.4,10.5,-2.4,1818.4666,72.683975,0.19859999999994216,0.0009000000000014552,0.00010000000020227162,-0.005341000000001372,-3.700000000605996e-05,-3.000000006636583e-06,4182,0,1,0,1,1,0,1.0,2882.6228983026535,83.72607370595267,14469.614479104579,1839,0
1063.25,1.4,10.5,-2.4,1818.6659,72.678604,0.19929999999999382,0.0007000000000516593,-0.0001999999999497959,-0.005370999999996684,-2.9999999995311555e-05,7.000000010748408e-06,4183,0,1,0,1,1,0,1.0,2882.3686064770554,83.72343329732313,14471.796878271874,1840,0
1062.25,1.4,10.5,-2.4,1818.866,72.6732,0.20010000000002037,0.0008000000000265572,9.999999997489795e-05,-0.005404000000012843,-3.300000001615899e-05,-3.0000000208474376e-06,4184,0,1,0,1,1,0,1.0,2882.114483990442,83.72079285925926,14473.97951755918,1841,0
1063.25,1.4,10.5,-2.4,1819.0669,72.66777,0.20090000000004693,0.0008000000000265572,0.0,-0.005429999999989832,-2.5999999976988875e-05,7.000000039170118e-06,4185,0,1,0,1,1,0,1.0,2881.8605309125655,83.71815238557095,14476.162397926495,1842,0
1063.5,1.4,10.5,-2.4,1819.2687,72.6623,0.20180000000004839,0.0009000000000014552,9.999999997489795e-05,-0.005470000000002528,-4.0000000012696546e-05,-1.4000000035707671e-05,4186,0,1,0,1,1,0,1.0,2881.6067473369953,83.71551186673037,14478.34552045382,1843,0
1063.5,1.4,10.5,-2.4,1819.4712,72.6568,0.20249999999987267,0.0006999999998242856,-0.00020000000017716957,-0.00549999999999784,-2.9999999995311555e-05,1.0000000017384991e-05,4187,0,1,0,1,1,0,1.0,2881.3531333094556,83.7128712956065,14480.528885981155,1844,0
1064.75,1.4,10.5,-2.4,1819.6746,72.65127,0.2034000000001015,0.0009000000002288289,0.00020000000040454324,-0.005530000000007362,-3.000000000952241e-05,-1.4210854715202004e-14,4188,0,1,0,1,1,0,1.0,2881.0996889233706,83.71023066507519,14482.7124955885,1845,0
1065.25,1.4,10.5,-2.4,1819.8787,72.645706,0.20409999999992579,0.0006999999998242856,-0.00020000000040454324,-0.005563999999992575,-3.3999999985212526e-05,-3.999999975690116e-06,4189,0,1,0,1,1,0,1.0,2880.846414224344,83.70758996706445,14484.896350115854,1846,0
1066.25,1.4,10.5,-2.4,1820.0836,72.640114,0.20489999999995234,0.0008000000000265572,0.00010000000020227162,-0.005592000000007147,-2.8000000014571924e-05,5.9999999706406015e-06,4190,0,1,0,1,1,0,1.0,2880.5933092817945,83.70494919494153,14487.080450523217,1847,0
1067.25,1.4,10.5,-2.4,1820.2893,72.63449,0.2056999999999789,0.0008000000000265572,0.0,-0.005623999999997409,-3.199999999026204e-05,-3.999999975690116e-06,4191,0,1,0,1,1,0,1.0,2880.3403741650764,83.70230834112596,14489.264797770591,1848,0
1066.25,1.4,10.5,-2.4,1820.4957,72.62884,0.20640000000003056,0.0007000000000516593,-9.999999997489795e-05,-0.005650000000002819,-2.6000000005410584e-05,5.999999984851456e-06,4192,0,1,0,1,1,0,1.0,2880.087608919628,83.69966739947532,14491.449392697976,1849,0
1066.25,1.4,10.5,-2.4,1820.703,72.623146,0.20730000000003201,0.0009000000000014552,0.0001999999999497959,-0.005693999999991206,-4.399999998838666e-05,-1.7999999982976078e-05,4193,0,1,0,1,1,0,1.0,2879.835013638531,83.69702635956128,14493.63423638537,1850,0
1066.25,1.4,10.5,-2.4,1820.911,72.61743,0.20800000000008367,0.0007000000000516593,-0.0001999999999497959,-0.005716000000006716,-2.2000000015509613e-05,2.199999997287705e-05,4194,0,1,0,1,1,0,1.0,2879.5825883671037,83.69438521620977,14495.819329672773,1851,0
1067.25,1.4,10.5,-2.4,1821.1198,72.61168,0.20879999999988286,0.0007999999997991836,9.999999974752427e-05,-0.005749999999991928,-3.3999999985212526e-05,-1.1999999969702912e-05,4195,0,1,0,1,1,0,1.0,2879.330333174452,83.69174396139181,14498.004673520187,1852,0
1068.25,1.4,10.5,-2.4,1821.3292,72.6059,0.20939999999995962,0.0006000000000767614,-0.00019999999972242222,-0.005780000000001451,-3.000000000952241e-05,3.999999975690116e-06,4196,0,1,0,1,1,0,1.0,2879.078248081963,83.68910258803906,14500.190268647611,1853,0
1070.25,1.4,10.5,-2.4,1821.5396,72.60009,0.21040000000016335,0.0010000000002037268,0.00040000000012696546,-0.005810000000010973,-3.000000000952241e-05,0.0,4197,0,1,0,1,1,0,1.0,2878.8263332062884,83.68646108909005,14502.376116255044,1854,0
1069.75,1.4,10.5,-2.4,1821.7505,72.594246,0.21090000000003783,0.0004999999998744897,-0.0005000000003292371,-0.005843999999996186,-3.3999999985212526e-05,-3.999999975690116e-06,4198,0,1,0,1,1,0,1.0,2878.574588544892,83.68381945653726,14504.562216942488,1855,0
1069.25,1.4,10.5,-2.4,1821.9623,72.58838,0.21179999999981192,0.0008999999997740815,0.0003999999998995918,-0.005865999999997484,-2.200000000129876e-05,1.1999999983913767e-05,4199,0,1,0,1,1,0,1.0,2878.3230141904764,83.6811776852381,14506.748571789944,1856,0
1069.25,1.4,10.5,-2.4,1822.1748,72.58247,0.21250000000009095,0.000700000000279033,-0.00019999999949504854,-0.005910000000000082,-4.400000000259752e-05,-2.200000000129876e-05,4200,0,1,0,1,1,0,1.0,2878.0716101880503,83.6785357648179,14508.935181637407,1857,0
1070.25,1.4,10.5,-2.4,1822.3881,72.576546,0.21329999999989013,0.0007999999997991836,9.99999995201506e-05,-0.005924000000007368,-1.4000000007285962e-05,2.9999999995311555e-05,4201,0,1,0,1,1,0,1.0,2877.820376606378,83.6758936920514,14511.122047444882,1858,0
1072.25,1.4,10.5,-2.4,1822.602,72.57058,0.21390000000019427,0.000600000000304135,-0.00019999999949504854,-0.005965999999986593,-4.199999997922532e-05,-2.799999997193936e-05,4202,0,1,0,1,1,0,1.0,2877.5693134665717,83.67325145705449,14513.309169932367,1859,0
1071.75,1.4,10.5,-2.4,1822.8168,72.56459,0.21479999999996835,0.0008999999997740815,0.0002999999994699465,-0.005990000000011264,-2.4000000024670953e-05,1.799999995455437e-05,4203,0,1,0,1,1,0,1.0,2877.3184208610846,83.67060905423406,14515.496550179862,1860,0
1070.25,1.4,10.5,-2.4,1823.0321,72.55857,0.21529999999984284,0.0004999999998744897,-0.0003999999998995918,-0.006019999999992365,-2.99999999811007e-05,-5.999999956429747e-06,4204,0,1,0,1,1,0,1.0,2877.067698787158,83.66796647657551,14517.684188787367,1861,0
1069.25,1.4,10.5,-2.4,1823.2483,72.55251,0.21620000000007167,0.0009000000002288289,0.00040000000035433914,-0.006060000000005061,-4.0000000012696546e-05,-1.0000000031595846e-05,4205,0,1,0,1,1,0,1.0,2876.8171473371376,83.66532371469329,14519.872086834883,1862,0
1070.75,1.4,10.5,-2.4,1823.4651,72.54643,0.21679999999992106,0.0005999999998493877,-0.0003000000003794412,-0.006079999999997199,-1.9999999992137418e-05,2.0000000020559128e-05,4206,0,1,0,1,1,0,1.0,2876.5667665319706,83.66268076396483,14522.06024504241,1863,0
1070.75,1.4,10.5,-2.4,1823.6827,72.54033,0.217600000000175,0.0008000000002539309,0.00020000000040454324,-0.006100000000003547,-2.0000000006348273e-05,-1.4210854715202004e-14,4207,0,1,0,1,1,0,1.0,2876.316556440114,83.66003761977187,14524.248664369947,1864,0
1071.75,1.4,10.5,-2.4,1823.901,72.53419,0.21829999999999927,0.0006999999998242856,-0.0001000000004296453,-0.006140000000002033,-3.999999999848569e-05,-1.9999999992137418e-05,4208,0,1,0,1,1,0,1.0,2876.066517106201,83.65739427274887,14526.437345657494,1865,0
1070.25,1.4,10.5,-2.4,1824.12,72.528015,0.21899999999982356,0.0006999999998242856,0.0,-0.006174999999998931,-3.499999999689862e-05,5.000000001587068e-06,4209,0,1,0,1,1,0,1.0,2875.816648574822,83.65475071472683,14528.62628974505,1866,0
1069.75,1.4,10.5,-2.4,1824.3396,72.52182,0.2196000000001277,0.000600000000304135,-9.99999995201506e-05,-0.006194999999991069,-1.9999999992137418e-05,1.5000000004761205e-05,4210,0,1,0,1,1,0,1.0,2875.5669508667775,83.65210694110662,14530.81549735262,1867,0
1068.25,1.4,10.5,-2.4,1824.5599,72.515594,0.22029999999995198,0.0006999999998242856,9.99999995201506e-05,-0.006226000000012277,-3.100000002120851e-05,-1.1000000029071089e-05,4211,0,1,0,1,1,0,1.0,2875.3174240265907,83.64946294468186,14533.004969320198,1868,0
1069.75,1.4,10.5,-2.4,1824.781,72.50934,0.22109999999997854,0.0008000000000265572,0.00010000000020227162,-0.0062539999999984275,-2.7999999986150215e-05,3.0000000350582923e-06,4212,0,1,0,1,1,0,1.0,2875.068068122478,83.64681871896511,14535.194706607788,1869,0
1070.0,1.4,10.5,-2.4,1825.0028,72.50305,0.2218000000000302,0.0007000000000516593,-9.999999997489795e-05,-0.006289999999992801,-3.5999999994373866e-05,-8.000000008223651e-06,4213,0,1,0,1,1,0,1.0,2874.818883198861,83.64417425557664,14537.384710055388,1870,0
1071.75,1.4,10.5,-2.4,1825.2252,72.49674,0.22240000000010696,0.0006000000000767614,-9.999999997489795e-05,-0.00630999999999915,-2.0000000006348273e-05,1.5999999988025593e-05,4214,0,1,0,1,1,0,1.0,2874.569869276394,83.64152954994069,14539.574980382999,1871,0
1071.5,1.4,10.5,-2.4,1825.4482,72.4904,0.22299999999995634,0.0005999999998493877,-2.2737367544323206e-13,-0.006340000000008672,-3.000000000952241e-05,-1.0000000003174137e-05,4215,0,1,0,1,1,0,1.0,2874.3210263757114,83.63888459511386,14541.76551831062,1872,0
1073.25,1.4,10.5,-2.4,1825.6721,72.48403,0.2238999999999578,0.0009000000000014552,0.0003000000001520675,-0.006369999999989773,-2.99999999811007e-05,2.842170943040401e-14,4216,0,1,0,1,1,0,1.0,2874.0723545885703,83.63623938415935,14543.956324918252,1873,0
1072.25,1.4,10.5,-2.4,1825.8965,72.47763,0.22440000000005966,0.0005000000001018634,-0.0003999999998995918,-0.006399999999999295,-3.000000000952241e-05,-2.842170943040401e-14,4217,0,1,0,1,1,0,1.0,2873.8238539118065,83.63359391014698,14546.147400805896,1874,0
1072.25,1.4,10.5,-2.4,1826.1216,72.47121,0.22509999999988395,0.0006999999998242856,0.00019999999972242222,-0.006420000000005643,-2.0000000006348273e-05,1.0000000003174137e-05,4218,0,1,0,1,1,0,1.0,2873.5755243896656,83.63094816852335,14548.33874681355,1875,0
1071.25,1.4,10.5,-2.4,1826.3474,72.46475,0.22580000000016298,0.000700000000279033,4.547473508864641e-13,-0.006460000000004129,-3.999999999848569e-05,-1.9999999992137418e-05,4219,0,1,0,1,1,0,1.0,2873.327366066351,83.62830215,14550.530363781214,1876,0
1074.75,1.4,10.5,-2.4,1826.5737,72.45827,0.2262999999998101,0.0004999999996471161,-0.00020000000063191692,-0.0064799999999962665,-1.9999999992137418e-05,2.0000000006348273e-05,4220,0,1,0,1,1,0,1.0,2873.07937893864,83.62565585003553,14552.72225230889,1877,0
1076.25,1.4,10.5,-2.4,1826.8009,72.45176,0.22720000000003893,0.0009000000002288289,0.0004000000005817128,-0.006510000000005789,-3.000000000952241e-05,-1.0000000017384991e-05,4221,0,1,0,1,1,0,1.0,2872.831563098058,83.6230092617243,14554.914413476576,1878,0
1076.5,1.4,10.5,-2.4,1827.0286,72.44522,0.2277000000001408,0.0005000000001018634,-0.00040000000012696546,-0.00653999999998689,-2.99999999811007e-05,2.842170943040401e-14,4222,0,1,0,1,1,0,1.0,2872.5839185413215,83.62036237816717,14557.106847884274,1879,0
1074.75,1.4,10.5,-2.4,1827.257,72.43866,0.22839999999996508,0.0006999999998242856,0.00019999999972242222,-0.006560000000007449,-2.0000000020559128e-05,9.999999960541572e-06,4223,0,1,0,1,1,0,1.0,2872.3364453125,83.61771519483901,14559.299556371981,1880,0
1073.25,1.4,10.5,-2.4,1827.486,72.43207,0.22900000000004184,0.0006000000000767614,-9.999999974752427e-05,-0.00659000000000276,-2.9999999995311555e-05,-9.999999974752427e-06,4224,0,1,0,1,1,0,1.0,2872.0891434319524,83.61506770485208,14561.492539659701,1881,0
1073.75,1.4,10.5,-2.4,1827.7156,72.42545,0.22959999999989122,0.0005999999998493877,-2.2737367544323206e-13,-0.006619999999998072,-2.9999999995311555e-05,0.0,4225,0,1,0,1,1,0,1.0,2871.842012920019,83.61241990132513,14563.685798467432,1882,0
1073.5,1.4,10.5,-2.4,1827.9458,72.4188,0.23019999999996799,0.0006000000000767614,2.2737367544323206e-13,-0.006649999999993383,-2.9999999995311555e-05,0.0,4226,0,1,0,1,1,0,1.0,2871.5950537970193,83.60977177738349,14565.879333515173,1883,0
1073.5,1.4,10.5,-2.4,1828.1766,72.41213,0.23080000000004475,0.0006000000000767614,0.0,-0.006669999999999732,-2.0000000006348273e-05,9.999999988963282e-06,4227,0,1,0,1,1,0,1.0,2871.3482660832547,83.60712332852412,14568.073145522925,1884,0
1072.25,1.4,10.5,-2.4,1828.4082,72.40543,0.2316000000000713,0.0008000000000265572,0.0001999999999497959,-0.006700000000009254,-3.000000000952241e-05,-1.0000000003174137e-05,4228,0,1,0,1,1,0,1.0,2871.1016498462996,83.60447454788365,14570.267235450689,1885,0
1072.25,1.4,10.5,-2.4,1828.6403,72.398705,0.2320999999999458,0.0004999999998744897,-0.0003000000001520675,-0.006724999999988768,-2.4999999979513632e-05,5.000000030008778e-06,4229,0,1,0,1,1,0,1.0,2870.8552050827425,83.60182542978723,14572.461603898464,1886,0
1074.25,1.4,10.5,-2.4,1828.873,72.39195,0.23270000000002256,0.0006000000000767614,0.00010000000020227162,-0.006755000000012501,-3.0000000023733264e-05,-5.000000044219632e-06,4230,0,1,0,1,1,0,1.0,2870.60893181281,83.5991759673836,14574.65625158625,1887,0
1073.25,1.4,10.5,-2.4,1829.1064,72.38517,0.23339999999984684,0.0006999999998242856,9.999999974752427e-05,-0.006779999999992015,-2.4999999979513632e-05,5.000000044219632e-06,4231,0,1,0,1,1,0,1.0,2870.3628300803402,83.59652615500946,14576.851179354047,1888,0
1071.75,1.4,10.5,-2.4,1829.3403,72.378365,0.23390000000017608,0.0005000000003292371,-0.00019999999949504854,-0.00680499999999995,-2.500000000793534e-05,-2.842170943040401e-14,4232,0,1,0,1,1,0,1.0,2870.1168998818807,83.59387598700684,14579.046387801855,1889,0
1073.75,1.4,10.5,-2.4,1829.5748,72.37154,0.23450000000002547,0.0005999999998493877,9.99999995201506e-05,-0.006825000000006298,-2.0000000006348273e-05,5.000000001587068e-06,4233,0,1,0,1,1,0,1.0,2869.8711412376006,83.5912254589041,14581.241877649674,1890,0
1075.25,1.4,10.5,-2.4,1829.81,72.36468,0.23519999999984975,0.0006999999998242856,9.999999997489795e-05,-0.006859999999988986,-3.499999998268777e-05,-1.4999999976339495e-05,4234,0,1,0,1,1,0,1.0,2869.6255541912633,83.58857456269185,14583.437649737505,1891,0
1075.25,1.4,10.5,-2.4,1830.0458,72.35779,0.2358000000001539,0.000600000000304135,-9.99999995201506e-05,-0.006890000000012719,-3.0000000023733264e-05,4.999999958954504e-06,4235,0,1,0,1,1,0,1.0,2869.3801387629837,83.58592329154862,14585.633704785349,1892,0
1076.25,1.4,10.5,-2.4,1830.2821,72.35088,0.236299999999801,0.0004999999996471161,-0.00010000000065701897,-0.006909999999990646,-1.9999999977926564e-05,1.00000000458067e-05,4236,0,1,0,1,1,0,1.0,2869.1348949492567,83.58327164101959,14587.830043393202,1893,0
1073.75,1.4,10.5,-2.4,1830.5189,72.34394,0.23680000000013024,0.0005000000003292371,6.821210263296962e-13,-0.006940000000000168,-3.000000000952241e-05,-1.0000000031595846e-05,4237,0,1,0,1,1,0,1.0,2868.889822746579,83.58061960429448,14590.026666161066,1894,0
1073.5,1.4,10.5,-2.4,1830.7565,72.33698,0.23759999999992942,0.0007999999997991836,0.0002999999994699465,-0.0069600000000065165,-2.0000000006348273e-05,1.0000000003174137e-05,4238,0,1,0,1,1,0,1.0,2868.6449222222222,83.57796717692851,14592.223574048943,1895,0
1072.25,1.4,10.5,-2.4,1830.9945,72.329994,0.2380000000000564,0.00040000000012696546,-0.0003999999996722181,-0.006985999999997716,-2.599999999119973e-05,-5.999999984851456e-06,4239,0,1,0,1,1,0,1.0,2868.4001933490567,83.57531435306603,14594.42076753683,1896,0
1072.5,1.4,10.5,-2.4,1831.2332,72.32298,0.23869999999988067,0.0006999999998242856,0.00029999999969732016,-0.007013999999998077,-2.800000000036107e-05,-2.00000000916134e-06,4240,0,1,0,1,1,0,1.0,2868.1556361707144,83.57266112638528,14596.61824746473,1897,0
1072.25,1.4,10.5,-2.4,1831.4723,72.31594,0.23910000000000764,0.00040000000012696546,-0.00029999999969732016,-0.007040000000003488,-2.6000000005410584e-05,1.9999999949504854e-06,4241,0,1,0,1,1,0,1.0,2867.911250660066,83.57000749104196,14598.81601431264,1898,0
1073.25,1.4,10.5,-2.4,1831.712,72.30888,0.2397000000000844,0.0006000000000767614,0.0001999999999497959,-0.007059999999995625,-1.9999999992137418e-05,6.000000013273166e-06,4242,0,1,0,1,1,0,1.0,2867.6670368371433,83.56735344261136,14601.014068800563,1899,0
1076.25,1.4,10.5,-2.4,1831.9524,72.301796,0.2403999999999087,0.0006999999998242856,9.999999974752427e-05,-0.007084000000006085,-2.40000000104601e-05,-4.00000001832268e-06,4243,0,1,0,1,1,0,1.0,2867.4229947455233,83.56469897573045,14603.212411768496,1900,0
1076.25,1.4,10.5,-2.4,1832.1932,72.29468,0.24080000000003565,0.00040000000012696546,-0.00029999999969732016,-0.0071159999999963475,-3.199999999026204e-05,-7.999999979801942e-06,4244,0,1,0,1,1,0,1.0,2867.1791243580683,83.56204408315665,14605.411043696442,1901,0
1075.75,1.4,10.5,-2.4,1832.4347,72.287544,0.2415000000000873,0.0007000000000516593,0.00029999999992469384,-0.007136000000002696,-2.0000000006348273e-05,1.1999999983913767e-05,4245,0,1,0,1,1,0,1.0,2866.935425718323,83.55938876048046,14607.609965424399,1902,0
1074.75,1.4,10.5,-2.4,1832.6766,72.28038,0.2418999999999869,0.0003999999998995918,-0.0003000000001520675,-0.007164000000003057,-2.800000000036107e-05,-7.999999994012796e-06,4246,0,1,0,1,1,0,1.0,2866.6918987991526,83.55673300141275,14609.809177432368,1903,0
1073.75,1.4,10.5,-2.4,1832.9191,72.27319,0.24250000000006366,0.0006000000000767614,0.00020000000017716957,-0.0071899999999942565,-2.599999999119973e-05,2.00000000916134e-06,4247,0,1,0,1,1,0,1.0,2866.4485436205273,83.55407680014125,14612.008680440347,1904,0
1072.75,1.4,10.5,-2.4,1833.1621,72.26598,0.24299999999993815,0.0004999999998744897,-0.00010000000020227162,-0.007210000000000605,-2.0000000006348273e-05,5.999999984851456e-06,4248,0,1,0,1,1,0,1.0,2866.2053601788657,83.55142015227112,14614.20847504834,1905,0
1074.25,1.4,10.5,-2.4,1833.4058,72.25874,0.2436999999999898,0.0007000000000516593,0.00020000000017716957,-0.007239999999995916,-2.9999999995311555e-05,-9.999999988963282e-06,4249,0,1,0,1,1,0,1.0,2865.962348517647,83.54876305105883,14616.408562096341,1906,0
1073.25,1.4,10.5,-2.4,1833.6498,72.25149,0.2439999999999145,0.00029999999992469384,-0.00040000000012696546,-0.0072499999999990905,-1.0000000003174137e-05,1.9999999992137418e-05,4250,0,1,0,1,1,0,1.0,2865.719508586215,83.54610549447189,14618.608941944358,1907,0
1073.25,1.4,10.5,-2.4,1833.8944,72.2442,0.24459999999999127,0.0006000000000767614,0.0003000000001520675,-0.007289999999997576,-3.999999999848569e-05,-2.9999999995311555e-05,4251,0,1,0,1,1,0,1.0,2865.4768404045153,83.54344747342428,14620.809615312384,1908,0
1072.25,1.4,10.5,-2.4,1834.1395,72.23689,0.24510000000009313,0.0005000000001018634,-9.999999997489795e-05,-0.0073100000000039245,-2.0000000006348273e-05,1.9999999992137418e-05,4252,0,1,0,1,1,0,1.0,2865.234343968963,83.54078898354103,14623.010582800423,1909,0
1071.75,1.4,10.5,-2.4,1834.3853,72.22956,0.24579999999991742,0.0006999999998242856,0.00019999999972242222,-0.007329999999996062,-1.9999999992137418e-05,1.4210854715202004e-14,4253,0,1,0,1,1,0,1.0,2864.99201932299,83.53813002045135,14625.211845248474,1910,0
1074.25,1.4,10.5,-2.4,1834.6313,72.222206,0.2460000000000946,0.00020000000017716957,-0.0004999999996471161,-0.007354000000006522,-2.40000000104601e-05,-4.00000001832268e-06,4254,0,1,0,1,1,0,1.0,2864.74986639248,83.53547057884842,14627.413402896536,1911,0
1074.25,1.4,10.5,-2.4,1834.878,72.21483,0.24669999999991887,0.0006999999998242856,0.0004999999996471161,-0.00737599999999361,-2.1999999987087904e-05,2.000000023372195e-06,4255,0,1,0,1,1,0,1.0,2864.5078852208644,83.53281065390037,14629.61525658461,1912,0
1074.25,1.4,10.5,-2.4,1835.1252,72.20743,0.24720000000002074,0.0005000000001018634,-0.00019999999972242222,-0.00740000000000407,-2.40000000104601e-05,-2.000000023372195e-06,4256,0,1,0,1,1,0,1.0,2864.266075804557,83.53015024031008,14631.817406912696,1913,0
1075.75,1.4,10.5,-2.4,1835.3729,72.200005,0.2477000000001226,0.0005000000001018634,0.0,-0.0074249999999977945,-2.4999999993724487e-05,-9.99999983264388e-07,4257,0,1,0,1,1,0,1.0,2864.024438139972,83.52748933255049,14634.019854480794,1914,0
1074.75,1.4,10.5,-2.4,1835.621,72.19255,0.2481000000000222,0.0003999999998995918,-0.00010000000020227162,-0.007455000000007317,-3.000000000952241e-05,-5.000000015797923e-06,4258,0,1,0,1,1,0,1.0,2863.782972200047,83.52482792392581,14636.222599768904,1915,0
1072.25,1.4,10.5,-2.4,1835.8696,72.18508,0.24859999999989668,0.0004999999998744897,9.999999997489795e-05,-0.007469999999997867,-1.499999999055035e-05,1.500000001897206e-05,4259,0,1,0,1,1,0,1.0,2863.541677981221,83.5221660112676,14638.425643377026,1916,0
1072.25,1.4,10.5,-2.4,1836.1188,72.17759,0.24919999999997344,0.0006000000000767614,0.00010000000020227162,-0.0074900000000042155,-2.0000000006348273e-05,-5.000000015797923e-06,4260,0,1,0,1,1,0,1.0,2863.300555503403,83.51950359023704,14640.62898602516,1917,0
1072.25,1.4,10.5,-2.4,1836.3684,72.17007,0.2496000000001004,0.00040000000012696546,-0.0001999999999497959,-0.007519999999999527,-2.9999999995311555e-05,-9.999999988963282e-06,4261,0,1,0,1,1,0,1.0,2863.059604739559,83.51684065415299,14642.832628193304,1918,0
1071.25,1.4,10.5,-2.4,1836.6185,72.16253,0.2500999999999749,0.0004999999998744897,9.999999974752427e-05,-0.0075399999999916645,-1.9999999992137418e-05,1.0000000003174137e-05,4262,0,1,0,1,1,0,1.0,2862.8188256861363,83.51417719868637,14645.036570481463,1919,0
1072.25,1.4,10.5,-2.4,1836.869,72.15497,0.2504999999998745,0.0003999999998995918,-9.999999997489795e-05,-0.007559999999998013,-2.0000000006348273e-05,-1.4210854715202004e-14,4263,0,1,0,1,1,0,1.0,2862.578218316135,83.5115132195122,14647.240813369632,1920,0
1072.75,1.4,10.5,-2.4,1837.1201,72.14738,0.2511000000001786,0.000600000000304135,0.00020000000040454324,-0.007590000000007535,-3.000000000952241e-05,-1.0000000003174137e-05,4264,0,1,0,1,1,0,1.0,2862.337782649472,83.50884870996482,14649.445357577813,1921,0
1071.75,1.4,10.5,-2.4,1837.3716,72.13977,0.25149999999985084,0.0003999999996722181,-0.00020000000063191692,-0.007609999999999673,-1.9999999992137418e-05,1.0000000017384991e-05,4265,0,1,0,1,1,0,1.0,2862.0975186591654,83.50618366572903,14651.650203586009,1922,0
1070.25,1.4,10.5,-2.4,1837.6235,72.13214,0.2518999999999778,0.00040000000012696546,4.547473508864641e-13,-0.00762999999999181,-1.9999999992137418e-05,0.0,4266,0,1,0,1,1,0,1.0,2861.8574263182563,83.50351808249356,14653.855351874214,1923,0
1069.25,1.4,10.5,-2.4,1837.876,72.12449,0.25250000000005457,0.0006000000000767614,0.0001999999999497959,-0.007650000000012369,-2.0000000020559128e-05,-2.842170943040401e-14,4267,0,1,0,1,1,0,1.0,2861.617505646673,83.50085195595128,14656.060803162432,1924,0
1068.25,1.4,10.5,-2.4,1838.1288,72.11681,0.25279999999997926,0.00029999999992469384,-0.0003000000001520675,-0.00767999999999347,-2.99999999811007e-05,-9.999999960541572e-06,4268,0,1,0,1,1,0,1.0,2861.37775659405,83.49818527945655,14658.266557810663,1925,0
1066.75,1.4,10.5,-2.4,1838.3821,72.10912,0.2533000000000811,0.0005000000001018634,0.00020000000017716957,-0.007689999999996644,-1.0000000003174137e-05,1.9999999977926564e-05,4269,0,1,0,1,1,0,1.0,2861.138179156909,83.49551805105386,14660.472616418905,1926,0
1066.75,1.4,10.5,-2.4,1838.6359,72.1014,0.2537999999999556,0.0004999999998744897,-2.2737367544323206e-13,-0.007720000000006166,-3.000000000952241e-05,-2.0000000006348273e-05,4270,0,1,0,1,1,0,1.0,2860.8987733317726,83.49285026410678,14662.67897958716,1927,0
1067.25,1.4,10.5,-2.4,1838.89,72.093666,0.2541000000001077,0.0003000000001520675,-0.00019999999972242222,-0.0077339999999992415,-1.3999999993075107e-05,1.6000000016447302e-05,4271,0,1,0,1,1,0,1.0,2860.659539068352,83.49018191573035,14664.885647675426,1928,0
1067.75,1.4,10.5,-2.4,1839.1447,72.08591,0.25469999999995707,0.0005999999998493877,0.00029999999969732016,-0.00775600000000054,-2.200000000129876e-05,-8.000000008223651e-06,4272,0,1,0,1,1,0,1.0,2860.4204763866132,83.48751300117013,14667.092621403704,1929,0
1068.25,1.4,10.5,-2.4,1839.3998,72.078125,0.25509999999985666,0.0003999999998995918,-0.0001999999999497959,-0.0077849999999983766,-2.8999999997836312e-05,-6.999999996537554e-06,4273,0,1,0,1,1,0,1.0,2860.1815852597097,83.48484351403837,14669.299901251996,1930,0
1068.25,1.4,10.5,-2.4,1839.6552,72.07032,0.25540000000000873,0.0003000000001520675,-9.999999974752427e-05,-0.007805000000004725,-2.0000000006348273e-05,8.999999991488039e-06,4274,0,1,0,1,1,0,1.0,2859.942865637427,83.48217345005848,14671.5074875803,1931,0
1066.75,1.4,10.5,-2.4,1839.9111,72.06249,0.2559000000001106,0.0005000000001018634,0.0001999999999497959,-0.00782999999999845,-2.4999999993724487e-05,-4.9999999873762135e-06,4275,0,1,0,1,1,0,1.0,2859.7043175163703,83.47950280378859,14673.715380988615,1932,0
1063.75,1.4,10.5,-2.4,1840.1674,72.05465,0.2563000000000102,0.0003999999998995918,-0.00010000000020227162,-0.007840000000001623,-1.0000000003174137e-05,1.499999999055035e-05,4276,0,1,0,1,1,0,1.0,2859.4659408697685,83.47683157329904,14675.923581956944,1933,0
1063.25,1.4,10.5,-2.4,1840.4241,72.04678,0.2566999999999098,0.0003999999998995918,0.0,-0.007869999999996935,-2.9999999995311555e-05,-1.9999999992137418e-05,4277,0,1,0,1,1,0,1.0,2859.227735670874,83.47415975198692,14678.132090965284,1934,0
1064.25,1.4,10.5,-2.4,1840.6813,72.038895,0.25720000000001164,0.0005000000001018634,0.00010000000020227162,-0.007885000000001696,-1.5000000004761205e-05,1.499999999055035e-05,4278,0,1,0,1,1,0,1.0,2858.9897019163354,83.47148733676093,14680.340908613636,1935,0
1064.25,1.4,10.5,-2.4,1840.9388,72.03099,0.25749999999993634,0.00029999999992469384,-0.00020000000017716957,-0.007904999999993834,-1.9999999992137418e-05,-4.9999999873762135e-06,4279,0,1,0,1,1,0,1.0,2858.7518395560746,83.46881432336448,14682.550035262002,1936,0
1061.75,1.4,10.5,-2.4,1841.1968,72.02306,0.2580000000000382,0.0005000000001018634,0.00020000000017716957,-0.007930000000001769,-2.500000000793534e-05,-5.000000015797923e-06,4280,0,1,0,1,1,0,1.0,2858.514148586779,83.46614070637702,14684.759471510379,1937,0
1061.75,1.4,10.5,-2.4,1841.4551,72.015114,0.2582999999999629,0.00029999999992469384,-0.00020000000017716957,-0.007946000000004005,-1.6000000002236447e-05,9.000000005698894e-06,4281,0,1,0,1,1,0,1.0,2858.2766289584306,83.46346648248482,14686.969217718768,1938,0
1062.25,1.4,10.5,-2.4,1841.7137,72.00714,0.25860000000011496,0.0003000000001520675,2.2737367544323206e-13,-0.007973999999990156,-2.7999999986150215e-05,-1.1999999983913767e-05,4282,0,1,0,1,1,0,1.0,2858.0392806210602,83.46079164557553,14689.179274247172,1939,0
1062.25,1.4,10.5,-2.4,1841.9729,71.99915,0.25919999999996435,0.0005999999998493877,0.00029999999969732016,-0.007990000000006603,-1.6000000016447302e-05,1.1999999969702912e-05,4283,0,1,0,1,1,0,1.0,2857.8021035947713,83.4581161923436,14691.389641815585,1940,0
1063.75,1.4,10.5,-2.4,1842.2324,71.99114,0.2595000000001164,0.0003000000001520675,-0.00029999999969732016,-0.00800999999999874,-1.9999999992137418e-05,-3.999999975690116e-06,4284,0,1,0,1,1,0,1.0,2857.565097829638,83.45544011855308,14693.600320784013,1941,0
1064.75,1.4,10.5,-2.4,1842.4923,71.983116,0.25989999999978863,0.0003999999996722181,9.99999995201506e-05,-0.008024000000006026,-1.4000000007285962e-05,5.999999984851456e-06,4285,0,1,0,1,1,0,1.0,2857.328263299113,83.45276342137191,14695.811311632453,1942,0
1066.25,1.4,10.5,-2.4,1842.7526,71.97507,0.260300000000143,0.00040000000035433914,6.821210263296962e-13,-0.008045999999993114,-2.1999999987087904e-05,-7.999999979801942e-06,4286,0,1,0,1,1,0,1.0,2857.0915999766735,83.4500860961045,14698.022614840904,1943,0
1066.25,1.4,10.5,-2.4,1843.0131,71.967,0.2604999999998654,0.00019999999972242222,-0.00020000000063191692,-0.008070000000003574,-2.40000000104601e-05,-2.000000023372195e-06,4287,0,1,0,1,1,0,1.0,2856.855107789179,83.44740813759329,14700.234230649368,1944,0
1064.75,1.3,10.5,-2.4,1843.274,71.95891,0.26089999999999236,0.00040000000012696546,0.00020000000040454324,-0.008089999999995712,-1.9999999992137418e-05,4.00000001832268e-06,4288,0,1,0,1,1,0,1.0999999999999999,2856.618786710189,83.44472954161809,14702.446159537847,1945,0
1064.5,1.3,10.5,-2.4,1843.5354,71.950806,0.2614000000000942,0.0005000000001018634,9.999999997489795e-05,-0.008104000000002998,-1.4000000007285962e-05,5.999999984851456e-06,4289,0,1,0,1,1,0,1.0999999999999999,2856.382636736597,83.4420503053613,14704.658402106335,1946,0
1064.5,1.3,10.5,-2.4,1843.7971,71.94268,0.2617000000000189,0.00029999999992469384,-0.00020000000017716957,-0.008126000000004296,-2.200000000129876e-05,-7.999999994012796e-06,4290,0,1,0,1,1,0,1.0999999999999999,2856.1466578186905,83.43937042414356,14706.870958714839,1947,0
1065.25,1.3,10.5,-2.4,1844.0592,71.93453,0.2620999999999185,0.0003999999998995918,9.999999997489795e-05,-0.008150000000000546,-2.3999999996249244e-05,-1.9999999949504854e-06,4291,0,1,0,1,1,0,1.0999999999999999,2855.910849930103,83.43668989282386,14709.083829843354,1948,0
1066.25,1.3,10.5,-2.4,1844.3217,71.92637,0.2625000000000455,0.00040000000012696546,2.2737367544323206e-13,-0.008159999999989509,-9.999999988963282e-06,1.4000000007285962e-05,4292,0,1,0,1,1,0,1.0999999999999999,2855.675213044491,83.43400870952715,14711.29701597188,1949,0
1066.75,1.3,10.5,-2.4,1844.5844,71.91818,0.26269999999999527,0.0001999999999497959,-0.00020000000017716957,-0.008189999999999031,-3.000000000952241e-05,-2.0000000020559128e-05,4293,0,1,0,1,1,0,1.0999999999999999,2855.439747088961,83.4313268677224,14713.51051734042,1950,0
1067.75,1.3,10.5,-2.4,1844.8474,71.90998,0.26300000000014734,0.0003000000001520675,0.00010000000020227162,-0.008200000000002206,-1.0000000003174137e-05,2.0000000006348273e-05,4294,0,1,0,1,1,0,1.0999999999999999,2855.20445201397,83.42864436554133,14715.724334308974,1951,0
1068.0,1.3,10.5,-2.4,1845.1108,71.901764,0.26339999999981956,0.0003999999996722181,9.99999995201506e-05,-0.008216000000004442,-1.6000000002236447e-05,-5.999999999062311e-06,4295,0,1,0,1,1,0,1.0999999999999999,2854.969327793296,83.42596119972067,14717.938467357539,1952,0
1068.0,1.3,10.5,-2.4,1845.3746,71.893524,0.2638000000001739,0.00040000000035433914,6.821210263296962e-13,-0.008240000000000691,-2.3999999996249244e-05,-7.999999994012796e-06,4296,0,1,0,1,1,0,1.0999999999999999,2854.7343744007444,83.42327736513847,14720.152916966117,1953,0
1069.25,1.3,10.5,-2.4,1845.6387,71.88526,0.2640999999998712,0.00029999999969732016,-0.00010000000065701897,-0.00826399999999694,-2.3999999996249244e-05,0.0,4297,0,1,0,1,1,0,1.0999999999999999,2854.4995917868778,83.42059285667752,14722.367683494707,1954,0
1068.75,1.3,10.5,-2.4,1845.9031,71.87698,0.2644000000000233,0.0003000000001520675,4.547473508864641e-13,-0.008279999999999177,-1.6000000002236447e-05,7.999999994012796e-06,4298,0,1,0,1,1,0,1.0999999999999999,2854.264979902303,83.4179076710863,14724.58276730331,1955,0
1068.25,1.3,10.5,-2.4,1846.1678,71.86869,0.264699999999948,0.00029999999992469384,-2.2737367544323206e-13,-0.008290000000002351,-1.0000000003174137e-05,5.999999999062311e-06,4299,0,1,0,1,1,0,1.0999999999999999,2854.0305386976747,83.41522180651162,14726.798168751926,1956,0
1070.75,1.3,10.5,-2.4,1846.4329,71.86038,0.26510000000007494,0.00040000000012696546,0.00010000000020227162,-0.008309999999994488,-1.9999999992137418e-05,-9.999999988963282e-06,4300,0,1,0,1,1,0,1.0999999999999999,2853.7962681469426,83.41253525877703,14729.013888320555,1957,0
1071.0,1.3,10.5,-2.4,1846.6982,71.85205,0.26530000000002474,0.0001999999999497959,-0.00020000000017716957,-0.008330000000000837,-2.0000000006348273e-05,-1.4210854715202004e-14,4301,0,1,0,1,1,0,1.0999999999999999,2853.562168177592,83.40984802370991,14731.229926249196,1958,0
1069.75,1.3,10.5,-2.4,1846.9639,71.843704,0.26569999999992433,0.0003999999998995918,0.0001999999999497959,-0.008346000000003073,-1.6000000002236447e-05,4.0000000041118255e-06,4302,0,1,0,1,1,0,1.0999999999999999,2853.328238763653,83.40716009807112,14733.44628301785,1959,0
1070.0,1.3,10.5,-2.4,1847.2297,71.835335,0.2658000000001266,0.00010000000020227162,-0.00029999999969732016,-0.008369000000001847,-2.2999999998774e-05,-6.999999996537554e-06,4303,0,1,0,1,1,0,1.0999999999999999,2853.0944798094797,83.40447147699814,14735.662958746518,1960,0
1068.25,1.3,10.5,-2.4,1847.4961,71.82695,0.266399999999976,0.0005999999998493877,0.0004999999996471161,-0.008385000000004084,-1.6000000002236447e-05,6.999999996537554e-06,4304,0,1,0,1,1,0,1.0999999999999999,2852.860891335656,83.40178215725899,14737.879954155198,1961,0
1067.25,1.3,10.5,-2.4,1847.7626,71.81855,0.2664999999999509,9.999999997489795e-05,-0.0004999999998744897,-0.008399999999994634,-1.499999999055035e-05,1.0000000116860974e-06,4305,0,1,0,1,1,0,1.0999999999999999,2852.6274732466327,83.39909213585695,14740.09726936389,1962,0
1067.25,1.3,10.5,-2.4,1848.0294,71.810135,0.2667999999998756,0.00029999999992469384,0.0001999999999497959,-0.008414999999999395,-1.5000000004761205e-05,-1.4210854715202004e-14,4306,0,1,0,1,1,0,1.0999999999999999,2852.3942254933827,83.396401409798,14742.314904732597,1963,0
1068.75,1.3,10.5,-2.4,1848.2965,71.8017,0.26710000000002765,0.0003000000001520675,2.2737367544323206e-13,-0.008435000000005743,-2.0000000006348273e-05,-5.000000001587068e-06,4307,0,1,0,1,1,0,1.0999999999999999,2852.1611480269266,83.39370997493036,14744.532860621313,1964,0
1067.25,1.3,10.5,-2.4,1848.564,71.79324,0.2675000000001546,0.00040000000012696546,9.999999997489795e-05,-0.008459999999999468,-2.4999999993724487e-05,-4.9999999873762135e-06,4308,0,1,0,1,1,0,1.0999999999999999,2851.9282408215363,83.3910178259457,14746.751137510046,1965,0
1067.0,1.3,10.5,-2.4,1848.8317,71.784775,0.26769999999987704,0.00019999999972242222,-0.00020000000040454324,-0.008465000000001055,-5.000000001587068e-06,1.9999999992137418e-05,4309,0,1,0,1,1,0,1.0999999999999999,2851.6955038051046,83.38832496218097,14748.96973563879,1966,0
1068.25,1.3,10.5,-2.4,1849.0996,71.77628,0.2679000000000542,0.00020000000017716957,4.547473508864641e-13,-0.008494999999996367,-2.9999999995311555e-05,-2.4999999993724487e-05,4310,0,1,0,1,1,0,1.0999999999999999,2851.4629369055906,83.38563137717466,14751.188655247546,1967,0
1068.25,1.3,10.5,-2.4,1849.3678,71.767784,0.2681999999999789,0.00029999999992469384,9.999999974752427e-05,-0.008495999999993842,-9.999999974752427e-07,2.8999999997836312e-05,4311,0,1,0,1,1,0,1.0999999999999999,2851.2305400742116,83.38293707119666,14753.407896696315,1968,0
1069.75,1.3,10.5,-2.4,1849.6362,71.75926,0.2683999999999287,0.0001999999999497959,-9.999999997489795e-05,-0.008524000000008414,-2.8000000014571924e-05,-2.700000001709668e-05,4312,0,1,0,1,1,0,1.0999999999999999,2850.998313239045,83.38024203825644,14755.627460225098,1969,0
1070.25,1.3,10.5,-2.4,1849.905,71.750725,0.26880000000005566,0.00040000000012696546,0.00020000000017716957,-0.008534999999994852,-1.0999999986438525e-05,1.70000000281334e-05,4313,0,1,0,1,1,0,1.0999999999999999,2850.7662563745944,83.37754627630969,14757.847346313894,1970,0
1070.0,1.3,10.5,-2.4,1850.174,71.74217,0.26900000000000546,0.0001999999999497959,-0.00020000000017716957,-0.0085550000000012,-2.0000000006348273e-05,-9.000000019909749e-06,4314,0,1,0,1,1,0,1.0999999999999999,2850.534369409038,83.37484978122828,14760.067555202702,1971,0
1069.75,1.3,10.5,-2.4,1850.4432,71.733604,0.26919999999995525,0.0001999999999497959,0.0,-0.00856600000000185,-1.100000000064938e-05,9.000000005698894e-06,4315,0,1,0,1,1,0,1.0999999999999999,2850.302652270621,83.37215255097313,14762.288087131523,1972,0
1069.25,1.3,10.5,-2.4,1850.7128,71.72502,0.2696000000000822,0.00040000000012696546,0.00020000000017716957,-0.008583999999999037,-1.7999999997186933e-05,-6.999999996537554e-06,4316,0,1,0,1,1,0,1.0999999999999999,2850.071104933982,83.36945458188558,14764.508942580358,1973,0
1070.75,1.3,10.5,-2.4,1850.9824,71.71642,0.2696000000000822,0.0,-0.00040000000012696546,-0.008600000000001273,-1.6000000002236447e-05,1.9999999949504854e-06,4317,0,1,0,1,1,0,1.0999999999999999,2849.8397272811485,83.36675587077352,14766.730121549204,1974,0
1070.75,1.3,10.5,-2.4,1851.2524,71.7078,0.2699999999999818,0.0003999999998995918,0.0003999999998995918,-0.00861999999999341,-1.9999999992137418e-05,-3.999999989900971e-06,4318,0,1,0,1,1,0,1.0999999999999999,2849.6085192868723,83.36405641352165,14768.951624518066,1975,0
1071.25,1.3,10.5,-2.4,1851.5226,71.69917,0.2701999999999316,0.0001999999999497959,-0.0001999999999497959,-0.008630000000010796,-1.0000000017384991e-05,9.999999974752427e-06,4319,0,1,0,1,1,0,1.0999999999999999,2849.3774808796297,83.36135620833333,14771.173451726938,1976,0
1069.25,1.3,10.5,-2.4,1851.7931,71.69052,0.2705000000000837,0.0003000000001520675,0.00010000000020227162,-0.008649999999988722,-1.9999999977926564e-05,-9.999999960541572e-06,4320,0,1,0,1,1,0,1.0999999999999999,2849.1466120111086,83.35865525109928,14773.395603535824,1977,0
1068.25,1.3,10.5,-2.4,1852.0637,71.68186,0.2705999999998312,9.999999974752427e-05,-0.00020000000040454324,-0.008660000000006107,-1.0000000017384991e-05,9.999999960541572e-06,4321,0,1,0,1,1,0,1.0999999999999999,2848.9159125867654,83.35595354002777,14775.618080064723,1978,0
1068.25,1.3,10.5,-2.4,1852.3346,71.67318,0.27089999999998327,0.0003000000001520675,0.00020000000040454324,-0.008679999999998245,-1.9999999992137418e-05,-9.999999974752427e-06,4322,0,1,0,1,1,0,1.0999999999999999,2848.6853825584085,83.35325107101549,14777.840881673636,1979,0
1068.0,1.3,10.5,-2.4,1852.6057,71.66448,0.27110000000016043,0.00020000000017716957,-9.999999997489795e-05,-0.008700000000004593,-2.0000000006348273e-05,-1.4210854715202004e-14,4323,0,1,0,1,1,0,1.0999999999999999,2848.455021854764,83.350547839963,14780.06400860256,1980,0
1066.25,1.3,10.5,-2.4,1852.877,71.65578,0.27129999999988286,0.00019999999972242222,-4.547473508864641e-13,-0.008700000000004593,0.0,2.0000000006348273e-05,4324,0,1,0,1,1,0,1.0999999999999999,2848.2248304046243,83.34784384739883,14782.287461091499,1981,0
1067.75,1.3,10.5,-2.4,1853.1486,71.64705,0.2716000000000349,0.0003000000001520675,0.0001000000004296453,-0.008729999999999905,-2.9999999995311555e-05,-2.9999999995311555e-05,4325,0,1,0,1,1,0,1.0999999999999999,2847.994808159963,83.34513908691632,14784.511239500449,1982,0
1068.75,1.3,10.5,-2.4,1853.4203,71.63831,0.2717000000000098,9.999999997489795e-05,-0.00020000000017716957,-0.008739999999988868,-9.999999988963282e-06,2.0000000006348273e-05,4326,0,1,0,1,1,0,1.0999999999999999,2847.7649550265774,83.34243355673678,14786.735343949413,1983,0
1068.75,1.3,10.5,-2.4,1853.6921,71.629555,0.2717999999999847,9.999999997489795e-05,0.0,-0.00875500000000784,-1.500000001897206e-05,-5.000000030008778e-06,4327,0,1,0,1,1,0,1.0999999999999999,2847.5352709103513,83.33972725392792,14788.95977455839,1984,0
1067.25,1.3,10.5,-2.4,1853.9642,71.62079,0.2720999999999094,0.00029999999992469384,0.0001999999999497959,-0.008764999999996803,-9.999999988963282e-06,5.000000030008778e-06,4328,0,1,0,1,1,0,1.0999999999999999,2847.3057557634556,83.33702017671519,14791.18453168738,1985,0
1067.25,1.3,10.5,-2.4,1854.2366,71.61201,0.2724000000000615,0.0003000000001520675,2.2737367544323206e-13,-0.008780000000001564,-1.5000000004761205e-05,-5.000000015797923e-06,4329,0,1,0,1,1,0,1.0999999999999999,2847.076409538106,83.3343123221709,14793.409615696384,1986,0
1066.75,1.3,10.5,-2.4,1854.509,71.60321,0.2724000000000615,0.0,-0.0003000000001520675,-0.008799999999993702,-1.9999999992137418e-05,-4.9999999873762135e-06,4330,0,1,0,1,1,0,1.0999999999999999,2846.847232117294,83.33160368621564,14795.635026585402,1987,0
1068.75,1.3,10.5,-2.4,1854.7817,71.5944,0.2726999999999862,0.00029999999992469384,0.00029999999992469384,-0.008810000000011087,-1.0000000017384991e-05,9.999999974752427e-06,4331,0,1,0,1,1,0,1.0999999999999999,2846.6182234533703,83.32889426708218,14797.86076471443,1988,0
1069.75,1.3,10.5,-2.4,1855.0546,71.58557,0.27289999999993597,0.0001999999999497959,-9.999999997489795e-05,-0.008829999999989013,-1.9999999977926564e-05,-9.999999960541572e-06,4332,0,1,0,1,1,0,1.0999999999999999,2846.389383475652,83.32618406069697,14800.086830323473,1989,0
1069.75,1.3,10.5,-2.4,1855.3276,71.57673,0.27300000000013824,0.00010000000020227162,-9.999999974752427e-05,-0.008840000000006398,-1.0000000017384991e-05,9.999999960541572e-06,4333,0,1,0,1,1,0,1.0999999999999999,2846.1607120904478,83.32347306529765,14802.313223532528,1990,0
1070.25,1.3,10.5,-2.4,1855.6008,71.56787,0.27319999999986067,0.00019999999972242222,9.99999995201506e-05,-0.008859999999998536,-1.9999999992137418e-05,-9.999999974752427e-06,4334,0,1,0,1,1,0,1.0999999999999999,2845.9322092272205,83.32076127681661,14804.539944581598,1991,0
1069.75,1.3,10.5,-2.4,1855.8741,71.559006,0.27330000000006294,0.00010000000020227162,-9.99999995201506e-05,-0.008864000000002648,-4.0000000041118255e-06,1.5999999988025593e-05,4335,0,1,0,1,1,0,1.0999999999999999,2845.7038747924353,83.31804869488006,14806.76699359068,1992,0
1069.25,1.3,10.5,-2.4,1856.1477,71.550125,0.27359999999998763,0.00029999999992469384,0.00019999999972242222,-0.00888100000000236,-1.699999999971169e-05,-1.2999999995599865e-05,4336,0,1,0,1,1,0,1.0999999999999999,2845.4757087387597,83.31533531611713,14808.994370919774,1993,0
1069.5,1.3,10.5,-2.4,1856.4214,71.54123,0.27369999999996253,9.999999997489795e-05,-0.0001999999999497959,-0.008894999999995434,-1.3999999993075107e-05,3.000000006636583e-06,4337,0,1,0,1,1,0,1.0999999999999999,2845.2477109727984,83.31262113785155,14811.222076688882,1994,0
1068.75,1.3,10.5,-2.4,1856.6952,71.53232,0.2738000000001648,0.00010000000020227162,2.2737367544323206e-13,-0.008910000000000196,-1.5000000004761205e-05,-1.0000000116860974e-06,4338,0,1,0,1,1,0,1.0999999999999999,2845.0198814012447,83.30990615717907,14813.450111018004,1995,0
1068.25,1.3,10.5,-2.4,1856.9692,71.5234,0.2739999999998872,0.00019999999972242222,9.99999995201506e-05,-0.00892000000000337,-1.0000000003174137e-05,5.000000001587068e-06,4339,0,1,0,1,1,0,1.0999999999999999,2844.792219953917,83.30719037235023,14815.678474147138,1996,0
1068.25,1.3,10.5,-2.4,1857.2434,71.514465,0.2742000000000644,0.00020000000017716957,4.547473508864641e-13,-0.00893499999999392,-1.499999999055035e-05,-4.9999999873762135e-06,4340,0,1,0,1,1,0,1.0999999999999999,2844.5647265607004,83.30447378046533,14817.907166316287,1997,0
1068.75,1.3,10.5,-2.4,1857.5176,71.505516,0.274199999999837,-2.2737367544323206e-13,-0.00020000000040454324,-0.008949000000001206,-1.4000000007285962e-05,9.99999983264388e-07,4341,0,1,0,1,1,0,1.0999999999999999,2844.337401105481,83.30175637885768,14820.136187525448,1998,0
1069.25,1.3,10.5,-2.4,1857.792,71.49655,0.2744000000000142,0.00020000000017716957,0.00020000000040454324,-0.008966000000000918,-1.699999999971169e-05,-2.999999992425728e-06,4342,0,1,0,1,1,0,1.0999999999999999,2844.110243518305,83.29903816417223,14822.365538014621,1999,0
1069.25,1.3,10.5,-2.4,1858.0665,71.48758,0.2744999999999891,9.999999997489795e-05,-0.00010000000020227162,-0.00897000000000503,-4.0000000041118255e-06,1.2999999995599865e-05,4343,0,1,0,1,1,0,1.0999999999999999,2843.8832537062617,83.29631913604973,14824.595217903809,2000,0
1070.75,1.3,10.5,-2.4,1858.3412,71.47859,0.27470000000016626,0.00020000000017716957,0.00010000000020227162,-0.008989999999997167,-1.9999999992137418e-05,-1.5999999988025593e-05,4344,0,1,0,1,1,0,1.0999999999999999,2843.6564315995397,83.2935992904488,14826.82522743301,2001,0
1071.0,1.3,10.5,-2.4,1858.616,71.4696,0.2747999999999138,9.999999974752427e-05,-0.0001000000004296453,-0.008989999999997167,0.0,1.9999999992137418e-05,4345,0,1,0,1,1,0,1.0999999999999999,2843.4297771053843,83.29087862793372,14829.055566722223,2002,0
1070.75,1.3,10.5,-2.4,1858.8909,71.46059,0.27490000000011605,0.00010000000020227162,4.547473508864641e-13,-0.009010000000003515,-2.0000000006348273e-05,-2.0000000006348273e-05,4346,0,1,0,1,1,0,1.0999999999999999,2843.203290131125,83.28815714446745,14831.28623589145,2003,0
1071.75,1.3,10.5,-2.4,1859.1659,71.45156,0.2749999999998636,9.999999974752427e-05,-4.547473508864641e-13,-0.009029999999995653,-1.9999999992137418e-05,1.4210854715202004e-14,4347,0,1,0,1,1,0,1.0999999999999999,2842.976970584177,83.28543483601656,14833.51723506069,2004,0
1069.75,1.3,10.5,-2.4,1859.441,71.44252,0.27510000000006585,0.00010000000020227162,4.547473508864641e-13,-0.009039999999998827,-1.0000000003174137e-05,9.999999988963282e-06,4348,0,1,0,1,1,0,1.0999999999999999,2842.7508183720397,83.28271170085077,14835.748564349942,2005,0
1067.75,1.3,10.5,-2.4,1859.7163,71.43347,0.27530000000001564,0.0001999999999497959,9.999999974752427e-05,-0.009050000000002001,-1.0000000003174137e-05,0.0,4349,0,1,0,1,1,0,1.0999999999999999,2842.5248334252874,83.27998773724138,14837.98022399921,2006,0
1067.75,1.3,10.5,-2.4,1859.9916,71.424416,0.27530000000001564,0.0,-0.0001999999999497959,-0.009054000000006113,-4.0000000041118255e-06,5.999999999062311e-06,4350,0,1,0,1,1,0,1.0999999999999999,2842.2990156285914,83.27726294484027,14840.212214008488,2007,0
1067.75,1.3,10.5,-2.4,1860.2671,71.415344,0.27549999999996544,0.0001999999999497959,0.0001999999999497959,-0.009071999999989089,-1.7999999982976078e-05,-1.3999999978864253e-05,4351,0,1,0,1,1,0,1.0999999999999999,2842.0733649126837,83.27453732008271,14842.444534617782,2008,0
1066.75,1.3,10.5,-2.4,1860.5426,71.40626,0.27549999999996544,0.0,-0.0001999999999497959,-0.009084000000001424,-1.2000000012335477e-05,5.9999999706406015e-06,4352,0,1,0,1,1,0,1.0999999999999999,2841.847881162417,83.27181086078566,14844.677185827088,2009,0
1066.75,1.3,10.5,-2.4,1860.8182,71.39716,0.27559999999994034,9.999999997489795e-05,9.999999997489795e-05,-0.00910000000000366,-1.6000000002236447e-05,-3.999999989900971e-06,4353,0,1,0,1,1,0,1.0999999999999999,2841.6225642857144,83.26908356384934,14846.910167756407,2010,0
1066.75,1.3,10.5,-2.4,1861.0939,71.388054,0.2757000000001426,0.00010000000020227162,2.2737367544323206e-13,-0.009106000000002723,-5.999999999062311e-06,1.0000000003174137e-05,4354,0,1,0,1,1,0,1.0999999999999999,2841.3974141905856,83.26635542847302,14849.14348052574,2011,0
1068.75,1.3,10.5,-2.4,1861.3696,71.37894,0.27569999999991524,-2.2737367544323206e-13,-0.0001000000004296453,-0.009113999999996736,-7.999999994012796e-06,-1.9999999949504854e-06,4355,0,1,0,1,1,0,1.0999999999999999,2841.172430762167,83.26362645339762,14851.377124135084,2012,0
1067.75,1.3,10.5,-2.4,1861.6455,71.36981,0.2759000000000924,0.00020000000017716957,0.00020000000040454324,-0.009129999999998972,-1.6000000002236447e-05,-8.000000008223651e-06,4356,0,1,0,1,1,0,1.0999999999999999,2840.9476139316043,83.26089663552904,14853.611098824444,2013,0
1067.5,1.3,10.5,-2.4,1861.9215,71.36067,0.27599999999983993,9.999999974752427e-05,-0.0001000000004296453,-0.009140000000002146,-1.0000000003174137e-05,5.999999999062311e-06,4357,0,1,0,1,1,0,1.0999999999999999,2840.7229636071593,83.25816597315281,14855.845404713817,2014,0
1066.75,1.3,10.5,-2.4,1862.1975,71.35152,0.2760000000000673,2.2737367544323206e-13,-9.99999995201506e-05,-0.00915000000000532,-1.0000000003174137e-05,0.0,4358,0,1,0,1,1,0,1.0999999999999999,2840.4984796742374,83.25543446455609,14858.080041803201,2015,0
1067.75,1.3,10.5,-2.4,1862.4735,71.342354,0.2760000000000673,0.0,-2.2737367544323206e-13,-0.009165999999993346,-1.5999999988025593e-05,-5.999999984851456e-06,4359,0,1,0,1,1,0,1.0999999999999999,2840.2741620183488,83.25270210665137,14860.3150100926,2016,0
1066.25,1.3,10.5,-2.4,1862.7496,71.33318,0.2761000000000422,9.999999997489795e-05,9.999999997489795e-05,-0.00917400000000157,-8.000000008223651e-06,7.999999979801942e-06,4360,0,1,0,1,1,0,1.0999999999999999,2840.0500105480396,83.24996889818848,14862.550309702012,2017,0
1067.25,1.3,10.5,-2.4,1863.0258,71.324,0.2761999999997897,9.999999974752427e-05,-2.2737367544323206e-13,-0.009180000000000632,-5.999999999062311e-06,2.00000000916134e-06,4361,0,1,0,1,1,0,1.0999999999999999,2839.8260251719394,83.2472348383769,14864.785940751437,2018,0
1067.25,1.3,10.5,-2.4,1863.302,71.314804,0.2762000000000171,2.2737367544323206e-13,-9.99999995201506e-05,-0.009196000000002869,-1.6000000002236447e-05,-1.0000000003174137e-05,4362,0,1,0,1,1,0,1.0999999999999999,2839.6022057758423,83.24449992413476,14867.021903240877,2019,0
1067.75,1.3,10.5,-2.4,1863.5782,71.3056,0.2762000000000171,0.0,-2.2737367544323206e-13,-0.009203999999996881,-7.999999994012796e-06,8.000000008223651e-06,4363,0,1,0,1,1,0,1.0999999999999999,2839.3785522456465,83.24176415421631,14869.258197170328,2020,0
1067.75,1.3,10.5,-2.4,1863.8546,71.29639,0.2763999999999669,0.0001999999999497959,0.0001999999999497959,-0.009209999999995944,-5.999999999062311e-06,1.9999999949504854e-06,4364,0,1,0,1,1,0,1.0999999999999999,2839.155064513173,83.23902752783506,14871.494822779792,2021,0
1067.75,1.3,10.5,-2.4,1864.131,71.28716,0.27640000000019427,2.2737367544323206e-13,-0.00019999999972242222,-0.009230000000002292,-2.0000000006348273e-05,-1.4000000007285962e-05,4365,0,1,0,1,1,0,1.0999999999999999,2838.9317424644987,83.23629004099863,14873.73178006927,2022,0
1066.25,1.3,10.5,-2.4,1864.4073,71.27792,0.276299999999992,-0.00010000000020227162,-0.0001000000004296453,-0.009240000000005466,-1.0000000003174137e-05,1.0000000003174137e-05,4366,0,1,0,1,1,0,1.0999999999999999,2838.7085859629037,83.23355169200825,14875.969068918763,2023,0
1065.75,1.3,10.5,-2.4,1864.6837,71.268684,0.2763999999999669,9.999999997489795e-05,0.00020000000017716957,-0.009236000000001354,4.0000000041118255e-06,1.4000000007285962e-05,4367,0,1,0,1,1,0,1.0999999999999999,2838.4855949175826,83.2308124823718,14878.206689448267,2024,0
1066.0,1.3,10.5,-2.4,1864.9602,71.25943,0.2764999999999418,9.999999997489795e-05,0.0,-0.009253999999998541,-1.7999999997186933e-05,-2.200000000129876e-05,4368,0,1,0,1,1,0,1.0999999999999999,2838.262769237812,83.22807240856031,14880.444641777785,2025,0
1064.75,1.3,10.5,-2.4,1865.2367,71.25016,0.2764999999999418,0.0,-9.999999997489795e-05,-0.009270000000000778,-1.6000000002236447e-05,1.9999999949504854e-06,4369,0,1,0,1,1,0,1.0999999999999999,2838.0401088100684,83.22533146750571,14882.682925907317,2026,0
1065.25,1.3,10.5,-2.4,1865.5132,71.24089,0.27650000000016917,2.2737367544323206e-13,2.2737367544323206e-13,-0.009270000000000778,0.0,1.6000000002236447e-05,4370,0,1,0,1,1,0,1.0999999999999999,2837.8176135209333,83.22258965980325,14884.921541836862,2027,0
1066.25,1.3,10.5,-2.4,1865.7897,71.231606,0.2764999999999418,-2.2737367544323206e-13,-4.547473508864641e-13,-0.009283999999993853,-1.3999999993075107e-05,-1.3999999993075107e-05,4371,0,1,0,1,1,0,1.0999999999999999,2837.5952832570906,83.21984698284538,14887.160489566419,2028,0
1065.25,1.3,10.5,-2.4,1866.0662,71.22231,0.2764999999999418,0.0,2.2737367544323206e-13,-0.009296000000006188,-1.2000000012335477e-05,1.9999999807396307e-06,4372,0,1,0,1,1,0,1.0999999999999999,2837.3731179053284,83.21710343448434,14889.399769095991,2029,0
1065.25,1.3,10.5,-2.4,1866.3427,71.21301,0.2764999999999418,0.0,0.0,-0.00929999999999609,-3.999999989900971e-06,8.000000022434506e-06,4373,0,1,0,1,1,0,1.0999999999999999,2837.1511173525378,83.21435901440329,14891.639380425575,2030,0
1064.25,1.3,10.5,-2.4,1866.6191,71.2037,0.2763999999999669,-9.999999997489795e-05,-9.999999997489795e-05,-0.009309999999999263,-1.0000000003174137e-05,-6.000000013273166e-06,4374,0,1,0,1,1,0,1.0999999999999999,2836.929281462857,83.21161372091429,14893.879323435172,2031,0
1064.25,1.3,10.5,-2.4,1866.8956,71.19438,0.27650000000016917,0.00010000000020227162,0.00020000000017716957,-0.009320000000002437,-1.0000000003174137e-05,0.0,4375,0,1,0,1,1,0,1.0999999999999999,2836.707610146252,83.20886755233089,14896.119598244784,2032,0
1064.75,1.3,10.5,-2.4,1867.1721,71.18505,0.2764999999999418,-2.2737367544323206e-13,-0.0001000000004296453,-0.0093299999999914,-9.999999988963282e-06,1.4210854715202004e-14,4376,0,1,0,1,1,0,1.0999999999999999,2836.486103289925,83.20612050696825,14898.360204854407,2033,0
1063.75,1.3,10.5,-2.4,1867.4486,71.17571,0.2764999999999418,0.0,2.2737367544323206e-13,-0.009340000000008786,-1.0000000017384991e-05,-2.842170943040401e-14,4377,0,1,0,1,1,0,1.0999999999999999,2836.2647607811787,83.203372583143,14900.601143264046,2034,0
1064.75,1.3,10.5,-2.4,1867.725,71.166374,0.2763999999999669,-9.999999997489795e-05,-9.999999997489795e-05,-0.009335999999990463,4.00000001832268e-06,1.4000000035707671e-05,4378,0,1,0,1,1,0,1.0999999999999999,2836.0435824845854,83.20062378237041,14902.842413353696,2035,0
1062.75,1.3,10.5,-2.4,1868.0015,71.15701,0.27650000000016917,0.00010000000020227162,0.00020000000017716957,-0.009364000000005035,-2.8000000014571924e-05,-3.2000000032894604e-05,4379,0,1,0,1,1,0,1.0999999999999999,2835.822568310502,83.19787409885845,14905.084015243361,2036,0
1063.75,1.3,10.5,-2.4,1868.2778,71.14765,0.276299999999992,-0.00020000000017716957,-0.0003000000003794412,-0.009360000000000923,4.0000000041118255e-06,3.200000001868375e-05,4380,0,1,0,1,1,0,1.0999999999999999,2835.60171810089,83.19512353412462,14907.325948693038,2037,0
1062.75,1.3,10.5,-2.4,1868.5542,71.13828,0.2763999999999669,9.999999997489795e-05,0.0003000000001520675,-0.009370000000004097,-1.0000000003174137e-05,-1.4000000007285962e-05,4381,0,1,0,1,1,0,1.0999999999999999,2835.3810317663165,83.19237208649018,14909.568213822728,2038,0
1061.25,1.3,10.5,-2.4,1868.8306,71.12891,0.2763999999999669,0.0,-9.999999997489795e-05,-0.009369999999989886,1.4210854715202004e-14,1.0000000017384991e-05,4382,0,1,0,1,1,0,1.0999999999999999,2835.1605091946158,83.18961975655944,14911.810810632433,2039,0
1062.75,1.3,10.5,-2.4,1869.1068,71.11952,0.2762000000000171,-0.0001999999999497959,-0.0001999999999497959,-0.009390000000010446,-2.0000000020559128e-05,-2.0000000034769982e-05,4383,0,1,0,1,1,0,1.0999999999999999,2834.940150228102,83.18686654037408,14914.053738882149,2040,0
1061.25,1.3,10.5,-2.4,1869.3832,71.11012,0.2763999999999669,0.0001999999999497959,0.0003999999998995918,-0.009399999999999409,-9.999999988963282e-06,1.0000000031595846e-05,4384,0,1,0,1,1,0,1.0999999999999999,2834.7199548004564,83.18411243625998,14916.29699881188,2041,0
1059.25,1.3,10.5,-2.4,1869.6593,71.10072,0.2761000000000422,-0.00029999999992469384,-0.0004999999998744897,-0.009399999999999409,0.0,9.999999988963282e-06,4385,0,1,0,1,1,0,1.0999999999999999,2834.4999227314183,83.18135744482444,14918.540590061624,2042,0
1058.75,1.3,10.5,-2.4,1869.9355,71.09132,0.2762000000000171,9.999999997489795e-05,0.0003999999998995918,-0.009399999999999409,0.0,0.0,4386,0,1,0,1,1,0,1.0999999999999999,2834.280053932072,83.17860156667426,14920.784512751381,2043,0
1059.0,1.3,10.5,-2.4,1870.2115,71.081894,0.27599999999983993,-0.00020000000017716957,-0.0003000000001520675,-0.009425999999990609,-2.599999999119973e-05,-2.599999999119973e-05,4387,0,1,0,1,1,0,1.0999999999999999,2834.0603482452143,83.17584479649042,14923.028766641151,2044,0
1058.25,1.3,10.5,-2.4,1870.4877,71.07247,0.2762000000000171,0.00020000000017716957,0.00040000000035433914,-0.009424000000009869,1.9999999807396307e-06,2.799999997193936e-05,4388,0,1,0,1,1,0,1.0999999999999999,2833.8408056049216,83.17308713533835,14925.273351970935,2045,0
1059.25,1.3,10.5,-2.4,1870.7637,71.06304,0.2760000000000673,-0.0001999999999497959,-0.00040000000012696546,-0.00942999999999472,-5.999999984851456e-06,-7.999999965591087e-06,4389,0,1,0,1,1,0,1.0999999999999999,2833.621425854214,83.17032858246013,14927.518268500731,2046,0
1060.25,1.3,10.5,-2.4,1871.0396,71.053604,0.2759000000000924,-9.999999997489795e-05,9.999999997489795e-05,-0.009435999999993783,-5.999999999062311e-06,-1.4210854715202004e-14,4390,0,1,0,1,1,0,1.0999999999999999,2833.4022088590295,83.16756913709861,14929.76351611054,2047,0
1060.25,1.3,10.5,-2.4,1871.3153,71.04416,0.27569999999991524,-0.00020000000017716957,-0.00010000000020227162,-0.009444000000002006,-8.000000008223651e-06,-2.00000000916134e-06,4391,0,1,0,1,1,0,1.0999999999999999,2833.1831544626593,83.16480879804189,14932.009094560364,2048,0
1059.25,1.3,10.5,-2.4,1871.5911,71.034706,0.2758000000001175,0.00010000000020227162,0.0003000000003794412,-0.00945400000000518,-1.0000000003174137e-05,-1.9999999949504854e-06,4392,0,1,0,1,1,0,1.0999999999999999,2832.964262576827,83.16204756362394,14934.2550039702,2049,0
1058.25,1.3,10.5,-2.4,1871.8668,71.025246,0.27569999999991524,-0.00010000000020227162,-0.00020000000040454324,-0.009460000000004243,-5.999999999062311e-06,4.0000000041118255e-06,4393,0,1,0,1,1,0,1.0999999999999999,2832.74553306782,83.15928543309057,14936.50124422005,2050,0
1058.0,1.3,10.5,-2.4,1872.1425,71.01578,0.27569999999991524,0.0,0.00010000000020227162,-0.009465999999989094,-5.999999984851456e-06,1.4210854715202004e-14,4394,0,1,0,1,1,0,1.0999999999999999,2832.5269658248008,83.15652240568828,14938.747815309913,2051,0
1058.25,1.3,10.5,-2.4,1872.4178,71.00631,0.27530000000001564,-0.0003999999998995918,-0.0003999999998995918,-0.009470000000007417,-4.00000001832268e-06,1.999999966528776e-06,4395,0,1,0,1,1,0,1.0999999999999999,2832.308560646042,83.1537584811192,14940.99471675979,2052,0
1057.75,1.3,10.5,-2.4,1872.6934,70.99683,0.2756000000001677,0.0003000000001520675,0.0007000000000516593,-0.00947999999999638,-9.999999988963282e-06,-5.9999999706406015e-06,4396,0,1,0,1,1,0,1.0999999999999999,2832.0903174891973,83.15099365772117,14943.241948929677,2053,0
1058.0,1.3,10.5,-2.4,1872.9686,70.98734,0.27519999999981337,-0.00040000000035433914,-0.0007000000005064066,-0.009489999999999554,-1.0000000003174137e-05,-1.4210854715202004e-14,4397,0,1,0,1,1,0,1.0999999999999999,2831.8722361527966,83.14822793383355,14945.48951133958,2054,0
1055.75,1.3,10.5,-2.4,1873.2438,70.97785,0.27520000000004075,2.2737367544323206e-13,0.0004000000005817128,-0.009489999999999554,0.0,1.0000000003174137e-05,4398,0,1,0,1,1,0,1.0999999999999999,2831.6543165264834,83.14546131007047,14947.737403989497,2055,0
1055.25,1.3,10.5,-2.4,1873.5189,70.96836,0.27510000000006585,-9.999999997489795e-05,-0.00010000000020227162,-0.009489999999999554,0.0,0.0,4399,0,1,0,1,1,0,1.0999999999999999,2831.4365584772727,83.14269378704546,14949.985626759424,2056,0
1055.0,1.3,10.5,-2.4,1873.794,70.958855,0.27510000000006585,0.0,9.999999997489795e-05,-0.009505000000004316,-1.5000000004761205e-05,-1.5000000004761205e-05,4400,0,1,0,1,1,0,1.0999999999999999,2831.2189618950238,83.13992536196318,14952.234179649367,2057,0
1054.75,1.3,10.5,-2.4,1874.0688,70.94935,0.2747999999999138,-0.0003000000001520675,-0.0003000000001520675,-0.009505000000004316,0.0,1.5000000004761205e-05,4401,0,1,0,1,1,0,1.0999999999999999,2831.001526601545,83.13715603543844,14954.483062299323,2058,0
1054.75,1.3,10.5,-2.4,1874.3435,70.939835,0.2746999999999389,-9.999999997489795e-05,0.00020000000017716957,-0.009514999999993279,-9.999999988963282e-06,-9.999999988963282e-06,4402,0,1,0,1,1,0,1.0999999999999999,2830.7842524642288,83.13438580581422,14956.73227458929,2059,0
1054.75,1.3,10.5,-2.4,1874.6182,70.93031,0.2746999999999389,0.0,9.999999997489795e-05,-0.009524999999996453,-1.0000000003174137e-05,-1.4210854715202004e-14,4403,0,1,0,1,1,0,1.0999999999999999,2830.567139373297,83.13161467143506,14958.981816519272,2060,0
1055.25,1.3,10.5,-2.4,1874.8927,70.92079,0.27450000000021646,-0.00019999999972242222,-0.00019999999972242222,-0.009520000000009077,4.9999999873762135e-06,1.499999999055035e-05,4404,0,1,0,1,1,0,1.0999999999999999,2830.350187173666,83.1288426340522,14961.231687849267,2061,0
1055.75,1.3,10.5,-2.4,1875.167,70.91126,0.2742999999998119,-0.00020000000040454324,-6.821210263296962e-13,-0.00952999999999804,-9.999999988963282e-06,-1.4999999976339495e-05,4405,0,1,0,1,1,0,1.0999999999999999,2830.133395710395,83.1260696920109,14963.481888339275,2062,0
1054.75,1.3,10.5,-2.4,1875.4413,70.901726,0.2743000000000393,2.2737367544323206e-13,0.00020000000063191692,-0.009534000000002152,-4.0000000041118255e-06,5.999999984851456e-06,4406,0,1,0,1,1,0,1.0999999999999999,2829.916764874064,83.12329584501929,14965.732417989297,2063,0
1055.75,1.3,10.5,-2.4,1875.7153,70.89218,0.2740000000001146,-0.00029999999992469384,-0.0003000000001520675,-0.009546000000000276,-1.1999999998124622e-05,-7.999999994012796e-06,4407,0,1,0,1,1,0,1.0999999999999999,2829.7002944872957,83.12052109097095,14967.98327643933,2064,0
1054.25,1.3,10.5,-2.4,1875.9893,70.88264,0.2739999999998872,-2.2737367544323206e-13,0.00029999999969732016,-0.009540000000001214,5.999999999062311e-06,1.7999999997186933e-05,4408,0,1,0,1,1,0,1.0999999999999999,2829.483984440916,83.11774543184396,14970.234463689378,2065,0
1056.25,1.3,10.5,-2.4,1876.2631,70.87309,0.2737999999999374,-0.0001999999999497959,-0.00019999999972242222,-0.009549999999990177,-9.999999988963282e-06,-1.5999999988025593e-05,4409,0,1,0,1,1,0,1.0999999999999999,2829.267834580499,83.1149688659864,14972.485979499439,2066,0
1056.0,1.3,10.5,-2.4,1876.5367,70.86353,0.273600000000215,-0.00019999999972242222,2.2737367544323206e-13,-0.009560000000007562,-1.0000000017384991e-05,-2.842170943040401e-14,4410,0,1,0,1,1,0,1.0999999999999999,2829.051844751757,83.1121913917479,14974.737823629514,2067,0
1056.0,1.3,10.5,-2.4,1876.8103,70.85397,0.27359999999998763,-2.2737367544323206e-13,0.00019999999949504854,-0.009559999999993352,1.4210854715202004e-14,1.0000000031595846e-05,4411,0,1,0,1,1,0,1.0999999999999999,2828.836014845875,83.10941300974615,14976.9899960796,2068,0
1055.25,1.3,10.5,-2.4,1877.0836,70.84441,0.27329999999983556,-0.0003000000001520675,-0.00029999999992469384,-0.009560000000007562,-1.4210854715202004e-14,-2.842170943040401e-14,4412,0,1,0,1,1,0,1.0999999999999999,2828.6203446861546,83.10663372059824,14979.2424964897,2069,0
1054.25,1.3,10.5,-2.4,1877.3567,70.83485,0.27310000000011314,-0.00019999999972242222,0.0001000000004296453,-0.009559999999993352,1.4210854715202004e-14,2.842170943040401e-14,4413,0,1,0,1,1,0,1.0999999999999999,2828.404834118713,83.10385352492071,14981.495324619813,2070,0
1054.25,1.3,10.5,-2.4,1877.6298,70.82527,0.27309999999988577,-2.2737367544323206e-13,0.00019999999949504854,-0.0095799999999997,-2.0000000006348273e-05,-2.0000000020559128e-05,4414,0,1,0,1,1,0,1.0999999999999999,2828.1894830351075,83.10107241879955,14983.74848046994,2071,0
1053.25,1.3,10.5,-2.4,1877.9025,70.8157,0.2726999999999862,-0.0003999999998995918,-0.0003999999996722181,-0.009569999999996526,1.0000000003174137e-05,3.000000000952241e-05,4415,0,1,0,1,1,0,1.0999999999999999,2827.974291236413,83.09829040511775,14986.001963560078,2072,0
1053.25,1.3,10.5,-2.4,1878.1752,70.80612,0.2726999999999862,0.0,0.0003999999998995918,-0.0095799999999997,-1.0000000003174137e-05,-2.0000000006348273e-05,4416,0,1,0,1,1,0,1.0999999999999999,2827.759258614444,83.09550748222776,14988.25577389023,2073,0
1052.25,1.3,10.5,-2.4,1878.4476,70.79654,0.2724000000000615,-0.00029999999992469384,-0.00029999999992469384,-0.00958000000001391,-1.4210854715202004e-14,9.999999988963282e-06,4417,0,1,0,1,1,0,1.0999999999999999,2827.54438499321,83.09272365074695,14990.509911100396,2074,0
1050.25,1.3,10.5,-2.4,1878.7198,70.78695,0.2722000000001117,-0.0001999999999497959,9.999999997489795e-05,-0.009589999999988663,-9.999999974752427e-06,-9.999999960541572e-06,4418,0,1,0,1,1,0,1.0999999999999999,2827.3296702195066,83.0899389090292,14992.764374950575,2075,0
1050.25,1.3,10.5,-2.4,1878.992,70.77736,0.2721999999998843,-2.2737367544323206e-13,0.00019999999972242222,-0.009590000000002874,-1.4210854715202004e-14,9.999999960541572e-06,4419,0,1,0,1,1,0,1.0999999999999999,2827.1151141855203,83.08715325769231,14995.019165440766,2076,0
1050.25,1.3,10.5,-2.4,1879.2638,70.76776,0.2717999999999847,-0.0003999999998995918,-0.0003999999996722181,-0.009600000000006048,-1.0000000003174137e-05,-9.999999988963282e-06,4420,0,1,0,1,1,0,1.0999999999999999,2826.9007166930555,83.0843666950916,14997.274282090972,2077,0
1049.25,1.3,10.5,-2.4,1879.5354,70.75816,0.2716000000000349,-0.0001999999999497959,0.0001999999999497959,-0.009599999999991837,1.4210854715202004e-14,1.0000000017384991e-05,4421,0,1,0,1,1,0,1.0999999999999999,2826.6864775893264,83.08157922184532,14999.529724661188,2078,0
1049.5,1.3,10.5,-2.4,1879.8069,70.748566,0.27150000000006,-9.999999997489795e-05,9.999999997489795e-05,-0.009594000000006986,5.999999984851456e-06,5.9999999706406015e-06,4422,0,1,0,1,1,0,1.0999999999999999,2826.4723967442915,83.07879083992766,15001.785493031419,2079,0
1048.25,1.3,10.5,-2.4,1880.0781,70.73896,0.27119999999990796,-0.0003000000001520675,-0.00020000000017716957,-0.0096059999999909,-1.1999999983913767e-05,-1.7999999968765223e-05,4423,0,1,0,1,1,0,1.0999999999999999,2826.258473982821,83.07600154724231,15004.041586841664,2080,0
1048.75,1.3,10.5,-2.4,1880.3492,70.729355,0.27110000000016043,-9.999999974752427e-05,0.00020000000040454324,-0.009605000000007635,9.99999983264388e-07,1.2999999967178155e-05,4424,0,1,0,1,1,0,1.0999999999999999,2826.044709175141,83.07321134463277,15006.29800597192,2081,0
1049.25,1.3,10.5,-2.4,1880.62,70.71975,0.270799999999781,-0.0003000000003794412,-0.00020000000063191692,-0.009604999999993424,1.4210854715202004e-14,-9.999999690535333e-07,4425,0,1,0,1,1,0,1.0999999999999999,2825.831102146408,83.07042023271578,15008.55475006219,2082,0
1049.25,1.3,10.5,-2.4,1880.8906,70.71014,0.27060000000005857,-0.00019999999972242222,0.00010000000065701897,-0.009610000000009222,-5.000000015797923e-06,-5.000000030008778e-06,4426,0,1,0,1,1,0,1.0999999999999999,2825.6176527445223,83.06762821097809,15010.811818872473,2083,0
1048.75,1.3,10.5,-2.4,1881.161,70.70052,0.2704000000001088,-0.0001999999999497959,-2.2737367544323206e-13,-0.009619999999998186,-9.999999988963282e-06,-4.999999973165359e-06,4427,0,1,0,1,1,0,1.0999999999999999,2825.404360817525,83.06483527777777,15013.069212162769,2084,0
1047.75,1.3,10.5,-2.4,1881.4312,70.6909,0.2701999999999316,-0.00020000000017716957,-2.2737367544323206e-13,-0.009619999999998186,0.0,9.999999988963282e-06,4428,0,1,0,1,1,0,1.0999999999999999,2825.191226213592,83.06204143373222,15015.326929693078,2085,0
1047.25,1.3,10.5,-2.4,1881.701,70.68128,0.269800000000032,-0.0003999999998995918,-0.00019999999972242222,-0.009619999999998186,0.0,0.0,4429,0,1,0,1,1,0,1.0999999999999999,2824.9782487358916,83.05924667945824,15017.584970983398,2086,0
1047.25,1.3,10.5,-2.4,1881.9707,70.67166,0.2697000000000571,-9.999999997489795e-05,0.00029999999992469384,-0.009619999999998186,0.0,0.0,4430,0,1,0,1,1,0,1.0999999999999999,2824.765428255473,83.05645101557211,15019.843335913733,2087,0
1045.25,1.3,10.5,-2.4,1882.2402,70.66204,0.26949999999987995,-0.00020000000017716957,-0.00010000000020227162,-0.009619999999998186,0.0,0.0,4431,0,1,0,1,1,0,1.0999999999999999,2824.552764620939,83.05365444268952,15022.10202424408,2088,0
1044.75,1.3,10.5,-2.4,1882.5094,70.65241,0.26919999999995525,-0.00029999999992469384,-9.999999974752427e-05,-0.00963000000000136,-1.0000000003174137e-05,-1.0000000003174137e-05,4432,0,1,0,1,1,0,1.0999999999999999,2824.3402576584704,83.05085695916986,15024.361035614442,2089,0
1045.25,1.3,10.5,-2.4,1882.7783,70.642784,0.26890000000003056,-0.00029999999992469384,0.0,-0.009625999999997248,4.0000000041118255e-06,1.4000000007285962e-05,4433,0,1,0,1,1,0,1.0999999999999999,2824.127907194407,83.04805856653134,15026.620369664815,2090,0
1045.5,1.3,10.5,-2.4,1883.047,70.633156,0.26870000000008076,-0.0001999999999497959,9.999999997489795e-05,-0.00962800000000641,-2.00000000916134e-06,-6.000000013273166e-06,4434,0,1,0,1,1,0,1.0999999999999999,2823.9157130777903,83.04525926493798,15028.8800261552,2091,0
1045.25,1.3,10.5,-2.4,1883.3154,70.62353,0.2683999999999287,-0.0003000000001520675,-0.00010000000020227162,-0.009625999999997248,2.00000000916134e-06,4.00000001832268e-06,4435,0,1,0,1,1,0,1.0999999999999999,2823.703675135257,83.04245905545537,15031.1400047256,2092,0
1044.25,1.2,10.5,-2.4,1883.5835,70.6139,0.268100000000004,-0.00029999999992469384,2.2737367544323206e-13,-0.00963000000000136,-4.0000000041118255e-06,-6.000000013273166e-06,4436,0,1,0,1,1,0,1.2,2823.4917931935993,83.03965793779581,15033.400305016012,2093,0
1043.25,1.2,10.5,-2.4,1883.8514,70.60426,0.2679000000000542,-0.0001999999999497959,9.999999997489795e-05,-0.009640000000004534,-1.0000000003174137e-05,-5.999999999062311e-06,4437,0,1,0,1,1,0,1.2,2823.2800671022983,83.03685591031997,15035.660926786437,2094,0
1043.5,1.2,10.5,-2.4,1884.119,70.59463,0.26759999999990214,-0.0003000000001520675,-0.00010000000020227162,-0.00963000000000136,1.0000000003174137e-05,2.0000000006348273e-05,4438,0,1,0,1,1,0,1.2,2823.0684966884432,83.03405297589548,15037.921869676875,2095,0
1042.75,1.2,10.5,-2.4,1884.3864,70.58499,0.2674000000001797,-0.00019999999972242222,0.0001000000004296453,-0.009639999999990323,-9.999999988963282e-06,-1.9999999992137418e-05,4439,0,1,0,1,1,0,1.2,2822.8570818018015,83.03124913288289,15040.183133447325,2096,0
1044.75,1.2,10.5,-2.4,1884.6534,70.575356,0.2669999999998254,-0.00040000000035433914,-0.00020000000063191692,-0.009634000000005472,5.999999984851456e-06,1.5999999973814738e-05,4440,0,1,0,1,1,0,1.2,2822.6458222472415,83.02844438324702,15042.44471761779,2097,0
1044.5,1.2,10.5,-2.4,1884.9202,70.56572,0.26680000000010295,-0.00019999999972242222,0.00020000000063191692,-0.009636000000000422,-1.9999999949504854e-06,-7.999999979801942e-06,4441,0,1,0,1,1,0,1.2,2822.434717874831,83.02563872714994,15044.706621948264,2098,0
1044.75,1.2,10.5,-2.4,1885.1866,70.55608,0.266399999999976,-0.00040000000012696546,-0.00020000000040454324,-0.009640000000004534,-4.0000000041118255e-06,-2.00000000916134e-06,4442,0,1,0,1,1,0,1.2,2822.2237684897595,83.0228321643034,15046.968845958754,2099,0
1043.75,1.2,10.5,-2.4,1885.4528,70.54644,0.2662000000000262,-0.0001999999999497959,0.00020000000017716957,-0.009639999999990323,1.4210854715202004e-14,4.00000001832268e-06,4443,0,1,0,1,1,0,1.2,2822.012973942394,83.02002469531952,15049.231389409255,2100,0
1041.25,1.2,10.5,-2.4,1885.7188,70.536804,0.2660000000000764,-0.0001999999999497959,0.0,-0.009636000000000422,3.999999989900971e-06,3.999999975690116e-06,4444,0,1,0,1,1,0,1.2,2821.8023340832397,83.01721632170978,15051.49425205977,2101,0
1039.75,1.2,10.5,-2.4,1885.9843,70.52716,0.26549999999997453,-0.0005000000001018634,-0.0003000000001520675,-0.009644000000008646,-8.000000008223651e-06,-1.1999999998124622e-05,4445,0,1,0,1,1,0,1.2,2821.5918486954565,83.0144070422852,15053.757433310297,2102,0
1040.75,1.2,10.5,-2.4,1886.2495,70.517525,0.26519999999982247,-0.0003000000001520675,0.0001999999999497959,-0.009634999999988736,9.000000019909749e-06,1.70000000281334e-05,4446,0,1,0,1,1,0,1.2,2821.381517607376,83.01159685968068,15056.020932800837,2103,0
1040.25,1.2,10.5,-2.4,1886.5145,70.50788,0.26500000000010004,-0.00019999999972242222,0.0001000000004296453,-0.009645000000006121,-1.0000000017384991e-05,-1.900000003729474e-05,4447,0,1,0,1,1,0,1.2,2821.1713406699637,83.00878577225718,15058.28475029139,2104,0
1038.75,1.2,10.5,-2.4,1886.7792,70.498245,0.264699999999948,-0.0003000000001520675,-0.0001000000004296453,-0.009635000000002947,1.0000000003174137e-05,2.0000000020559128e-05,4448,0,1,0,1,1,0,1.2,2820.9613177118454,83.00597378287256,15060.548885421955,2105,0
1037.25,1.2,10.5,-2.4,1887.0435,70.4886,0.2643000000000484,-0.0003999999998995918,-9.999999974752427e-05,-0.00964499999999191,-9.999999988963282e-06,-1.9999999992137418e-05,4449,0,1,0,1,1,0,1.2,2820.751448539326,83.00316088988764,15062.813337712534,2106,0
1038.75,1.2,10.5,-2.4,1887.3075,70.478966,0.2639999999998963,-0.0003000000001520675,9.999999974752427e-05,-0.009634000000005472,1.0999999986438525e-05,2.0999999975401806e-05,4450,0,1,0,1,1,0,1.2,2820.541732981352,83.00034709638284,15065.078106803125,2107,0
1039.75,1.2,10.5,-2.4,1887.5712,70.46932,0.263700000000199,-0.00029999999969732016,4.547473508864641e-13,-0.009646000000003596,-1.1999999998124622e-05,-2.2999999984563146e-05,4451,0,1,0,1,1,0,1.2,2820.332170867026,82.99753240026953,15067.343192333728,2108,0
1040.25,1.2,10.5,-2.4,1887.8345,70.45969,0.26329999999984466,-0.00040000000035433914,-0.00010000000065701897,-0.00963000000000136,1.6000000002236447e-05,2.800000000036107e-05,4452,0,1,0,1,1,0,1.2,2820.122762003144,82.99471680574894,15069.608593824343,2109,0
1037.75,1.2,11.5,-2.4,1888.0974,70.45005,0.26290000000017244,-0.0003999999996722181,6.821210263296962e-13,-0.009639999999990323,-9.999999988963282e-06,-2.599999999119973e-05,4453,0,1,0,1,1,0,1.2,2819.913506196677,82.99190031118096,15071.874310794972,2110,0
1036.75,1.2,11.5,-2.4,1888.3601,70.44041,0.26269999999999527,-0.00020000000017716957,0.00019999999949504854,-0.009640000000004534,-1.4210854715202004e-14,9.999999974752427e-06,4454,0,1,0,1,1,0,1.2,2819.704403299663,82.98908291717171,15074.140343005614,2111,0
1035.75,1.2,11.5,-2.4,1888.6224,70.43077,0.2622999999998683,-0.00040000000012696546,-0.0001999999999497959,-0.009640000000004534,0.0,1.4210854715202004e-14,4455,0,1,0,1,1,0,1.2,2819.4954531193894,82.98626462432675,15076.406689976267,2112,0
1035.5,1.2,11.5,-2.4,1888.8844,70.421135,0.2619999999999436,-0.00029999999992469384,0.00010000000020227162,-0.009634999999988736,5.000000015797923e-06,5.000000015797923e-06,4456,0,1,0,1,1,0,1.2,2819.286655485753,82.9834454343729,15078.673351346933,2113,0
1035.5,1.2,11.5,-2.4,1889.146,70.41151,0.261600000000044,-0.0003999999998995918,-9.999999997489795e-05,-0.009624999999999773,9.999999988963282e-06,4.999999973165359e-06,4457,0,1,0,1,1,0,1.2,2819.0780102063704,82.98062535015701,15080.940326637612,2114,0
1037.25,1.2,11.5,-2.4,1889.4072,70.40187,0.26120000000014443,-0.0003999999998995918,0.0,-0.009640000000004534,-1.5000000004761205e-05,-2.4999999993724487e-05,4458,0,1,0,1,1,0,1.2,2818.8695170890333,82.9778043689168,15083.207615368305,2115,0
1038.25,1.2,11.5,-2.4,1889.6682,70.392235,0.26099999999996726,-0.00020000000017716957,0.00019999999972242222,-0.009635000000002947,5.000000001587068e-06,2.0000000006348273e-05,4459,0,1,0,1,1,0,1.2,2818.6611759865473,82.97498249237668,15085.475217299008,2116,0
1038.0,1.2,11.5,-2.4,1889.9287,70.38261,0.2604999999998654,-0.0005000000001018634,-0.00029999999992469384,-0.009624999999999773,1.0000000003174137e-05,5.000000001587068e-06,4460,0,1,0,1,1,0,1.2,2818.4529866846,82.9721597233804,15087.743131829726,2117,0
1037.25,1.2,11.5,-2.4,1890.1888,70.37298,0.2600999999999658,-0.0003999999998995918,0.00010000000020227162,-0.00963000000000136,-5.000000001587068e-06,-1.5000000004761205e-05,4461,0,1,0,1,1,0,1.2,2818.244948991484,82.96933606140743,15090.011358480455,2118,0
1038.25,1.2,11.5,-2.4,1890.4486,70.36335,0.2598000000000411,-0.00029999999992469384,9.999999997489795e-05,-0.00963000000000136,0.0,5.000000001587068e-06,4462,0,1,0,1,1,0,1.2,2818.0370627380685,82.96651150705803,15092.279896891196,2119,0
1038.25,1.2,11.5,-2.4,1890.708,70.35373,0.2594000000001415,-0.0003999999998995918,-9.999999997489795e-05,-0.009619999999998186,1.0000000003174137e-05,1.0000000003174137e-05,4463,0,1,0,1,1,0,1.2,2817.829327732975,82.96368606317205,15094.54874658195,2120,0
1038.25,1.2,11.5,-2.4,1890.967,70.3441,0.25900000000001455,-0.00040000000012696546,-2.2737367544323206e-13,-0.00963000000000136,-1.0000000003174137e-05,-2.0000000006348273e-05,4464,0,1,0,1,1,0,1.2,2817.621743784994,82.96085972810751,15096.817907072716,2121,0
1039.25,1.2,11.5,-2.4,1891.2256,70.33448,0.2585999999998876,-0.00040000000012696546,0.0,-0.009619999999998186,1.0000000003174137e-05,2.0000000006348273e-05,4465,0,1,0,1,1,0,1.2,2817.41431070309,82.9580325047022,15099.087377883496,2122,0
1037.75,1.2,11.5,-2.4,1891.4839,70.32487,0.2582999999999629,-0.00029999999992469384,0.00010000000020227162,-0.009609999999995011,1.0000000003174137e-05,0.0,4466,0,1,0,1,1,0,1.2,2817.207028318782,82.95520439579137,15101.357158654286,2123,0
1038.25,1.2,11.5,-2.4,1891.7417,70.31525,0.2578000000000884,-0.0004999999998744897,-0.0001999999999497959,-0.009619999999998186,-1.0000000003174137e-05,-2.0000000006348273e-05,4467,0,1,0,1,1,0,1.2,2816.9998964189795,82.95237539973142,15103.62724878509,2124,0
1038.5,1.2,11.5,-2.4,1891.9991,70.30563,0.25739999999996144,-0.00040000000012696546,9.999999974752427e-05,-0.009620000000012396,-1.4210854715202004e-14,9.999999988963282e-06,4468,0,1,0,1,1,0,1.2,2816.792914813157,82.94954551711791,15105.897647795906,2125,0
1038.5,1.2,11.5,-2.4,1892.2562,70.29602,0.25710000000003674,-0.00029999999992469384,0.00010000000020227162,-0.009609999999995011,1.0000000017384991e-05,1.0000000031595846e-05,4469,0,1,0,1,1,0,1.2,2816.5860833333336,82.94671475078299,15108.168355326734,2126,0
1037.75,1.2,11.5,-2.4,1892.5128,70.286415,0.2565999999999349,-0.0005000000001018634,-0.00020000000017716957,-0.009604999999993424,5.000000001587068e-06,-5.000000015797923e-06,4470,0,1,0,1,1,0,1.2,2816.3794017669425,82.94388310243794,15110.439370777574,2127,0
1036.75,1.2,11.5,-2.4,1892.769,70.2768,0.2562000000000353,-0.0003999999998995918,0.00010000000020227162,-0.00961500000001081,-1.0000000017384991e-05,-1.500000001897206e-05,4471,0,1,0,1,1,0,1.2,2816.1728699239716,82.94105057043828,15112.710693668427,2128,0
1035.25,1.2,11.5,-2.4,1893.0248,70.267204,0.2557999999999083,-0.00040000000012696546,-2.2737367544323206e-13,-0.009595999999987725,1.9000000023083885e-05,2.9000000040468876e-05,4472,0,1,0,1,1,0,1.2,2815.966487614576,82.93821715962441,15114.982323519293,2129,0
1036.25,1.2,11.5,-2.4,1893.2802,70.2576,0.25540000000000873,-0.0003999999998995918,2.2737367544323206e-13,-0.00960400000001016,-8.000000022434506e-06,-2.700000004551839e-05,4473,0,1,0,1,1,0,1.2,2815.7602546490834,82.93538286879749,15117.25425985017,2130,0
1036.75,1.2,11.5,-2.4,1893.5352,70.24801,0.25500000000010914,-0.0003999999998995918,0.0,-0.009590000000002874,1.4000000007285962e-05,2.2000000029720468e-05,4474,0,1,0,1,1,0,1.2,2815.5541708379887,82.93254770167597,15119.52650218106,2131,0
1036.5,1.2,11.5,-2.4,1893.7897,70.23841,0.2545000000000073,-0.0005000000001018634,-0.00010000000020227162,-0.009599999999991837,-9.999999988963282e-06,-2.3999999996249244e-05,4475,0,1,0,1,1,0,1.2,2815.3482359696154,82.92971165661305,15121.799049911962,2132,0
1036.75,1.2,11.5,-2.4,1894.0437,70.22882,0.2539999999999054,-0.0005000000001018634,0.0,-0.009590000000002874,9.999999988963282e-06,1.9999999977926564e-05,4476,0,1,0,1,1,0,1.2,2815.1424498324773,82.92687473643065,15124.071902442876,2133,0
1036.5,1.2,11.5,-2.4,1894.2974,70.21924,0.2536999999999807,-0.00029999999992469384,0.00020000000017716957,-0.0095799999999997,1.0000000003174137e-05,1.4210854715202004e-14,4477,0,1,0,1,1,0,1.2,2814.936812259937,82.9240369439482,15126.345059413803,2134,0
1036.75,1.2,11.5,-2.4,1894.5505,70.20965,0.25310000000013133,-0.0005999999998493877,-0.00029999999992469384,-0.009590000000002874,-1.0000000003174137e-05,-2.0000000006348273e-05,4478,0,1,0,1,1,0,1.2,2814.731323018531,82.9211982775173,15128.618520104741,2135,0
1036.75,1.2,11.5,-2.4,1894.8032,70.20007,0.25270000000000437,-0.00040000000012696546,0.00019999999972242222,-0.0095799999999997,1.0000000003174137e-05,2.0000000006348273e-05,4479,0,1,0,1,1,0,1.2,2814.525981919643,82.91835873995535,15130.892284035692,2136,0
1036.5,1.2,11.5,-2.4,1895.0555,70.1905,0.2522999999998774,-0.00040000000012696546,0.0,-0.009569999999996526,1.0000000003174137e-05,0.0,4480,0,1,0,1,1,0,1.2,2814.320788774827,82.91551833407722,15133.166350726653,2137,0
1037.75,1.2,11.5,-2.4,1895.3074,70.18092,0.2518999999999778,-0.0003999999998995918,2.2737367544323206e-13,-0.0095799999999997,-1.0000000003174137e-05,-2.0000000006348273e-05,4481,0,1,0,1,1,0,1.2,2814.1157433958056,82.91267705823293,15135.440719697628,2138,0
1037.75,1.2,11.5,-2.4,1895.5588,70.17136,0.2514000000001033,-0.0004999999998744897,-9.999999997489795e-05,-0.009559999999993352,2.0000000006348273e-05,3.000000000952241e-05,4482,0,1,0,1,1,0,1.2,2813.910845572161,82.90983491746599,15137.715390348616,2139,0
1036.75,1.2,11.5,-2.4,1895.8097,70.1618,0.25090000000000146,-0.0005000000001018634,-2.2737367544323206e-13,-0.009560000000007562,-1.4210854715202004e-14,-2.0000000020559128e-05,4483,0,1,0,1,1,0,1.2,2813.7060950936666,82.90699191235504,15139.990362079614,2140,0
1037.75,1.2,11.5,-2.4,1896.0602,70.15224,0.2504999999998745,-0.00040000000012696546,9.999999997489795e-05,-0.009559999999993352,1.4210854715202004e-14,2.842170943040401e-14,4484,0,1,0,1,1,0,1.2,2813.5014917725753,82.90414804347826,15142.265634410625,2141,0
1038.75,1.2,11.5,-2.4,1896.31,70.142685,0.2498000000000502,-0.0006999999998242856,-0.00029999999969732016,-0.009555000000005975,4.9999999873762135e-06,4.999999973165359e-06,4485,0,1,0,1,1,0,1.2,2813.297035354436,82.90130331252787,15144.541206501648,2142,0
1038.25,1.2,11.5,-2.4,1896.5596,70.13313,0.2496000000001004,-0.0001999999999497959,0.0004999999998744897,-0.009555000000005975,0.0,-4.9999999873762135e-06,4486,0,1,0,1,1,0,1.2,2813.0927256964565,82.89845772008023,15146.817078112683,2143,0
1039.25,1.2,11.5,-2.4,1896.8086,70.12359,0.24900000000002365,-0.0006000000000767614,-0.00040000000012696546,-0.009540000000001214,1.5000000004761205e-05,1.5000000004761205e-05,4487,0,1,0,1,1,0,1.2,2812.888562566845,82.89561127005348,15149.09324852373,2144,0
1039.25,1.2,11.5,-2.4,1897.0571,70.11405,0.24849999999992178,-0.0005000000001018634,9.999999997489795e-05,-0.009539999999987003,1.4210854715202004e-14,-1.499999999055035e-05,4488,0,1,0,1,1,0,1.2,2812.684545756293,82.89276396302071,15151.369717134789,2145,0
1038.25,1.2,11.5,-2.4,1897.3052,70.104515,0.2481000000000222,-0.0003999999998995918,0.00010000000020227162,-0.009534999999999627,4.9999999873762135e-06,4.999999973165359e-06,4489,0,1,0,1,1,0,1.2,2812.480675077951,82.88991580066815,15153.64648346586,2146,0
1038.0,1.2,11.5,-2.4,1897.5527,70.094986,0.24749999999994543,-0.0006000000000767614,-0.00020000000017716957,-0.009529000000000565,5.999999999062311e-06,1.0000000116860974e-06,4490,0,1,0,1,1,0,1.2,2812.276950300601,82.88706678490314,15155.923546796941,2147,0
1038.75,1.2,11.5,-2.4,1897.7998,70.085464,0.24710000000004584,-0.0003999999998995918,0.00020000000017716957,-0.009522000000004027,6.999999996537554e-06,9.999999974752427e-07,4491,0,1,0,1,1,0,1.2,2812.073371237756,82.88421691785396,15158.200906648037,2148,0
1039.25,1.2,11.5,-2.4,1898.0463,70.07594,0.24649999999996908,-0.0006000000000767614,-0.00020000000017716957,-0.009523999999998978,-1.9999999949504854e-06,-8.999999991488039e-06,4492,0,1,0,1,1,0,1.2,2811.8699376585796,82.88136619964389,15160.478562299142,2149,0
1039.25,1.2,11.5,-2.4,1898.2924,70.06643,0.24610000000006949,-0.0003999999998995918,0.00020000000017716957,-0.009510000000005903,1.3999999993075107e-05,1.5999999988025593e-05,4493,0,1,0,1,1,0,1.2,2811.666649376947,82.87851463395639,15162.75651327026,2150,0
1038.75,1.2,11.5,-2.4,1898.5378,70.05692,0.24540000000001783,-0.0007000000000516593,-0.0003000000001520675,-0.009509999999991692,1.4210854715202004e-14,-1.3999999978864253e-05,4494,0,1,0,1,1,0,1.2,2811.463506140156,82.87566222135706,15165.034758721391,2151,0
1038.75,1.2,11.5,-2.4,1898.7828,70.04742,0.24499999999989086,-0.00040000000012696546,0.00029999999992469384,-0.009500000000002728,9.999999988963282e-06,9.999999974752427e-06,4495,0,1,0,1,1,0,1.2,2811.2605077624557,82.87280896463524,15167.313298172532,2152,0
1038.25,1.2,11.5,-2.4,1899.0273,70.037926,0.24450000000001637,-0.0004999999998744897,-9.999999974752427e-05,-0.009494000000003666,5.999999999062311e-06,-3.999999989900971e-06,4496,0,1,0,1,1,0,1.2,2811.057654036024,82.86995486568823,15169.592131023684,2153,0
1037.75,1.2,11.5,-2.4,1899.2714,70.028435,0.24410000000011678,-0.0003999999998995918,9.999999997489795e-05,-0.00949099999999703,3.000000006636583e-06,-2.999999992425728e-06,4497,0,1,0,1,1,0,1.2,2810.854944775456,82.86709992574478,15171.87125679485,2154,0
1037.25,1.2,11.5,-2.4,1899.5148,70.01895,0.24339999999983775,-0.000700000000279033,-0.0003000000003794412,-0.009484999999997967,5.999999999062311e-06,2.999999992425728e-06,4498,0,1,0,1,1,0,1.2,2810.6523797288282,82.86424414669928,15174.150674646027,2155,0
1037.25,1.2,11.5,-2.4,1899.7577,70.00947,0.24290000000019063,-0.0004999999996471161,0.00020000000063191692,-0.009480000000010591,4.9999999873762135e-06,-1.0000000116860974e-06,4499,0,1,0,1,1,0,1.2,2810.4499586888887,82.86138753022223,15176.430383977215,2156,0
1038.25,1.2,11.5,-2.4,1900.0,70.0,0.2422999999998865,-0.000600000000304135,-0.00010000000065701897,-0.009469999999993206,1.0000000017384991e-05,5.000000030008778e-06,4500,0,1,0,1,1,0,1.2,2810.2476814263496,82.85853007909354,15178.710384068416,2157,0
1039.25,1.2,11.5,-2.4,1900.2418,69.99053,0.241800000000012,-0.0004999999998744897,0.0001000000004296453,-0.009469999999993206,0.0,-1.0000000017384991e-05,4501,0,1,0,1,0,1,1.2,2810.0455477343403,82.85567179386939,15180.990674319626,2158,0
1039.25,1.2,11.5,-2.4,1900.4832,69.98108,0.24139999999988504,-0.00040000000012696546,9.999999974752427e-05,-0.009450000000001069,1.9999999992137418e-05,1.9999999992137418e-05,4502,0,1,0,1,0,1,1.2,2809.8435574283812,82.85281267954697,15183.27125425085,2159,0
1039.75,1.2,11.5,-2.4,1900.7239,69.97163,0.24070000000006075,-0.0006999999998242856,-0.00029999999969732016,-0.009450000000001069,0.0,-1.9999999992137418e-05,4503,0,1,0,1,0,1,1.2,2809.6417102575488,82.8499527366785,15185.552123022086,2160,0
1039.75,1.2,10.5,-2.4,1900.9641,69.96218,0.2401999999999589,-0.0005000000001018634,0.00019999999972242222,-0.009450000000001069,0.0,0.0,4504,0,1,0,1,0,1,1.2,2809.440006015538,82.84709196581575,15187.833280033332,2161,0
1040.25,1.2,10.5,-2.4,1901.2037,69.95274,0.2396000000001095,-0.0005999999998493877,-9.999999974752427e-05,-0.009439999999997895,1.0000000003174137e-05,1.0000000003174137e-05,4505,0,1,0,1,0,1,1.2,2809.2384444740346,82.84423036972926,15190.114724564588,2162,0
1040.25,1.2,10.5,-2.4,1901.4429,69.943306,0.23919999999998254,-0.00040000000012696546,0.00019999999972242222,-0.009433999999998832,5.999999999062311e-06,-4.0000000041118255e-06,4506,0,1,0,1,0,1,1.2,2809.0370254493014,82.84136795029953,15192.396456135859,2163,0
1039.25,1.2,10.5,-2.4,1901.6815,69.93388,0.23859999999990578,-0.0006000000000767614,-0.0001999999999497959,-0.00942600000000482,7.999999994012796e-06,1.9999999949504854e-06,4507,0,1,0,1,0,1,1.2,2808.835748713398,82.83850470984916,15194.67847402714,2164,0
1037.25,1.2,10.5,-2.4,1901.9196,69.92446,0.2381000000000313,-0.0004999999998744897,0.00010000000020227162,-0.009420000000005757,5.999999999062311e-06,-1.9999999949504854e-06,4508,0,1,0,1,0,1,1.2,2808.6346140607675,82.83564065025504,15196.960777638431,2165,0
1036.25,1.2,10.5,-2.4,1902.1572,69.915054,0.2376000000001568,-0.0004999999998744897,0.0,-0.009405999999998471,1.4000000007285962e-05,8.000000008223651e-06,4509,0,1,0,1,0,1,1.2,2808.4336212860308,82.8327757751663,15199.243366369734,2166,0
1036.5,1.2,10.5,-2.4,1902.3943,69.90565,0.23709999999982756,-0.0005000000003292371,-4.547473508864641e-13,-0.00940400000000352,1.9999999949504854e-06,-1.2000000012335477e-05,4510,0,1,0,1,0,1,1.2,2808.2327701839945,82.8299100855686,15201.52623962105,2167,0
1034.75,1.2,10.5,-2.4,1902.6307,69.89625,0.23640000000000327,-0.0006999999998242856,-0.00019999999949504854,-0.009399999999999409,4.0000000041118255e-06,2.00000000916134e-06,4511,0,1,0,1,0,1,1.2,2808.032060505319,82.82704358289007,15203.809396552375,2168,0
1036.75,1.2,10.5,-2.4,1902.8668,69.88686,0.23610000000007858,-0.00029999999992469384,0.0003999999998995918,-0.009389999999996235,1.0000000003174137e-05,5.999999999062311e-06,4512,0,1,0,1,0,1,1.2,2807.831492089519,82.82417626988699,15206.092836803713,2169,0
1036.75,1.2,10.5,-2.4,1903.1023,69.87748,0.23550000000000182,-0.0006000000000767614,-0.0003000000001520675,-0.00937999999999306,1.0000000003174137e-05,0.0,4513,0,1,0,1,0,1,1.2,2807.6310647097916,82.82130814931325,15208.376559655062,2170,0
1036.25,1.2,10.5,-2.4,1903.3373,69.8681,0.23499999999989996,-0.0005000000001018634,9.999999997489795e-05,-0.009380000000007271,-1.4210854715202004e-14,-1.0000000017384991e-05,4514,0,1,0,1,0,1,1.2,2807.4307781616835,82.81843922170542,15210.660564506423,2171,0
1037.75,1.2,10.5,-2.4,1903.5718,69.85873,0.23450000000002547,-0.0004999999998744897,2.2737367544323206e-13,-0.009370000000004097,1.0000000003174137e-05,1.0000000017384991e-05,4515,0,1,0,1,0,1,1.2,2807.2306322409213,82.815569489814,15212.944850757794,2172,0
1039.75,1.2,10.5,-2.4,1903.8057,69.849365,0.2338999999999487,-0.0006000000000767614,-0.00010000000020227162,-0.0093649999999883,5.000000015797923e-06,-4.9999999873762135e-06,4516,0,1,0,1,0,1,1.2,2807.0306267212754,82.81269895528006,15215.229417689177,2173,0
1039.75,1.2,10.5,-2.4,1904.0392,69.84001,0.2335000000000491,-0.0003999999998995918,0.00020000000017716957,-0.009354999999999336,9.999999988963282e-06,4.999999973165359e-06,4517,0,1,0,1,0,1,1.2,2806.830761420983,82.80982762084993,15217.514264820571,2174,0
1041.25,1.3,10.5,-2.4,1904.2721,69.830666,0.23289999999997235,-0.0006000000000767614,-0.00020000000017716957,-0.009344000000012898,1.0999999986438525e-05,9.999999974752427e-07,4518,0,1,0,1,0,1,1.0999999999999999,2806.6310361141846,82.80695548948883,15219.799391431976,2175,0
1042.25,1.3,10.5,-2.4,1904.5046,69.82132,0.23250000000007276,-0.0003999999998995918,0.00020000000017716957,-0.009345999999993637,-1.9999999807396307e-06,-1.2999999967178155e-05,4519,0,1,0,1,0,1,1.0999999999999999,2806.431450619469,82.80408256128318,15222.084797043392,2176,0
1043.75,1.3,10.5,-2.4,1904.7366,69.81199,0.2319999999999709,-0.0005000000001018634,-0.00010000000020227162,-0.009330000000005612,1.5999999988025593e-05,1.7999999968765223e-05,4520,0,1,0,1,0,1,1.0999999999999999,2806.232004733466,82.80120884030082,15224.370481054819,2177,0
1044.25,1.3,10.5,-2.4,1904.968,69.802666,0.2314000000001215,-0.0005999999998493877,-9.999999974752427e-05,-0.009323999999992338,6.000000013273166e-06,-9.999999974752427e-06,4521,0,1,0,1,0,1,1.0999999999999999,2806.0326982308716,82.79833432839452,15226.656442746258,2178,0
1044.25,1.3,10.5,-2.4,1905.199,69.79334,0.23099999999999454,-0.00040000000012696546,0.00019999999972242222,-0.0093260000000015,-2.00000000916134e-06,-8.000000022434506e-06,4522,0,1,0,1,0,1,1.0999999999999999,2805.833530930798,82.7954590256467,15228.942681637707,2179,0
1044.0,1.3,10.5,-2.4,1905.4294,69.784035,0.23039999999991778,-0.0006000000000767614,-0.0001999999999497959,-0.009304999999997676,2.1000000003823516e-05,2.3000000012984856e-05,4523,0,1,0,1,0,1,1.0999999999999999,2805.6345026083113,82.79258293722368,15231.229197009168,2180,0
1042.75,1.3,10.5,-2.4,1905.6594,69.77473,0.2300000000000182,-0.0003999999998995918,0.00020000000017716957,-0.009304999999997676,0.0,-2.1000000003823516e-05,4524,0,1,0,1,0,1,1.0999999999999999,2805.435613082873,82.7897060636464,15233.51598838064,2181,0
1044.25,1.3,10.5,-2.4,1905.889,69.765434,0.22959999999989122,-0.00040000000012696546,-2.2737367544323206e-13,-0.009296000000006188,8.999999991488039e-06,8.999999991488039e-06,4525,0,1,0,1,0,1,1.0999999999999999,2805.236862174105,82.78682840742377,15235.803055272123,2182,0
1043.25,1.3,10.5,-2.4,1906.118,69.75614,0.22900000000004184,-0.0005999999998493877,-0.00019999999972242222,-0.009293999999997027,2.00000000916134e-06,-6.999999982326699e-06,4526,0,1,0,1,0,1,1.0999999999999999,2805.03824965761,82.78394996951623,15238.090396963617,2183,0
1043.5,1.3,10.5,-2.4,1906.3466,69.746864,0.22860000000014224,-0.0003999999998995918,0.0001999999999497959,-0.00927599999999984,1.7999999997186933e-05,1.5999999988025593e-05,4527,0,1,0,1,0,1,1.0999999999999999,2804.8397753533573,82.78107075441696,15240.378012975121,2184,0
1044.25,1.3,10.5,-2.4,1906.5746,69.73759,0.2279999999998381,-0.000600000000304135,-0.00020000000040454324,-0.00927400000000489,1.9999999949504854e-06,-1.6000000002236447e-05,4528,0,1,0,1,0,1,1.0999999999999999,2804.641439037315,82.77819076308236,15242.665902586636,2185,0
1044.75,1.3,10.5,-2.4,1906.8021,69.728325,0.227500000000191,-0.0004999999996471161,0.00010000000065701897,-0.00926499999999919,9.000000005698894e-06,7.000000010748408e-06,4529,0,1,0,1,0,1,1.0999999999999999,2804.4432405077264,82.77530999801324,15244.954065198162,2186,0
1043.75,1.3,10.5,-2.4,1907.0293,69.71907,0.22719999999981155,-0.0003000000003794412,0.00019999999926767487,-0.009254999999996016,1.0000000003174137e-05,9.999999974752427e-07,4530,0,1,0,1,0,1,1.0999999999999999,2804.245179607151,82.77242846192893,15247.2425004497,2187,0
1044.25,1.3,10.5,-2.4,1907.2559,69.709816,0.22660000000018954,-0.000599999999622014,-0.0002999999992425728,-0.009253999999998541,9.999999974752427e-07,-9.000000005698894e-06,4531,0,1,0,1,0,1,1.0999999999999999,2804.047256112092,82.76954615556046,15249.531207621249,2188,0
1045.25,1.3,10.5,-2.4,1907.482,69.70058,0.2260999999998603,-0.0005000000003292371,9.999999929277692e-05,-0.009236000000001354,1.7999999997186933e-05,1.699999999971169e-05,4532,0,1,0,1,0,1,1.0999999999999999,2803.8494698213103,82.76666308338848,15251.820186112807,2189,0
1044.75,1.3,10.5,-2.4,1907.7078,69.69134,0.2257999999999356,-0.00029999999992469384,0.00020000000040454324,-0.009240000000005466,-4.0000000041118255e-06,-2.200000000129876e-05,4533,0,1,0,1,0,1,1.0999999999999999,2803.651820577856,82.7637792450375,15254.109435564378,2190,0
1043.25,1.3,10.5,-2.4,1907.933,69.68211,0.22520000000008622,-0.0005999999998493877,-0.00029999999992469384,-0.009230000000002292,1.0000000003174137e-05,1.4000000007285962e-05,4534,0,1,0,1,0,1,1.0999999999999999,2803.454308158765,82.7608946432194,15256.398955255958,2191,0
1044.75,1.3,10.5,-2.4,1908.1577,69.6729,0.22469999999998436,-0.0005000000001018634,9.999999974752427e-05,-0.009209999999995944,2.0000000006348273e-05,1.0000000003174137e-05,4535,0,1,0,1,0,1,1.0999999999999999,2803.2569323633156,82.75800928284833,15258.688744587549,2192,0
1045.75,1.3,10.5,-2.4,1908.382,69.66369,0.22430000000008476,-0.0003999999998995918,0.00010000000020227162,-0.009209999999995944,0.0,-2.0000000006348273e-05,4536,0,1,0,1,0,1,1.0999999999999999,2803.059693013004,82.75512316442583,15260.978803079151,2193,0
1047.75,1.3,10.5,-2.4,1908.6058,69.65448,0.2237999999999829,-0.0005000000001018634,-0.00010000000020227162,-0.009209999999995944,0.0,0.0,4537,0,1,0,1,0,1,1.0999999999999999,2802.862589907448,82.75223628845306,15263.269130130766,2194,0
1047.75,1.3,10.5,-2.4,1908.8291,69.64529,0.22329999999988104,-0.0005000000001018634,0.0,-0.009190000000003806,1.9999999992137418e-05,1.9999999992137418e-05,4538,0,1,0,1,0,1,1.0999999999999999,2802.665622846442,82.74934865983697,15265.55972514239,2195,0
1047.5,1.3,10.5,-2.4,1909.0521,69.6361,0.22300000000018372,-0.00029999999969732016,0.00020000000040454324,-0.009190000000003806,0.0,-1.9999999992137418e-05,4539,0,1,0,1,0,1,1.0999999999999999,2802.468791674009,82.7464602790749,15267.850587754023,2196,0
1047.5,1.3,10.5,-2.4,1909.2745,69.62692,0.22239999999987958,-0.000600000000304135,-0.00030000000060681487,-0.009180000000000632,1.0000000003174137e-05,1.0000000003174137e-05,4540,0,1,0,1,0,1,1.0999999999999999,2802.272096168245,82.7435711488659,15270.141717245668,2197,0
1046.75,1.3,10.5,-2.4,1909.4966,69.61775,0.2220999999999549,-0.00029999999992469384,0.0003000000003794412,-0.009169999999997458,1.0000000003174137e-05,0.0,4541,0,1,0,1,0,1,1.0999999999999999,2802.075536173492,82.74068127190665,15272.433113257324,2198,0
1044.75,1.3,10.5,-2.4,1909.7181,69.6086,0.2215000000001055,-0.0005999999998493877,-0.00029999999992469384,-0.00915000000000532,1.9999999992137418e-05,9.999999988963282e-06,4542,0,1,0,1,0,1,1.0999999999999999,2801.879111468193,82.73779065309266,15274.724775068991,2199,0
1045.75,1.3,10.5,-2.4,1909.9392,69.59944,0.22109999999997854,-0.00040000000012696546,0.00019999999972242222,-0.009159999999994284,-9.999999988963282e-06,-2.99999999811007e-05,4543,0,1,0,1,0,1,1.0999999999999999,2801.6828218749997,82.73489929071303,15277.016702200668,2200,0
1044.75,1.3,10.5,-2.4,1910.1599,69.590294,0.22070000000007894,-0.0003999999998995918,2.2737367544323206e-13,-0.009146000000001209,1.3999999993075107e-05,2.399999998203839e-05,4544,0,1,0,1,0,1,1.0999999999999999,2801.486667216722,82.73200718833883,15279.308894172356,2201,0
1042.75,1.3,10.5,-2.4,1910.3801,69.58116,0.22019999999997708,-0.0005000000001018634,-0.00010000000020227162,-0.009134000000003084,1.1999999998124622e-05,-1.9999999949504854e-06,4545,0,1,0,1,0,1,1.0999999999999999,2801.2906472943246,82.72911434909811,15281.601350384053,2202,0
1043.0,1.3,10.5,-2.4,1910.5999,69.57204,0.21979999999985012,-0.00040000000012696546,9.999999997489795e-05,-0.009119999999995798,1.4000000007285962e-05,2.00000000916134e-06,4546,0,1,0,1,0,1,1.0999999999999999,2801.0947619309436,82.72622077655598,15283.894070355762,2203,0
1043.0,1.3,10.5,-2.4,1910.8192,69.56291,0.21929999999997563,-0.0004999999998744897,-9.999999974752427e-05,-0.009129999999998972,-1.0000000003174137e-05,-2.40000000104601e-05,4547,0,1,0,1,0,1,1.0999999999999999,2800.89901092788,82.72332646899736,15286.187053487482,2204,0
1041.75,1.3,10.5,-2.4,1911.0381,69.5538,0.21890000000007603,-0.0003999999998995918,9.999999997489795e-05,-0.009110000000006835,1.9999999992137418e-05,2.9999999995311555e-05,4548,0,1,0,1,0,1,1.0999999999999999,2800.7033941085956,82.7204314313036,15288.480299299212,2205,0
1041.75,1.3,10.5,-2.4,1911.2566,69.5447,0.21849999999994907,-0.00040000000012696546,-2.2737367544323206e-13,-0.00909999999998945,1.0000000017384991e-05,-9.999999974752427e-06,4549,0,1,0,1,0,1,1.0999999999999999,2800.5079112967032,82.71753566615385,15290.773807310952,2206,0
1043.25,1.3,10.5,-2.4,1911.4746,69.53561,0.21800000000007458,-0.0004999999998744897,-9.999999974752427e-05,-0.009090000000000487,9.999999988963282e-06,-2.842170943040401e-14,4550,0,1,0,1,0,1,1.0999999999999999,2800.3125622940015,82.714639176225,15293.067576922704,2207,0
1042.75,1.3,10.5,-2.4,1911.6923,69.52652,0.2176999999999225,-0.0003000000001520675,0.00019999999972242222,-0.009090000000000487,0.0,-9.999999988963282e-06,4551,0,1,0,1,0,1,1.0999999999999999,2800.117346946397,82.71174196199472,15295.361607774465,2208,0
1041.75,1.3,10.5,-2.4,1911.9094,69.51745,0.21710000000007312,-0.0005999999998493877,-0.00029999999969732016,-0.00907000000000835,1.9999999992137418e-05,1.9999999992137418e-05,4552,0,1,0,1,0,1,1.0999999999999999,2799.9222650340434,82.70884402833298,15297.655899146235,2209,0
1042.75,1.3,10.5,-2.4,1912.1261,69.50838,0.21669999999994616,-0.00040000000012696546,0.00019999999972242222,-0.009069999999994138,1.4210854715202004e-14,-1.9999999977926564e-05,4553,0,1,0,1,0,1,1.0999999999999999,2799.7273163812033,82.70594537571365,15299.950450558017,2210,0
1044.25,1.3,10.5,-2.4,1912.3425,69.49932,0.21640000000002146,-0.00029999999992469384,0.00010000000020227162,-0.009060000000005175,9.999999988963282e-06,9.999999974752427e-06,4554,0,1,0,1,0,1,1.0999999999999999,2799.5325008342484,82.7030460068057,15302.24526164981,2211,0
1043.75,1.3,10.5,-2.4,1912.5583,69.49027,0.2157999999999447,-0.0006000000000767614,-0.0003000000001520675,-0.009050000000002001,1.0000000003174137e-05,1.4210854715202004e-14,4555,0,1,0,1,0,1,1.0999999999999999,2799.3378181738367,82.70014592427567,15304.540331701613,2212,0
1044.25,1.3,10.5,-2.4,1912.7739,69.48123,0.2155999999999949,-0.0001999999999497959,0.00040000000012696546,-0.009039999999998827,1.0000000003174137e-05,0.0,4556,0,1,0,1,0,1,1.0999999999999999,2799.1432682685977,82.6972451307878,15306.835660473425,2213,0
1044.0,1.3,10.5,-2.4,1912.989,69.4722,0.21510000000012042,-0.0004999999998744897,-0.00029999999992469384,-0.009029999999995653,1.0000000003174137e-05,0.0,4557,0,1,0,1,0,1,1.0999999999999999,2798.948850921457,82.69434362900394,15309.13124736525,2214,0
1041.25,1.3,10.5,-2.4,1913.2036,69.46318,0.21460000000001855,-0.0005000000001018634,-2.2737367544323206e-13,-0.00902000000000669,9.999999988963282e-06,-1.4210854715202004e-14,4558,0,1,0,1,0,1,1.0999999999999999,2798.754565935512,82.69144142158368,15311.427091777083,2215,0
1042.25,1.4,10.5,-2.4,1913.4178,69.45416,0.2141999999998916,-0.00040000000012696546,9.999999997489795e-05,-0.009019999999992478,1.4210854715202004e-14,-9.999999974752427e-06,4559,0,1,0,1,0,1,1.0,2798.5604131359646,82.68853850899123,15313.723193228927,2216,0
1042.25,1.4,10.5,-2.4,1913.6317,69.44516,0.2138999999999669,-0.00029999999992469384,0.00010000000020227162,-0.009000000000000341,1.9999999992137418e-05,1.9999999977926564e-05,4560,0,1,0,1,0,1,1.0,2798.366392370094,82.68563489607543,15316.019551360781,2217,0
1040.75,1.4,10.5,-2.4,1913.8452,69.436165,0.2135000000000673,-0.0003999999998995918,-9.999999997489795e-05,-0.008994999999998754,5.000000001587068e-06,-1.499999999055035e-05,4561,0,1,0,1,0,1,1.0,2798.1725034633932,82.68273058439281,15318.316165692646,2218,0
1040.75,1.4,10.5,-2.4,1914.0582,69.42718,0.21299999999996544,-0.0005000000001018634,-0.00010000000020227162,-0.00898499999999558,1.0000000003174137e-05,5.000000001587068e-06,4562,0,1,0,1,0,1,1.0,2797.9787462195923,82.67982557659434,15320.613035624521,2219,0
1042.75,1.4,10.5,-2.4,1914.2709,69.418205,0.21270000000004075,-0.00029999999992469384,0.00020000000017716957,-0.008975000000006617,9.999999988963282e-06,-1.4210854715202004e-14,4563,0,1,0,1,0,1,1.0,2797.785120486415,82.67691987532865,15322.910160796406,2220,0
1042.25,1.4,10.5,-2.4,1914.483,69.40923,0.21209999999996398,-0.0006000000000767614,-0.0003000000001520675,-0.008975000000006617,0.0,-9.999999988963282e-06,4564,0,1,0,1,0,1,1.0,2797.591626046002,82.67401348105147,15325.207540488302,2221,0
1042.75,1.4,10.5,-2.4,1914.695,69.400276,0.21199999999998909,-9.999999997489795e-05,0.0005000000001018634,-0.008953999999988582,2.100000001803437e-05,2.100000001803437e-05,4565,0,1,0,1,0,1,1.0,2797.3982627901883,82.67110639881734,15327.505174580207,2222,0
1042.75,1.4,10.5,-2.4,1914.9064,69.39133,0.2114000000001397,-0.0005999999998493877,-0.0004999999998744897,-0.00894600000000878,7.999999979801942e-06,-1.3000000038232429e-05,4566,0,1,0,1,0,1,1.0,2797.205030501423,82.66819863082986,15329.803062352123,2223,0
1044.25,1.4,10.5,-2.4,1915.1174,69.382385,0.21100000000001273,-0.00040000000012696546,0.00019999999972242222,-0.008944999999997094,1.0000000116860974e-06,-6.999999968115844e-06,4567,0,1,0,1,0,1,1.0,2797.0119290061293,82.66529017775832,15332.101203324048,2224,0
1045.75,1.4,10.5,-2.4,1915.328,69.37346,0.21059999999988577,-0.00040000000012696546,0.0,-0.008925000000004957,1.9999999992137418e-05,1.899999998045132e-05,4568,0,1,0,1,0,1,1.0,2796.818958130882,82.66238104442985,15334.399597015983,2225,0
1046.75,1.4,10.5,-2.4,1915.5383,69.36454,0.21029999999996107,-0.00029999999992469384,0.00010000000020227162,-0.008919999999989159,5.000000015797923e-06,-1.4999999976339495e-05,4569,0,1,0,1,0,1,1.0,2796.6261177242886,82.65947123238512,15336.698243067929,2226,0
1045.75,1.4,10.5,-2.4,1915.7482,69.35563,0.20990000000006148,-0.0003999999998995918,-9.999999997489795e-05,-0.008910000000000196,9.999999988963282e-06,4.999999973165359e-06,4570,0,1,0,1,0,1,1.0,2796.4334076132136,82.65656074425726,15338.997140999885,2227,0
1046.75,1.4,10.5,-2.4,1915.9576,69.346725,0.20939999999995962,-0.0005000000001018634,-0.00010000000020227162,-0.008904999999998608,5.000000001587068e-06,-4.9999999873762135e-06,4571,0,1,0,1,0,1,1.0,2796.2408276027995,82.65364958158355,15341.29629021185,2228,0
1045.75,1.4,10.5,-2.4,1916.1667,69.33784,0.20910000000003492,-0.00029999999992469384,0.00020000000017716957,-0.008885000000006471,1.9999999992137418e-05,1.499999999055035e-05,4572,0,1,0,1,0,1,1.0,2796.048377542095,82.65073774917997,15343.595690343827,2229,0
1043.25,1.4,10.5,-2.4,1916.3755,69.32895,0.20880000000011023,-0.00029999999992469384,0.0,-0.008889999999993847,-4.9999999873762135e-06,-2.4999999979513632e-05,4573,0,1,0,1,0,1,1.0,2795.85605728028,82.64782524639264,15345.895341035814,2230,0
1043.25,1.4,10.5,-2.4,1916.5839,69.32008,0.20839999999998327,-0.00040000000012696546,-0.00010000000020227162,-0.00887000000000171,1.9999999992137418e-05,2.4999999979513632e-05,4574,0,1,0,1,0,1,1.0,2795.663866644809,82.64491207803279,15348.195241807809,2231,0
1043.25,1.4,10.5,-2.4,1916.7919,69.31122,0.2079999999998563,-0.00040000000012696546,0.0,-0.008859999999998536,1.0000000003174137e-05,-9.999999988963282e-06,4575,0,1,0,1,0,1,1.0,2795.4718054632867,82.64199824672203,15350.495392179815,2232,0
1043.25,1.4,10.5,-2.4,1916.9994,69.30237,0.2074999999999818,-0.0004999999998744897,-9.999999974752427e-05,-0.008850000000009572,9.999999988963282e-06,-1.4210854715202004e-14,4576,0,1,0,1,0,1,1.0,2795.2798735416213,82.63908375507974,15352.795791551831,2233,0
1042.75,1.4,10.5,-2.4,1917.2067,69.29352,0.20730000000003201,-0.0001999999999497959,0.00029999999992469384,-0.008849999999995362,1.4210854715202004e-14,-9.999999974752427e-06,4577,0,1,0,1,0,1,1.0,2795.0880707514198,82.63616860353866,15355.096439683857,2234,0
1041.75,1.4,10.5,-2.4,1917.4136,69.28469,0.20690000000013242,-0.0003999999998995918,-0.0001999999999497959,-0.008830000000003224,1.9999999992137418e-05,1.9999999977926564e-05,4578,0,1,0,1,0,1,1.0,2794.8963969207252,82.63325279689889,15357.397336095893,2235,0
1041.5,1.4,10.5,-2.4,1917.62,69.27586,0.20639999999980319,-0.0005000000003292371,-0.0001000000004296453,-0.008830000000003224,0.0,-1.9999999992137418e-05,4579,0,1,0,1,0,1,1.0,2794.7048518558954,82.63033633558952,15359.698480187939,2236,0
1042.75,1.4,10.5,-2.4,1917.8262,69.26705,0.20620000000008076,-0.00019999999972242222,0.00030000000060681487,-0.008809999999996876,2.0000000006348273e-05,2.0000000006348273e-05,4580,0,1,0,1,0,1,1.0,2794.5134354289457,82.62741922440514,15361.999871719994,2237,0
1043.0,1.4,10.5,-2.4,1918.032,69.25825,0.2057999999999538,-0.00040000000012696546,-0.00020000000040454324,-0.008799999999993702,1.0000000003174137e-05,-1.0000000003174137e-05,4581,0,1,0,1,0,1,1.0,2794.3221474683546,82.62450146595374,15364.30151021206,2238,0
1044.25,1.4,10.5,-2.4,1918.2373,69.24946,0.2053000000000793,-0.0004999999998744897,-9.999999974752427e-05,-0.008790000000004738,9.999999988963282e-06,-1.4210854715202004e-14,4582,0,1,0,1,0,1,1.0,2794.1309877809294,82.62158306284093,15366.603395064136,2239,0
1045.25,1.4,10.5,-2.4,1918.4424,69.24068,0.20509999999990214,-0.00020000000017716957,0.00029999999969732016,-0.008780000000001564,1.0000000003174137e-05,1.4210854715202004e-14,4583,0,1,0,1,0,1,1.0,2793.9399562390927,82.61866401767016,15368.90552603622,2240,0
1043.25,1.4,10.5,-2.4,1918.6471,69.2319,0.20470000000000255,-0.0003999999998995918,-0.00019999999972242222,-0.008780000000001564,0.0,-1.0000000003174137e-05,4584,0,1,0,1,0,1,1.0,2793.7490526717556,82.6157443308615,15371.207902648315,2241,0
1042.25,1.4,10.5,-2.4,1918.8514,69.22314,0.20430000000010295,-0.0003999999998995918,0.0,-0.008759999999995216,2.0000000006348273e-05,2.0000000006348273e-05,4585,0,1,0,1,0,1,1.0,2793.5582769079806,82.61282400719581,15373.51052442042,2242,0
1043.25,1.4,10.5,-2.4,1919.0554,69.214386,0.2039999999999509,-0.0003000000001520675,9.999999974752427e-05,-0.008753999999996154,5.999999999062311e-06,-1.4000000007285962e-05,4586,0,1,0,1,0,1,1.0,2793.367628798779,82.60990304839764,15375.813390992536,2243,0
1043.25,1.4,10.5,-2.4,1919.259,69.20564,0.2036000000000513,-0.0003999999998995918,-9.999999974752427e-05,-0.008746000000002141,7.999999994012796e-06,1.9999999949504854e-06,4587,0,1,0,1,0,1,1.0,2793.177108173496,82.60698145662599,15378.11650188466,2244,0
1042.75,1.4,10.5,-2.4,1919.4624,69.196915,0.20339999999987413,-0.00020000000017716957,0.00019999999972242222,-0.008724999999998317,2.1000000003823516e-05,1.300000000981072e-05,4588,0,1,0,1,0,1,1.0,2792.9867149052084,82.60405923687077,15380.419856856794,2245,0
1043.75,1.4,10.5,-2.4,1919.6653,69.188194,0.20289999999999964,-0.0004999999998744897,-0.00029999999969732016,-0.008721000000008416,3.999999989900971e-06,-1.7000000013922545e-05,4589,0,1,0,1,0,1,1.0,2792.796448801743,82.60113639041396,15382.723455308938,2246,0
1044.0,1.4,10.5,-2.4,1919.8679,69.17948,0.20260000000007494,-0.00029999999992469384,0.0001999999999497959,-0.008713999999997668,7.000000010748408e-06,3.0000000208474376e-06,4590,0,1,0,1,0,1,1.0,2792.6063097146593,82.59821291918972,15385.027296881091,2247,0
1044.0,1.4,10.5,-2.4,1920.0702,69.17078,0.20230000000015025,-0.00029999999992469384,0.0,-0.008700000000004593,1.3999999993075107e-05,6.999999982326699e-06,4591,0,1,0,1,0,1,1.0,2792.416297495645,82.59528882665505,15387.331381213255,2248,0
1044.25,1.4,10.5,-2.4,1920.2721,69.16209,0.2018999999997959,-0.00040000000035433914,-0.0001000000004296453,-0.008689999999987208,1.0000000017384991e-05,-3.999999975690116e-06,4592,0,1,0,1,0,1,1.0,2792.226411974744,82.592364115393,15389.635707825428,2249,0
1044.25,1.4,10.5,-2.4,1920.4738,69.15341,0.2017000000000735,-0.00019999999972242222,0.00020000000063191692,-0.008680000000012456,9.999999974752427e-06,-4.263256414560601e-14,4593,0,1,0,1,0,1,1.0,2792.0366530256856,82.58943878798432,15391.940276477611,2250,0
1045.75,1.4,10.5,-2.4,1920.6749,69.144745,0.20109999999999673,-0.0006000000000767614,-0.00040000000035433914,-0.008664999999993483,1.500000001897206e-05,5.000000044219632e-06,4594,0,1,0,1,0,1,1.0,2791.8470204352557,82.58651284809577,15394.245086449804,2251,0
1044.75,1.4,10.5,-2.4,1920.8759,69.136086,0.20100000000002183,-9.999999997489795e-05,0.0005000000001018634,-0.008658999999994421,5.999999999062311e-06,-9.000000019909749e-06,4595,0,1,0,1,0,1,1.0,2791.6575140992168,82.58358629743255,15396.550137622005,2252,0
1045.75,1.4,10.5,-2.4,1921.0765,69.12743,0.20059999999989486,-0.00040000000012696546,-0.0003000000001520675,-0.008656000000001995,2.999999992425728e-06,-3.000000006636583e-06,4596,0,1,0,1,0,1,1.0,2791.468133848162,82.5806591370459,15398.855429514217,2253,0
1043.75,1.4,10.5,-2.4,1921.2767,69.1188,0.20019999999999527,-0.0003999999998995918,2.2737367544323206e-13,-0.008630000000010796,2.599999999119973e-05,2.2999999998774e-05,4597,0,1,0,1,0,1,1.0,2791.2788795128317,82.57773137298825,15401.160961646437,2254,0
1045.25,1.4,10.5,-2.4,1921.4767,69.110176,0.20000000000004547,-0.0001999999999497959,0.0001999999999497959,-0.008623999999997523,6.000000013273166e-06,-1.9999999977926564e-05,4598,0,1,0,1,0,1,1.0,2791.0897509676015,82.57480300695804,15403.466733778669,2255,0
1048.25,1.4,10.5,-2.4,1921.6764,69.10156,0.19970000000012078,-0.00029999999992469384,-9.999999997489795e-05,-0.008615999999989299,8.000000008223651e-06,1.9999999949504854e-06,4599,0,1,0,1,0,1,1.0,2790.900748065217,82.57187404108696,15405.77274555091,2256,0
1047.25,1.4,10.5,-2.4,1921.8756,69.09296,0.19920000000001892,-0.0005000000001018634,-0.00020000000017716957,-0.008600000000001273,1.5999999988025593e-05,7.999999979801942e-06,4600,0,1,0,1,0,1,1.0,2790.7118706150836,82.56894447924364,15408.07899636316,2257,0
1048.25,1.4,10.5,-2.4,1922.0747,69.08436,0.19909999999981665,-0.00010000000020227162,0.0003999999998995918,-0.008600000000001273,0.0,-1.5999999988025593e-05,4601,0,1,0,1,0,1,1.0,2790.5231185136895,82.56601432181661,15410.38548609542,2258,0
1048.5,1.4,10.5,-2.4,1922.2733,69.07578,0.19860000000016953,-0.0004999999996471161,-0.00039999999944484443,-0.008580000000009136,1.9999999992137418e-05,1.9999999992137418e-05,4602,0,1,0,1,0,1,1.0,2790.334491570715,82.56308357353899,15412.692214147688,2259,0
1047.25,1.4,10.5,-2.4,1922.4717,69.06721,0.19839999999999236,-0.00020000000017716957,0.0002999999994699465,-0.008569999999991751,1.0000000017384991e-05,-9.999999974752427e-06,4603,0,1,0,1,0,1,1.0,2790.145989661164,82.56015223696785,15414.999180279967,2260,0
1046.25,1.4,10.5,-2.4,1922.6698,69.05865,0.1980999999998403,-0.0003000000001520675,-9.999999997489795e-05,-0.008560000000002788,9.999999988963282e-06,-2.842170943040401e-14,4604,0,1,0,1,0,1,1.0,2789.9576126384363,82.55722031465798,15417.306384132255,2261,0
1044.75,1.4,10.5,-2.4,1922.8674,69.0501,0.19760000000019318,-0.0004999999996471161,-0.00019999999949504854,-0.008549999999999613,1.0000000003174137e-05,1.4210854715202004e-14,4605,0,1,0,1,0,1,1.0,2789.7693603126354,82.55428780916196,15419.613825104552,2262,0
1042.25,1.4,10.5,-2.4,1923.065,69.04156,0.1975999999999658,-2.2737367544323206e-13,0.0004999999994197424,-0.00853999999999644,1.0000000003174137e-05,0.0,4606,0,1,0,1,0,1,1.0,2789.5812326025616,82.55135472303017,15421.92150319686,2263,0
1042.25,1.4,10.5,-2.4,1923.2621,69.033035,0.19709999999986394,-0.0005000000001018634,-0.0004999999998744897,-0.008525000000005889,1.499999999055035e-05,4.9999999873762135e-06,4607,0,1,0,1,0,1,1.0,2789.3932293185767,82.54842105989583,15424.229417809176,2264,0
1043.25,1.4,10.5,-2.4,1923.4589,69.02452,0.19680000000016662,-0.00029999999969732016,0.00020000000040454324,-0.008515000000002715,1.0000000003174137e-05,-4.9999999873762135e-06,4608,0,1,0,1,0,1,1.0,2789.2053503146017,82.54548682230418,15426.537568581503,2265,0
1045.75,1.4,10.5,-2.4,1923.6554,69.016014,0.19650000000001455,-0.0003000000001520675,-4.547473508864641e-13,-0.008505999999997016,9.000000005698894e-06,-9.999999974752427e-07,4609,0,1,0,1,0,1,1.0,2789.0175954446854,82.54255201258134,15428.845955153838,2266,0
1045.25,1.4,10.5,-2.4,1923.8517,69.00752,0.19629999999983738,-0.00020000000017716957,9.999999997489795e-05,-0.008493999999998891,1.1999999998124622e-05,2.999999992425728e-06,4610,0,1,0,1,0,1,1.0,2788.829964584689,82.53961663370202,15431.154577286183,2267,0
1046.25,1.4,10.5,-2.4,1924.0476,68.99904,0.19590000000016516,-0.0003999999996722181,-0.00019999999949504854,-0.008480000000005816,1.3999999993075107e-05,1.9999999949504854e-06,4611,0,1,0,1,0,1,1.0,2788.642457567216,82.53668068907199,15433.463434498537,2268,0
1046.25,1.4,10.5,-2.4,1924.2433,68.99057,0.195699999999988,-0.00020000000017716957,0.00019999999949504854,-0.008469999999988431,1.0000000017384991e-05,-3.999999975690116e-06,4612,0,1,0,1,0,1,1.0,2788.455074268372,82.53374418122696,15435.772526550902,2269,0
1045.25,1.4,10.5,-2.4,1924.4386,68.98211,0.19529999999986103,-0.00040000000012696546,-0.0001999999999497959,-0.008459999999999468,9.999999988963282e-06,-2.842170943040401e-14,4613,0,1,0,1,0,1,1.0,2788.267814521023,82.53080711270047,15438.081852963274,2270,0
1045.75,1.4,10.5,-2.4,1924.6337,68.97366,0.1951000000001386,-0.00019999999972242222,0.00020000000040454324,-0.008450000000010505,9.999999988963282e-06,0.0,4614,0,1,0,1,0,1,1.0,2788.080678201517,82.52786948602383,15440.391413495656,2271,0
1045.25,1.4,10.5,-2.4,1924.8285,68.965225,0.19479999999998654,-0.0003000000001520675,-0.0001000000004296453,-0.008434999999991533,1.500000001897206e-05,5.000000030008778e-06,4615,0,1,0,1,0,1,1.0,2787.8936651646445,82.52493130480936,15442.701207788048,2272,0
1045.75,1.4,10.5,-2.4,1925.023,68.9568,0.19449999999983447,-0.0003000000001520675,0.0,-0.00842500000000257,9.999999988963282e-06,-5.000000030008778e-06,4616,0,1,0,1,0,1,1.0,2787.706775265324,82.52199257158328,15445.01123548045,2273,0
1045.75,1.4,10.5,-2.4,1925.2172,68.94839,0.19420000000013715,-0.00029999999969732016,4.547473508864641e-13,-0.008409999999997808,1.5000000004761205e-05,5.000000015797923e-06,4617,0,1,0,1,0,1,1.0,2787.520008358597,82.51905328995237,15447.32149621286,2274,0
1046.75,1.4,10.5,-2.4,1925.4111,68.93999,0.19389999999998508,-0.0003000000001520675,-4.547473508864641e-13,-0.008400000000008845,9.999999988963282e-06,-5.000000015797923e-06,4618,0,1,0,1,0,1,1.0,2787.3333642996317,82.51611346243776,15449.631989625279,2275,0
1045.75,1.4,10.5,-2.4,1925.6047,68.9316,0.1936000000000604,-0.00029999999992469384,2.2737367544323206e-13,-0.00838999999999146,1.0000000017384991e-05,2.842170943040401e-14,4619,0,1,0,1,0,1,1.0,2787.146842943723,82.51317309155844,15451.942715357709,2276,0
1046.25,1.4,10.5,-2.4,1925.7981,68.923225,0.19339999999988322,-0.00020000000017716957,9.999999974752427e-05,-0.00837500000000091,1.499999999055035e-05,4.999999973165359e-06,4620,0,1,0,1,0,1,1.0,2786.960444167929,82.51023218091322,15454.253673170148,2277,0
1047.25,1.4,10.5,-2.4,1925.9912,68.914856,0.19309999999995853,-0.00029999999992469384,-9.999999974752427e-05,-0.008369000000001847,5.999999999062311e-06,-8.999999991488039e-06,4621,0,1,0,1,0,1,1.0,2786.7741678277803,82.50729073215058,15456.564862702595,2278,0
1047.5,1.4,10.5,-2.4,1926.1841,68.9065,0.19290000000000873,-0.0001999999999497959,9.999999997489795e-05,-0.008356000000006247,1.2999999995599865e-05,6.999999996537554e-06,4622,0,1,0,1,0,1,1.0,2786.5880138005627,82.50434874843175,15458.876283715052,2279,0
1047.5,1.4,10.5,-2.4,1926.3767,68.89816,0.19260000000008404,-0.00029999999992469384,-9.999999997489795e-05,-0.0083399999999898,1.6000000016447302e-05,3.0000000208474376e-06,4623,0,1,0,1,0,1,1.0,2786.4019819420414,82.50140623356401,15461.187935847518,2280,0
1046.25,1.4,10.5,-2.4,1926.569,68.88983,0.19229999999993197,-0.0003000000001520675,-2.2737367544323206e-13,-0.008330000000000837,9.999999988963282e-06,-6.00000002748402e-06,4624,0,1,0,1,0,1,1.0,2786.216072108108,82.49846319005405,15463.499818739992,2281,0
1046.25,1.4,10.5,-2.2,1926.761,68.881516,0.19200000000000728,-0.00029999999992469384,2.2737367544323206e-13,-0.0083139999999986,1.6000000002236447e-05,6.000000013273166e-06,4625,0,1,0,1,0,1,0.8000000000000003,2786.0302841547773,82.49551962170342,15465.811932032477,2282,0
1046.25,1.4,10.5,-2.2,1926.9528,68.87321,0.19180000000005748,-0.0001999999999497959,9.999999997489795e-05,-0.008306000000004587,7.999999994012796e-06,-8.000000008223651e-06,4626,0,1,0,1,0,1,0.8000000000000003,2785.8446179598013,82.49257553058138,15468.12427548497,2283,0
1045.25,1.4,10.5,-2.2,1927.1443,68.864914,0.1914999999999054,-0.0003000000001520675,-0.00010000000020227162,-0.008296000000001413,1.0000000003174137e-05,2.00000000916134e-06,4627,0,1,0,1,0,1,0.8000000000000003,2785.6590733794296,82.48963091918755,15470.436848737474,2284,0
1046.75,1.4,10.5,-2.2,1927.3356,68.85663,0.191300000000183,-0.00019999999972242222,0.0001000000004296453,-0.008284000000003289,1.1999999998124622e-05,1.9999999949504854e-06,4628,0,1,0,1,0,1,0.8000000000000003,2785.47365029164,82.4866857904515,15472.749651549986,2285,0
1047.0,1.4,10.5,-2.2,1927.5266,68.848366,0.19099999999980355,-0.0003000000003794412,-0.00010000000065701897,-0.00826399999999694,2.0000000006348273e-05,8.000000008223651e-06,4629,0,1,0,1,0,1,0.8000000000000003,2785.2883485529155,82.48374014902808,15475.062683562508,2286,0
1047.75,1.4,10.5,-2.2,1927.7173,68.8401,0.19070000000010623,-0.00029999999969732016,6.821210263296962e-13,-0.008265999999991891,-1.9999999949504854e-06,-2.200000000129876e-05,4630,0,1,0,1,0,1,0.8000000000000003,2785.103168019866,82.48079399481753,15477.375944415038,2287,0
1048.0,1.4,10.5,-2.2,1927.9078,68.831856,0.19049999999992906,-0.00020000000017716957,9.99999995201506e-05,-0.008244000000004803,2.1999999987087904e-05,2.399999998203839e-05,4631,0,1,0,1,0,1,0.8000000000000003,2784.9181085708115,82.47784733290156,15479.689433867577,2288,0
1047.25,1.4,10.5,-2.2,1928.0981,68.82362,0.19029999999997926,-0.0001999999999497959,2.2737367544323206e-13,-0.00823599999999658,8.000000008223651e-06,-1.3999999978864253e-05,4632,0,1,0,1,0,1,0.8000000000000003,2784.7331700841787,82.47490016533564,15482.003151680126,2289,0
1048.25,1.4,10.5,-2.2,1928.2881,68.81541,0.19000000000005457,-0.00029999999992469384,-9.999999997489795e-05,-0.00821000000000538,2.599999999119973e-05,1.7999999982976078e-05,4633,0,1,0,1,0,1,0.8000000000000003,2784.548352416918,82.47195249805783,15484.317097492683,2290,0
1046.75,1.4,10.5,-2.2,1928.4779,68.8072,0.18980000000010477,-0.0001999999999497959,9.999999997489795e-05,-0.00821000000000538,0.0,-2.599999999119973e-05,4634,0,1,0,1,0,1,0.8000000000000003,2784.3636554476807,82.46900433139159,15486.631271065251,2291,0
1047.75,1.4,10.5,-2.2,1928.6674,68.799,0.1894999999999527,-0.0003000000001520675,-0.00010000000020227162,-0.008199999999987995,1.0000000017384991e-05,1.0000000017384991e-05,4635,0,1,0,1,0,1,0.8000000000000003,2784.17907903365,82.46605566781709,15488.945672037828,2292,0
1047.75,1.4,10.5,-2.2,1928.8567,68.79082,0.1893000000000029,-0.0001999999999497959,0.00010000000020227162,-0.008180000000010068,1.9999999977926564e-05,9.999999960541572e-06,4636,0,1,0,1,0,1,0.8000000000000003,2783.9946230536984,82.46310651196895,15491.260300170412,2293,0
1046.75,1.4,10.5,-2.2,1929.0458,68.782646,0.18910000000005311,-0.0001999999999497959,0.0,-0.008173999999996795,6.000000013273166e-06,-1.3999999964653398e-05,4637,0,1,0,1,0,1,0.8000000000000003,2783.8102873868047,82.46015686545925,15493.575155223007,2294,0
1046.75,1.4,10.5,-2.2,1929.2346,68.77449,0.18879999999990105,-0.0003000000001520675,-0.00010000000020227162,-0.008155999999999608,1.7999999997186933e-05,1.1999999983913767e-05,4638,0,1,0,1,0,1,0.8000000000000003,2783.6260718904937,82.45720673248545,15495.890236835608,2295,0
1046.75,1.4,10.5,-2.2,1929.4231,68.76634,0.18849999999997635,-0.00029999999992469384,2.2737367544323206e-13,-0.008150000000000546,5.999999999062311e-06,-1.1999999998124622e-05,4639,0,1,0,1,0,1,0.8000000000000003,2783.441976422414,82.45425611465517,15498.20554464822,2296,0
1046.5,1.4,10.5,-2.2,1929.6115,68.75821,0.18840000000000146,-9.999999997489795e-05,0.0001999999999497959,-0.008129999999994197,2.0000000006348273e-05,1.4000000007285962e-05,4640,0,1,0,1,0,1,0.8000000000000003,2783.25800088343,82.45130501659125,15500.521078540844,2297,0
1046.25,1.4,10.5,-2.2,1929.7997,68.75009,0.18820000000005166,-0.0001999999999497959,-9.999999997489795e-05,-0.008120000000005234,9.999999988963282e-06,-1.0000000017384991e-05,4641,0,1,0,1,0,1,0.8000000000000003,2783.0741451529516,82.4483534407583,15502.836838273473,2298,0
1046.5,1.4,10.5,-2.2,1929.9875,68.74198,0.1877999999999247,-0.00040000000012696546,-0.00020000000017716957,-0.00811000000000206,1.0000000003174137e-05,1.4210854715202004e-14,4642,0,1,0,1,0,1,0.8000000000000003,2782.890409067413,82.44540138961878,15505.152823366112,2299,0
1046.75,1.4,10.5,-2.2,1930.1752,68.73389,0.1876999999999498,-9.999999997489795e-05,0.0003000000001520675,-0.008089999999995712,2.0000000006348273e-05,1.0000000003174137e-05,4643,0,1,0,1,0,1,0.8000000000000003,2782.706792527993,82.4424488677864,15507.46903369876,2300,0
1047.0,1.4,10.5,-2.2,1930.3627,68.72581,0.1875,-0.0001999999999497959,-9.999999997489795e-05,-0.008080000000006748,9.999999988963282e-06,-1.0000000017384991e-05,4644,0,1,0,1,0,1,0.8000000000000003,2782.523295414424,82.43949587771797,15509.785469031418,2301,0
1047.0,1.4,10.5,-2.2,1930.5499,68.717735,0.1872000000000753,-0.00029999999992469384,-9.999999997489795e-05,-0.00807499999999095,5.000000015797923e-06,-4.999999973165359e-06,4645,0,1,0,1,0,1,0.8000000000000003,2782.339917585019,82.43654242079208,15512.102129004084,2302,0
1048.25,1.4,10.5,-2.2,1930.7369,68.70968,0.1870000000001255,-0.0001999999999497959,9.999999997489795e-05,-0.008054999999998813,1.9999999992137418e-05,1.4999999976339495e-05,4646,0,1,0,1,0,1,0.8000000000000003,2782.156658919733,82.43358850161395,15514.41901337676,2303,0
1049.25,1.4,10.5,-2.2,1930.9237,68.70164,0.18679999999994834,-0.00020000000017716957,-2.2737367544323206e-13,-0.008040000000008263,1.499999999055035e-05,-5.000000001587068e-06,4647,0,1,0,1,0,1,0.8000000000000003,2781.973519298623,82.43063412370913,15516.736121909446,2304,0
1049.5,1.4,10.5,-2.2,1931.1104,68.69361,0.18669999999997344,-9.999999997489795e-05,0.00010000000020227162,-0.008029999999990878,1.0000000017384991e-05,-4.999999973165359e-06,4648,0,1,0,1,0,1,0.8000000000000003,2781.7904986233602,82.42767928952462,15519.053454482138,2305,0
1048.75,1.4,10.5,-2.2,1931.2966,68.68559,0.18619999999987158,-0.0005000000001018634,-0.00040000000012696546,-0.008020000000001914,9.999999988963282e-06,-2.842170943040401e-14,4649,0,1,0,1,0,1,0.8000000000000003,2781.607596709677,82.42472400150537,15521.37101049484,2306,0
1048.75,1.4,10.5,-2.2,1931.4829,68.67759,0.18630000000007385,0.00010000000020227162,0.000600000000304135,-0.008000000000009777,1.9999999992137418e-05,1.0000000003174137e-05,4650,0,1,0,1,0,1,0.8000000000000003,2781.4248135024727,82.42176826424425,15523.688790067552,2307,0
1049.0,1.4,10.5,-2.2,1931.6688,68.66959,0.18589999999994689,-0.00040000000012696546,-0.0005000000003292371,-0.007999999999995566,1.4210854715202004e-14,-1.9999999977926564e-05,4651,0,1,0,1,0,1,0.8000000000000003,2781.2421488392088,82.41881207803095,15526.00679272027,2308,0
1049.0,1.4,10.5,-2.2,1931.8546,68.66162,0.185799999999972,-9.999999997489795e-05,0.0003000000001520675,-0.007970000000000255,2.9999999995311555e-05,2.99999999811007e-05,4652,0,1,0,1,0,1,0.8000000000000003,2781.0596026219646,82.4158554496024,15528.325018333,2309,0
1048.25,1.4,9.5,-2.2,1932.0402,68.653656,0.1856000000000222,-0.0001999999999497959,-9.999999997489795e-05,-0.007964000000001192,5.999999999062311e-06,-2.3999999996249244e-05,4653,0,1,0,1,0,1,0.8000000000000003,2780.877174731414,82.41289838053287,15530.643466665739,2310,0
1049.75,1.4,9.5,-2.2,1932.2255,68.6457,0.1853000000000975,-0.00029999999992469384,-9.999999997489795e-05,-0.007955999999992969,8.000000008223651e-06,2.00000000916134e-06,4654,0,1,0,1,0,1,0.8000000000000003,2780.6948650268528,82.40994087282492,15532.962137358485,2311,0
1048.25,1.4,9.5,-2.2,1932.4106,68.637764,0.18509999999992033,-0.00020000000017716957,9.999999974752427e-05,-0.007936000000000831,1.9999999992137418e-05,1.1999999983913767e-05,4655,0,1,0,1,0,1,0.8000000000000003,2780.5126733891752,82.4069829310567,15535.281030171242,2312,0
1049.75,1.4,9.5,-2.2,1932.5957,68.62984,0.1851000000001477,2.2737367544323206e-13,0.00020000000040454324,-0.007924000000002707,1.1999999998124622e-05,-7.999999994012796e-06,4656,0,1,0,1,0,1,0.8000000000000003,2780.3305997423236,82.4040245580846,15537.600145104007,2313,0
1051.25,1.4,9.5,-2.2,1932.7804,68.621925,0.18470000000002074,-0.00040000000012696546,-0.00040000000035433914,-0.007914999999997008,9.000000005698894e-06,-2.999999992425728e-06,4657,0,1,0,1,0,1,0.8000000000000003,2780.1486439244313,82.40106575611851,15539.91948167678,2314,0
1051.25,1.4,9.5,-2.2,1932.965,68.61403,0.18459999999981846,-0.00010000000020227162,0.00029999999992469384,-0.00789500000000487,1.9999999992137418e-05,1.0999999986438525e-05,4658,0,1,0,1,0,1,0.8000000000000003,2779.9668058381626,82.39810652972741,15542.239039769562,2315,0
1051.5,1.4,9.5,-2.2,1933.1494,68.60615,0.18440000000009604,-0.00019999999972242222,-9.99999995201506e-05,-0.00788000000000011,1.5000000004761205e-05,-4.9999999873762135e-06,4659,0,1,0,1,0,1,0.8000000000000003,2779.785085364807,82.39514688240344,15544.558819142352,2316,0
1049.75,1.4,9.5,-2.2,1933.3336,68.598274,0.18419999999991887,-0.00020000000017716957,-4.547473508864641e-13,-0.007875999999995997,4.0000000041118255e-06,-1.100000000064938e-05,4660,0,1,0,1,0,1,0.8000000000000003,2779.603482385754,82.39218681527569,15546.878819555153,2317,0
1050.0,1.4,9.5,-2.2,1933.5177,68.590416,0.18410000000017135,-9.999999974752427e-05,0.0001000000004296453,-0.00785799999999881,1.7999999997186933e-05,1.3999999993075107e-05,4661,0,1,0,1,0,1,0.8000000000000003,2779.4219968039465,82.38922633247533,15549.199040887961,2318,0
1050.75,1.4,9.5,-2.2,1933.7015,68.58257,0.1837999999997919,-0.0003000000003794412,-0.00020000000063191692,-0.007846000000000686,1.1999999998124622e-05,-5.999999999062311e-06,4662,0,1,0,1,0,1,0.8000000000000003,2779.2406284795197,82.38626543684323,15551.519482780779,2319,0
1050.75,1.4,9.5,-2.2,1933.8853,68.574745,0.18380000000001928,2.2737367544323206e-13,0.00030000000060681487,-0.007825000000011073,2.099999998961266e-05,8.999999991488039e-06,4663,0,1,0,1,0,1,0.8000000000000003,2779.05937733705,82.38330413314752,15553.840145233606,2320,0
1051.75,1.4,9.5,-2.2,1934.0687,68.56693,0.1834000000001197,-0.0003999999998995918,-0.00040000000012696546,-0.007814999999993688,1.0000000017384991e-05,-1.099999997222767e-05,4664,0,1,0,1,0,1,0.8000000000000003,2778.878243215434,82.3803424237942,15556.16102776644,2321,0
1050.75,1.4,9.5,-2.2,1934.2521,68.55913,0.18339999999989232,-2.2737367544323206e-13,0.0003999999996722181,-0.007800000000003138,1.499999999055035e-05,4.999999973165359e-06,4665,0,1,0,1,0,1,0.8000000000000003,2778.697226039434,82.3773803122589,15558.482130379285,2322,0
1050.75,1.4,9.5,-2.2,1934.4352,68.55134,0.18309999999996762,-0.00029999999992469384,-0.00029999999969732016,-0.007789999999999964,1.0000000003174137e-05,-4.9999999873762135e-06,4666,0,1,0,1,0,1,0.8000000000000003,2778.516325669595,82.3744178009428,15560.803452712138,2323,0
1049.25,1.4,9.5,-2.2,1934.6182,68.543564,0.18299999999999272,-9.999999997489795e-05,0.0001999999999497959,-0.007775999999992678,1.4000000007285962e-05,4.0000000041118255e-06,4667,0,1,0,1,0,1,0.8000000000000003,2778.335542009426,82.37145489310197,15563.124994644999,2324,0
1050.75,1.4,9.5,-2.2,1934.801,68.535805,0.18280000000004293,-0.0001999999999497959,-9.999999997489795e-05,-0.007759000000007177,1.6999999985500835e-05,2.9999999782148734e-06,4668,0,1,0,1,0,1,0.8000000000000003,2778.154874941101,82.36849159263225,15565.44675593787,2325,0
1051.75,1.4,9.5,-2.2,1934.9836,68.52805,0.18260000000009313,-0.0001999999999497959,0.0,-0.007755000000003065,4.0000000041118255e-06,-1.299999998138901e-05,4669,0,1,0,1,0,1,0.8000000000000003,2777.9743243468947,82.36552790064239,15567.768736350748,2326,0
1052.75,1.4,9.5,-2.2,1935.1661,68.520325,0.18249999999989086,-0.00010000000020227162,9.999999974752427e-05,-0.007724999999993543,3.000000000952241e-05,2.6000000005410584e-05,4670,0,1,0,1,0,1,0.8000000000000003,2777.793890130593,82.36256382380647,15570.090935763637,2327,0
1053.25,1.4,9.5,-2.2,1935.3484,68.5126,0.18230000000016844,-0.00019999999972242222,-9.99999995201506e-05,-0.007724999999993543,0.0,-3.000000000952241e-05,4671,0,1,0,1,0,1,0.8000000000000003,2777.6135721746577,82.35959936237158,15572.413353936534,2328,0
1053.0,1.4,9.5,-2.2,1935.5306,68.5049,0.18219999999996617,-0.00010000000020227162,9.99999995201506e-05,-0.007699999999999818,2.4999999993724487e-05,2.4999999993724487e-05,4672,0,1,0,1,0,1,0.8000000000000003,2777.433370383051,82.35663452193452,15574.73599074944,2329,0
1053.75,1.4,9.5,-2.2,1935.7126,68.49721,0.18200000000001637,-0.0001999999999497959,-9.999999974752427e-05,-0.007690000000010855,9.999999988963282e-06,-1.5000000004761205e-05,4673,0,1,0,1,0,1,0.8000000000000003,2777.253284638425,82.35366930487805,15577.058845962354,2330,0
1052.75,1.4,9.5,-2.2,1935.8944,68.48953,0.1817999999998392,-0.00020000000017716957,-2.2737367544323206e-13,-0.00767999999999347,1.0000000017384991e-05,2.842170943040401e-14,4674,0,1,0,1,0,1,0.8000000000000003,2777.0733148235295,82.35070371358289,15579.381919335277,2331,0
1051.75,1.4,9.5,-2.2,1936.0762,68.481865,0.18180000000006658,2.2737367544323206e-13,0.00020000000040454324,-0.0076650000000029195,1.499999999055035e-05,4.999999973165359e-06,4675,0,1,0,1,0,1,0.8000000000000003,2776.8934608639865,82.34773775149701,15581.705210868207,2332,0
1051.25,1.4,9.5,-2.2,1936.2577,68.47422,0.18150000000014188,-0.00029999999992469384,-0.0003000000001520675,-0.007644999999996571,2.0000000006348273e-05,5.000000015797923e-06,4676,0,1,0,1,0,1,0.8000000000000003,2776.7137226213385,82.34477142313449,15584.028720201148,2333,0
1048.75,1.4,9.5,-2.2,1936.4391,68.46658,0.1813999999999396,-0.00010000000020227162,0.00019999999972242222,-0.007640000000009195,4.9999999873762135e-06,-1.500000001897206e-05,4677,0,1,0,1,0,1,0.8000000000000003,2776.5341,82.34180472979905,15586.352447214098,2334,0
1049.0,1.4,9.5,-2.2,1936.6204,68.45897,0.1812999999999647,-9.999999997489795e-05,2.2737367544323206e-13,-0.007609999999999673,3.000000000952241e-05,2.5000000022146196e-05,4678,0,1,0,1,0,1,0.8000000000000003,2776.3545929044667,82.33883767813636,15588.676391787056,2335,0
1050.75,1.4,9.5,-2.2,1936.8015,68.45136,0.18110000000001492,-0.0001999999999497959,-9.999999997489795e-05,-0.007609999999999673,0.0,-3.000000000952241e-05,4679,0,1,0,1,0,1,0.8000000000000003,2776.1752012179486,82.33587026837606,15591.000553680022,2336,0
1048.75,1.4,9.5,-2.2,1936.9824,68.44377,0.18090000000006512,-0.0001999999999497959,0.0,-0.007589999999993324,2.0000000006348273e-05,2.0000000006348273e-05,4680,0,1,0,1,0,1,0.8000000000000003,2775.9959248237556,82.33290250502029,15593.324932652997,2337,0
1048.5,1.4,9.5,-2.2,1937.1633,68.436195,0.18089999999983775,-2.2737367544323206e-13,0.00019999999972242222,-0.007575000000002774,1.499999999055035e-05,-5.000000015797923e-06,4681,0,1,0,1,0,1,0.8000000000000003,2775.816763648014,82.32993439149936,15595.64952870598,2338,0
1047.25,1.4,9.5,-2.2,1937.344,68.428635,0.18070000000011532,-0.00019999999972242222,-0.00019999999949504854,-0.007559999999998013,1.5000000004761205e-05,1.4210854715202004e-14,4682,0,1,0,1,0,1,0.8000000000000003,2775.6377175742045,82.32696593124066,15597.974341598974,2339,0
1047.5,1.4,9.5,-2.2,1937.5245,68.42109,0.18049999999993815,-0.00020000000017716957,-4.547473508864641e-13,-0.0075449999999932515,1.5000000004761205e-05,0.0,4683,0,1,0,1,0,1,0.8000000000000003,2775.4587864859095,82.32399712766866,15600.299371091975,2340,0
1046.75,1.4,9.5,-2.2,1937.705,68.41355,0.18049999999993815,0.0,0.00020000000017716957,-0.007540000000005875,4.9999999873762135e-06,-1.0000000017384991e-05,4684,0,1,0,1,0,1,0.8000000000000003,2775.2799703094984,82.32102798207043,15602.624617184985,2341,0
1045.75,1.4,9.5,-2.2,1937.8854,68.40604,0.18039999999996326,-9.999999997489795e-05,-9.999999997489795e-05,-0.007509999999996353,3.000000000952241e-05,2.5000000022146196e-05,4685,0,1,0,1,0,1,0.8000000000000003,2775.101268950064,82.31805850106701,15604.950079758002,2342,0
1047.75,1.4,9.5,-2.2,1938.0656,68.39853,0.18020000000001346,-0.0001999999999497959,-9.999999997489795e-05,-0.007510000000010564,-1.4210854715202004e-14,-3.0000000023733264e-05,4686,0,1,0,1,0,1,0.8000000000000003,2774.9226822914443,82.31508868487306,15607.27575857103,2343,0
1047.75,1.4,9.5,-2.2,1938.2456,68.391045,0.18000000000006366,-0.0001999999999497959,0.0,-0.007484999999988418,2.5000000022146196e-05,2.500000003635705e-05,4687,0,1,0,1,0,1,0.8000000000000003,2774.744210217577,82.31211853903584,15609.601653384067,2344,0
1048.75,1.3,9.5,-2.2,1938.4255,68.38357,0.17990000000008877,-9.999999997489795e-05,9.999999997489795e-05,-0.007474999999999454,9.999999988963282e-06,-1.5000000033182914e-05,4688,0,1,0,1,0,1,0.9000000000000001,2774.565852633824,82.30914806589891,15611.92776407711,2345,0
1047.75,1.3,9.5,-2.2,1938.6053,68.376114,0.1797999999998865,-0.00010000000020227162,-2.2737367544323206e-13,-0.007456000000004792,1.8999999994662176e-05,9.000000005698894e-06,4689,0,1,0,1,0,1,0.9000000000000001,2774.387609445629,82.30617726972281,15614.254090530163,2346,0
1046.75,1.3,9.5,-2.2,1938.785,68.36867,0.17970000000013897,-9.999999974752427e-05,4.547473508864641e-13,-0.0074440000000066675,1.1999999998124622e-05,-6.999999996537554e-06,4690,0,1,0,1,0,1,0.9000000000000001,2774.209480558516,82.30320615327223,15616.580632623225,2347,0
1047.75,1.3,9.5,-2.2,1938.9646,68.36124,0.1795999999999367,-0.00010000000020227162,-4.547473508864641e-13,-0.0074299999999993815,1.4000000007285962e-05,2.00000000916134e-06,4691,0,1,0,1,0,1,0.9000000000000001,2774.0314658780903,82.30023471973571,15618.907390236296,2348,0
1046.25,1.3,9.5,-2.2,1939.144,68.35382,0.1793999999999869,-0.0001999999999497959,-9.999999974752427e-05,-0.007419999999996207,1.0000000003174137e-05,-4.0000000041118255e-06,4692,0,1,0,1,0,1,0.9000000000000001,2773.853565288728,82.29726297144684,15621.234363129375,2349,0
1044.75,1.3,9.5,-2.2,1939.3234,68.34642,0.1793999999999869,0.0,0.0001999999999497959,-0.00740000000000407,1.9999999992137418e-05,9.999999988963282e-06,4693,0,1,0,1,0,1,0.9000000000000001,2773.6757787175115,82.29429091286748,15623.561551302462,2350,0
1045.0,1.3,9.5,-2.2,1939.5026,68.33904,0.1792000000000371,-0.0001999999999497959,-0.0001999999999497959,-0.007379999999997722,2.0000000006348273e-05,1.4210854715202004e-14,4694,0,1,0,1,0,1,0.9000000000000001,2773.498106048988,82.2913185484558,15625.888954515558,2351,0
1043.75,1.3,9.5,-2.2,1939.6818,68.33167,0.1792000000000371,0.0,0.0001999999999497959,-0.007369999999994548,1.0000000003174137e-05,-1.0000000003174137e-05,4695,0,1,0,1,0,1,0.9000000000000001,2773.320547210392,82.28834588053662,15628.216572768662,2352,0
1042.25,1.3,9.5,-2.2,1939.8608,68.32432,0.17899999999985994,-0.00020000000017716957,-0.00020000000017716957,-0.00735000000000241,1.9999999992137418e-05,9.999999988963282e-06,4696,0,1,0,1,0,1,0.9000000000000001,2773.143102086438,82.28537291356186,15630.544405821776,2353,0
1041.75,1.3,9.5,-2.2,1940.0397,68.31698,0.1789000000001124,-9.999999974752427e-05,0.0001000000004296453,-0.007339999999999236,1.0000000003174137e-05,-9.999999988963282e-06,4697,0,1,0,1,0,1,0.9000000000000001,2772.965770583227,82.282399649851,15632.872453554897,2354,0
1042.25,1.3,9.5,-2.2,1940.2185,68.309654,0.17879999999991014,-0.00010000000020227162,-4.547473508864641e-13,-0.007326000000006161,1.3999999993075107e-05,3.999999989900971e-06,4698,0,1,0,1,0,1,0.9000000000000001,2772.7885526069376,82.27942609257289,15635.200715848028,2355,0
1042.75,1.3,9.5,-2.2,1940.3972,68.302345,0.17870000000016262,-9.999999974752427e-05,4.547473508864641e-13,-0.007308999999992238,1.7000000013922545e-05,3.0000000208474376e-06,4699,0,1,0,1,0,1,0.9000000000000001,2772.61144806383,82.27645224553191,15637.529192581167,2356,0
1044.75,1.3,9.5,-2.2,1940.5759,68.29505,0.17869999999993524,-2.2737367544323206e-13,9.99999995201506e-05,-0.007294999999999163,1.3999999993075107e-05,-3.0000000208474376e-06,4700,0,1,0,1,0,1,0.9000000000000001,2772.4344568815145,82.27347811189108,15639.857883754315,2357,0
1045.75,1.3,9.5,-2.2,1940.7544,68.28777,0.17849999999998545,-0.0001999999999497959,-0.00019999999972242222,-0.007280000000008613,1.499999999055035e-05,9.999999974752427e-07,4701,0,1,0,1,0,1,0.9000000000000001,2772.25757894513,82.2705036950234,15642.18678912747,2358,0
1044.75,1.3,9.5,-2.2,1940.9329,68.28051,0.17849999999998545,0.0,0.0001999999999497959,-0.007259999999988054,2.0000000020559128e-05,5.000000030008778e-06,4702,0,1,0,1,0,1,0.9000000000000001,2772.080814182437,82.26752899936211,15644.515908700636,2359,0
1044.75,1.3,9.5,-2.2,1941.1112,68.27326,0.17830000000003565,-0.0001999999999497959,-0.0001999999999497959,-0.007250000000013301,9.999999974752427e-06,-1.00000000458067e-05,4703,0,1,0,1,0,1,0.9000000000000001,2771.9041624787415,82.26455402721088,15646.845242233809,2360,0
1045.25,1.3,9.5,-2.2,1941.2896,68.26604,0.17840000000001055,9.999999997489795e-05,0.00029999999992469384,-0.007219999999989568,3.0000000023733264e-05,2.0000000048980837e-05,4704,0,1,0,1,0,1,0.9000000000000001,2771.7276237832093,82.26157878512221,15649.174789846991,2361,0
1045.75,1.3,9.5,-2.2,1941.4677,68.25882,0.17809999999985848,-0.0003000000001520675,-0.00040000000012696546,-0.007220000000003779,-1.4210854715202004e-14,-3.000000003794412e-05,4705,0,1,0,1,0,1,0.9000000000000001,2771.551197960051,82.25860327326816,15651.504551180182,2362,0
1045.75,1.3,9.5,-2.2,1941.6458,68.25162,0.17810000000008586,2.2737367544323206e-13,0.0003000000003794412,-0.007199999999997431,2.0000000006348273e-05,2.0000000020559128e-05,4706,0,1,0,1,0,1,0.9000000000000001,2771.3748849373274,82.25562749606968,15653.83452623338,2363,0
1044.75,1.3,9.5,-2.2,1941.8239,68.24443,0.17810000000008586,0.0,-2.2737367544323206e-13,-0.007190000000008467,9.999999988963282e-06,-1.0000000017384991e-05,4707,0,1,0,1,0,1,0.9000000000000001,2771.1986846431605,82.25265145581989,15656.16471500659,2364,0
1044.75,1.3,9.5,-2.2,1942.0017,68.23727,0.1777999999999338,-0.0003000000001520675,-0.0003000000001520675,-0.007159999999998945,3.000000000952241e-05,2.0000000020559128e-05,4708,0,1,0,1,0,1,0.9000000000000001,2771.0225969420258,82.24967515905712,15658.495117139804,2365,0
1044.75,1.3,9.5,-2.2,1942.1796,68.23011,0.1778999999999087,9.999999997489795e-05,0.00040000000012696546,-0.007159999999998945,0.0,-3.000000000952241e-05,4709,0,1,0,1,0,1,0.9000000000000001,2770.84662178344,82.2466986059448,15660.82573275303,2366,0
1044.5,1.3,9.5,-2.2,1942.3574,68.22298,0.17780000000016116,-9.999999974752427e-05,-0.00019999999972242222,-0.007129999999989423,3.000000000952241e-05,3.000000000952241e-05,4710,0,1,0,1,0,1,0.9000000000000001,2770.6707590745063,82.24372180301422,15663.156561726262,2367,0
1043.25,1.3,9.5,-2.2,1942.5352,68.21585,0.1777999999999338,-2.2737367544323206e-13,9.99999995201506e-05,-0.007130000000003633,-1.4210854715202004e-14,-3.0000000023733264e-05,4711,0,1,0,1,0,1,0.9000000000000001,2770.495008743633,82.24074475042445,15665.487604059505,2368,0
1044.75,1.3,9.5,-2.4,1942.7128,68.20875,0.177599999999984,-0.0001999999999497959,-0.00019999999972242222,-0.007100000000008322,2.9999999995311555e-05,3.000000000952241e-05,4712,0,1,0,1,0,1,1.0999999999999999,2770.319370676851,82.23776745469976,15667.818859512754,2369,0
1045.25,1.3,9.5,-2.4,1942.8904,68.20165,0.177599999999984,0.0,0.0001999999999497959,-0.007099999999994111,1.4210854715202004e-14,-2.99999999811007e-05,4713,0,1,0,1,0,1,1.0999999999999999,2770.143844802715,82.23478991599491,15670.150328086012,2370,0
1045.25,1.3,9.5,-2.4,1943.0679,68.19458,0.1775000000000091,-9.999999997489795e-05,-9.999999997489795e-05,-0.0070699999999987995,2.9999999995311555e-05,2.99999999811007e-05,4714,0,1,0,1,0,1,1.0999999999999999,2769.968431028632,82.23181214082715,15672.48200965928,2371,0
1044.25,1.3,9.5,-2.4,1943.2454,68.18752,0.1775000000000091,0.0,9.999999997489795e-05,-0.007059999999995625,1.0000000003174137e-05,-1.9999999992137418e-05,4715,0,1,0,1,0,1,1.0999999999999999,2769.793129283291,82.22883413146734,15674.813904232557,2372,0
1044.0,1.3,9.5,-2.4,1943.4227,68.18048,0.1773000000000593,-0.0001999999999497959,-0.0001999999999497959,-0.007040000000003488,1.9999999992137418e-05,9.999999988963282e-06,4716,0,1,0,1,0,1,1.0999999999999999,2769.6179394530423,82.22585589230444,15677.146011565841,2373,0
1044.75,1.3,9.5,-2.4,1943.6001,68.173454,0.1774000000000342,9.999999997489795e-05,0.00029999999992469384,-0.007025999999996202,1.4000000007285962e-05,-5.999999984851456e-06,4717,0,1,0,1,0,1,1.0999999999999999,2769.4428614879184,82.22287742645189,15679.478331779133,2374,0
1045.0,1.3,9.5,-2.4,1943.7773,68.16644,0.17719999999985703,-0.00020000000017716957,-0.0003000000001520675,-0.007014000000012288,1.1999999983913767e-05,-2.000000023372195e-06,4718,0,1,0,1,0,1,1.0999999999999999,2769.2678952744222,82.21989873659673,15681.810864632434,2375,0
1046.25,1.3,9.5,-2.4,1943.9546,68.159454,0.1773000000000593,0.00010000000020227162,0.0003000000003794412,-0.006985999999997716,2.8000000014571924e-05,1.6000000030658157e-05,4719,0,1,0,1,0,1,1.0999999999999999,2769.093040762712,82.21691982881356,15684.143610245745,2376,0
1044.75,1.3,9.5,-2.4,1944.1318,68.15247,0.1772000000000844,-9.999999997489795e-05,-0.00020000000017716957,-0.006984000000002766,1.9999999949504854e-06,-2.600000001962144e-05,4720,0,1,0,1,0,1,1.0999999999999999,2768.9182978606227,82.21394070366448,15686.476568499063,2377,0
1043.75,1.3,9.5,-2.4,1944.309,68.145515,0.17719999999985703,-2.2737367544323206e-13,9.999999974752427e-05,-0.006954999999990719,2.9000000012047167e-05,2.700000001709668e-05,4721,0,1,0,1,0,1,1.0999999999999999,2768.743666497247,82.21096136742906,15688.809739392389,2378,0
1043.75,1.3,9.5,-2.4,1944.486,68.138565,0.1770000000001346,-0.00019999999972242222,-0.00019999999949504854,-0.006950000000003342,4.9999999873762135e-06,-2.4000000024670953e-05,4722,0,1,0,1,0,1,1.0999999999999999,2768.56914655939,82.20798182130002,15691.143122685724,2379,0
1042.25,1.3,9.5,-2.4,1944.6631,68.13164,0.17709999999988213,9.999999974752427e-05,0.0002999999994699465,-0.006924999999995407,2.500000000793534e-05,2.0000000020559128e-05,4723,0,1,0,1,0,1,1.0999999999999999,2768.3947379974597,82.2050020707028,15693.476718499069,2380,0
1040.75,1.3,9.5,-2.4,1944.8401,68.124725,0.17699999999990723,-9.999999997489795e-05,-0.00019999999972242222,-0.006915000000006444,9.999999988963282e-06,-1.500000001897206e-05,4724,0,1,0,1,0,1,1.0999999999999999,2768.220440719577,82.2020221178836,15695.810526712421,2381,0
1042.75,1.3,9.5,-2.4,1945.017,68.11783,0.1769000000001597,-9.999999974752427e-05,2.2737367544323206e-13,-0.0068950000000000955,2.0000000006348273e-05,1.0000000017384991e-05,4725,0,1,0,1,0,1,1.0999999999999999,2768.04625463394,82.19904196720272,15698.144547205782,2382,0
1043.0,1.3,9.5,-2.4,1945.194,68.110954,0.17699999999990723,9.999999974752427e-05,0.00019999999949504854,-0.0068759999999912225,1.900000000887303e-05,-9.999999974752427e-07,4726,0,1,0,1,0,1,1.0999999999999999,2767.8721796911364,82.19606162280516,15700.47878009915,2383,0
1043.25,1.3,9.5,-2.4,1945.3708,68.10409,0.17679999999995744,-0.0001999999999497959,-0.00029999999969732016,-0.006864000000007309,1.1999999983913767e-05,-7.000000024959263e-06,4727,0,1,0,1,0,1,1.0999999999999999,2767.698215778342,82.19308108735194,15702.81322515253,2384,0
1042.25,1.3,9.5,-2.4,1945.5476,68.097244,0.1768000000001848,2.2737367544323206e-13,0.00020000000017716957,-0.006845999999995911,1.8000000011397788e-05,6.00000002748402e-06,4728,0,1,0,1,0,1,1.0999999999999999,2767.5243628251214,82.19010036477056,15705.147882365914,2385,0
1041.25,1.3,9.5,-2.4,1945.7245,68.090416,0.17689999999993233,9.999999974752427e-05,9.99999995201506e-05,-0.006827999999998724,1.7999999997186933e-05,-1.4210854715202004e-14,4729,0,1,0,1,0,1,1.0999999999999999,2767.350620782241,82.1871194589852,15707.48275185931,2386,0
1042.25,1.3,9.5,-2.4,1945.9012,68.083595,0.17669999999998254,-0.0001999999999497959,-0.00029999999969732016,-0.006821000000002186,6.999999996537554e-06,-1.100000000064938e-05,4730,0,1,0,1,0,1,1.0999999999999999,2767.176989537096,82.18413837159163,15709.817833392714,2387,0
1039.75,1.3,9.5,-2.4,1946.078,68.076805,0.17679999999995744,9.999999997489795e-05,0.00029999999992469384,-0.0067900000000094,3.09999999927868e-05,2.3999999996249244e-05,4731,0,1,0,1,0,1,1.0999999999999999,2767.003469040575,82.18115710925613,15712.153127086125,2388,0
1038.75,1.3,9.5,-2.4,1946.2548,68.07002,0.17679999999995744,0.0,-9.999999997489795e-05,-0.006784999999993602,5.000000015797923e-06,-2.5999999976988875e-05,4732,0,1,0,1,0,1,1.0999999999999999,2766.8300592224805,82.178175673146,15714.488632939545,2389,0
1039.25,1.3,9.5,-2.4,1946.4315,68.06326,0.17669999999998254,-9.999999997489795e-05,-9.999999997489795e-05,-0.006759999999999877,2.4999999993724487e-05,1.9999999977926564e-05,4733,0,1,0,1,0,1,1.0999999999999999,2766.6567599915506,82.1751940686523,15716.824350832974,2390,0
1040.25,1.3,9.5,-2.4,1946.6082,68.05651,0.17669999999998254,0.0,9.999999997489795e-05,-0.006749999999996703,1.0000000003174137e-05,-1.499999999055035e-05,4734,0,1,0,1,0,1,1.0999999999999999,2766.4835712777194,82.17221229799367,15719.160280766411,2391,0
1039.75,1.3,9.5,-2.4,1946.7849,68.04978,0.1767000000002099,2.2737367544323206e-13,2.2737367544323206e-13,-0.006730000000004566,1.9999999992137418e-05,9.999999988963282e-06,4735,0,1,0,1,0,1,1.0999999999999999,2766.3104930109794,82.16923036549831,15721.496422739856,2392,0
1040.75,1.3,9.5,-2.4,1946.9615,68.043076,0.17659999999978027,-0.0001000000004296453,-0.00010000000065701897,-0.006703999999999155,2.6000000005410584e-05,6.000000013273166e-06,4736,0,1,0,1,0,1,1.0999999999999999,2766.137525100274,82.16624827675744,15723.832776633311,2393,0
1041.25,1.3,9.5,-2.4,1947.1382,68.03638,0.1767000000002099,0.0001000000004296453,0.0002000000008592906,-0.006696000000005142,7.999999994012796e-06,-1.8000000011397788e-05,4737,0,1,0,1,0,1,1.0999999999999999,2765.964667496834,82.16326603355847,15726.169342566773,2394,0
1041.5,1.3,9.5,-2.4,1947.3148,68.0297,0.17660000000000764,-0.00010000000020227162,-0.00020000000063191692,-0.006679999999988695,1.6000000016447302e-05,8.000000022434506e-06,4738,0,1,0,1,0,1,1.0999999999999999,2765.7919201097275,82.16028363937541,15728.506120420245,2395,0
1042.25,1.3,9.5,-2.4,1947.4915,68.02303,0.17669999999998254,9.999999997489795e-05,0.00020000000017716957,-0.006669999999999732,9.999999988963282e-06,-6.00000002748402e-06,4739,0,1,0,1,0,1,1.0999999999999999,2765.6192828902954,82.1573010964135,15730.843110313725,2396,0
1042.25,1.3,9.5,-2.4,1947.6681,68.016396,0.17660000000000764,-9.999999997489795e-05,-0.0001999999999497959,-0.006634000000005358,3.5999999994373866e-05,2.6000000005410584e-05,4740,0,1,0,1,0,1,1.0999999999999999,2765.4467557477324,82.15431841236025,15733.180312127211,2397,0
1040.25,1.3,9.5,-2.4,1947.8447,68.009766,0.17660000000000764,0.0,9.999999997489795e-05,-0.006630000000001246,4.0000000041118255e-06,-3.199999999026204e-05,4741,0,1,0,1,0,1,1.0999999999999999,2765.2743386124,82.15133558814847,15735.51772586071,2398,0
1040.0,1.3,9.5,-2.4,1948.0214,68.00316,0.17669999999998254,9.999999997489795e-05,9.999999997489795e-05,-0.006606000000004997,2.3999999996249244e-05,1.9999999992137418e-05,4742,0,1,0,1,0,1,1.0999999999999999,2765.1020314358,82.14835262892684,15737.855351634214,2399,0
1039.25,1.3,9.5,-2.4,1948.198,67.99656,0.17660000000000764,-9.999999997489795e-05,-0.0001999999999497959,-0.006599999999991724,6.000000013273166e-06,-1.7999999982976078e-05,4743,0,1,0,1,0,1,1.0999999999999999,2764.9298341273184,82.14536953604554,15740.193189327727,2400,0
1038.25,1.3,9.5,-2.4,1948.3745,67.98999,0.17649999999980537,-0.00010000000020227162,-2.2737367544323206e-13,-0.006569999999996412,2.9999999995311555e-05,2.399999998203839e-05,4744,0,1,0,1,0,1,1.0999999999999999,2764.7577465964173,82.1423863159115,15742.53123882125,2401,0
1039.25,1.3,9.5,-2.4,1948.5511,67.98343,0.17660000000000764,0.00010000000020227162,0.00020000000040454324,-0.006560000000007449,9.999999988963282e-06,-2.0000000006348273e-05,4745,0,1,0,1,0,1,1.0999999999999999,2764.5857687947746,82.13940297071217,15744.86950023478,2402,0
1039.25,1.3,9.5,-2.4,1948.7278,67.97689,0.17669999999998254,9.999999997489795e-05,-2.2737367544323206e-13,-0.0065400000000011005,2.0000000006348273e-05,1.0000000017384991e-05,4746,0,1,0,1,0,1,1.0999999999999999,2764.4139006741098,82.13641950473983,15747.207973688319,2403,0
1039.75,1.3,9.5,-2.4,1948.9044,67.97037,0.17660000000000764,-9.999999997489795e-05,-0.0001999999999497959,-0.006519999999994752,2.0000000006348273e-05,0.0,4747,0,1,0,1,0,1,1.0999999999999999,2764.242142144061,82.13343592228306,15749.546659061865,2404,0
1041.25,1.3,9.5,-2.4,1949.0812,67.96386,0.1768000000001848,0.00020000000017716957,0.0003000000001520675,-0.006510000000005789,9.999999988963282e-06,-1.0000000017384991e-05,4748,0,1,0,1,0,1,1.0999999999999999,2764.070493177511,82.13045222552115,15751.885556595422,2405,0
1041.25,1.3,9.5,-2.4,1949.2578,67.95737,0.17660000000000764,-0.00020000000017716957,-0.00040000000035433914,-0.006489999999999441,2.0000000006348273e-05,1.0000000017384991e-05,4749,0,1,0,1,0,1,1.0999999999999999,2763.898953663158,82.12746841873684,15754.224666048987,2406,0
1041.25,1.3,9.5,-2.4,1949.4344,67.9509,0.17660000000000764,0.0,0.00020000000017716957,-0.006469999999993092,2.0000000006348273e-05,0.0,4750,0,1,0,1,0,1,1.0999999999999999,2763.727523531888,82.12448450620921,15756.56398742256,2407,0
1040.75,1.3,9.5,-2.4,1949.6112,67.94444,0.17679999999995744,0.0001999999999497959,0.0001999999999497959,-0.006460000000004129,9.999999988963282e-06,-1.0000000017384991e-05,4751,0,1,0,1,0,1,1.0999999999999999,2763.556202756734,82.12150049010943,15758.90352095614,2408,0
1040.75,1.3,9.5,-2.4,1949.7878,67.93801,0.17660000000000764,-0.0001999999999497959,-0.0003999999998995918,-0.006429999999994607,3.000000000952241e-05,2.0000000020559128e-05,4752,0,1,0,1,0,1,1.0999999999999999,2763.3849912265937,82.11851637681464,15761.24326640973,2409,0
1042.25,1.3,9.5,-2.4,1949.9646,67.93159,0.17679999999995744,0.0001999999999497959,0.0003999999998995918,-0.006420000000005643,9.999999988963282e-06,-2.0000000020559128e-05,4753,0,1,0,1,0,1,1.0999999999999999,2763.213888914598,82.1155321684897,15763.583224023329,2410,0
1043.25,1.3,9.5,-2.4,1950.1414,67.92519,0.17679999999995744,0.0,-0.0001999999999497959,-0.006399999999999295,2.0000000006348273e-05,1.0000000017384991e-05,4754,0,1,0,1,0,1,1.0999999999999999,2763.04289575184,82.11254786940063,15765.923393796935,2411,0
1043.0,1.3,9.5,-2.4,1950.3182,67.91881,0.17679999999995744,0.0,0.0,-0.006380000000007158,1.9999999992137418e-05,-1.4210854715202004e-14,4755,0,1,0,1,0,1,1.0999999999999999,2762.87201166947,82.10956348380992,15768.263775730551,2412,0
1043.25,1.3,9.5,-2.4,1950.495,67.912445,0.17679999999995744,0.0,0.0,-0.006364999999988186,1.500000001897206e-05,-4.999999973165359e-06,4756,0,1,0,1,0,1,1.0999999999999999,2762.7012365986966,82.10657901492537,15770.604369824174,2413,0
1043.0,1.3,9.5,-2.4,1950.6719,67.9061,0.1769000000001597,0.00010000000020227162,0.00010000000020227162,-0.006345000000010259,1.9999999977926564e-05,4.999999958954504e-06,4757,0,1,0,1,0,1,1.0999999999999999,2762.5305704918032,82.10359446700295,15772.945176197807,2414,0
1042.25,1.3,9.5,-2.4,1950.8488,67.899765,0.17689999999993233,-2.2737367544323206e-13,-0.0001000000004296453,-0.006334999999992874,1.0000000017384991e-05,-9.999999960541572e-06,4758,0,1,0,1,0,1,1.0999999999999999,2762.360013280101,82.10060984219373,15775.286194851447,2415,0
1040.75,1.3,9.5,-2.4,1951.0258,67.893456,0.17699999999990723,9.999999997489795e-05,0.00010000000020227162,-0.006309000000001674,2.599999999119973e-05,1.5999999973814738e-05,4759,0,1,0,1,0,1,1.0999999999999999,2762.1895649159665,82.0976251460084,15777.627425905097,2416,0
1040.5,1.3,9.5,-2.4,1951.2026,67.88716,0.1768000000001848,-0.00019999999972242222,-0.00029999999969732016,-0.0062960000000060745,1.2999999995599865e-05,-1.2999999995599865e-05,4760,0,1,0,1,0,1,1.0999999999999999,2762.019225288805,82.09464038122243,15779.968869118755,2417,0
1040.25,1.3,9.5,-2.4,1951.3796,67.88088,0.17699999999990723,0.00019999999972242222,0.00039999999944484443,-0.006279999999989627,1.6000000016447302e-05,3.0000000208474376e-06,4761,0,1,0,1,0,1,1.0999999999999999,2761.8489943721124,82.09165555123897,15782.31052473242,2418,0
1039.25,1.3,9.5,-2.4,1951.5568,67.874626,0.1772000000000844,0.00020000000017716957,4.547473508864641e-13,-0.0062539999999984275,2.599999999119973e-05,9.999999974752427e-06,4762,0,1,0,1,0,1,1.0999999999999999,2761.678872139408,82.08867066155784,15784.652392986096,2419,0
1039.25,1.3,9.5,-2.4,1951.7338,67.86839,0.17699999999990723,-0.00020000000017716957,-0.00040000000035433914,-0.0062360000000012406,1.7999999997186933e-05,-7.999999994012796e-06,4763,0,1,0,1,0,1,1.0999999999999999,2761.508858480269,82.08568571599497,15786.99447363978,2420,0
1039.75,1.3,9.5,-2.4,1951.9109,67.86217,0.1771000000001095,0.00010000000020227162,0.0003000000003794412,-0.006219999999999004,1.6000000002236447e-05,-1.9999999949504854e-06,4764,0,1,0,1,0,1,1.0999999999999999,2761.338953347324,82.08270071794334,15789.33676681347,2421,0
1041.75,1.3,9.5,-2.4,1952.0881,67.855965,0.17719999999985703,9.999999974752427e-05,-4.547473508864641e-13,-0.006205000000008454,1.499999999055035e-05,-1.0000000116860974e-06,4765,0,1,0,1,0,1,1.0999999999999999,2761.1691566932436,82.0797156705833,15791.67927262717,2422,0
1041.75,1.3,9.5,-2.4,1952.2654,67.84978,0.1773000000000593,0.00010000000020227162,4.547473508864641e-13,-0.0061850000000021055,2.0000000006348273e-05,5.000000015797923e-06,4766,0,1,0,1,0,1,1.0999999999999999,2760.9994684707362,82.07673057814138,15794.02199120088,2423,0
1041.25,1.3,9.5,-2.4,1952.4426,67.84361,0.1772000000000844,-9.999999997489795e-05,-0.00020000000017716957,-0.006169999999997344,1.5000000004761205e-05,-5.000000001587068e-06,4767,0,1,0,1,0,1,1.0999999999999999,2760.8298885906042,82.07374544379195,15796.364922414597,2424,0
1042.75,1.3,9.5,-2.4,1952.62,67.83746,0.17739999999980682,0.00019999999972242222,0.00029999999969732016,-0.006150000000005207,1.9999999992137418e-05,4.9999999873762135e-06,4768,0,1,0,1,0,1,1.0999999999999999,2760.66041702663,82.07076027175508,15798.708066508323,2425,0
1041.75,1.3,9.5,-2.4,1952.7975,67.83134,0.1775000000000091,0.00010000000020227162,-9.99999995201506e-05,-0.0061199999999956844,3.000000000952241e-05,1.0000000017384991e-05,4769,0,1,0,1,0,1,1.0999999999999999,2760.4910537316564,82.06777506834382,15801.051423602057,2426,0
1041.75,1.3,9.5,-2.4,1952.9749,67.825226,0.1774000000000342,-9.999999997489795e-05,-0.00020000000017716957,-0.006113999999996622,5.999999999062311e-06,-2.40000000104601e-05,4770,0,1,0,1,0,1,1.0999999999999999,2760.3217986166424,82.06478983483547,15803.3949935758,2427,0
1042.0,1.3,9.5,-2.4,1953.1525,67.81913,0.177599999999984,0.0001999999999497959,0.00029999999992469384,-0.006095999999999435,1.7999999997186933e-05,1.1999999998124622e-05,4771,0,1,0,1,0,1,1.0999999999999999,2760.1526516554904,82.06180457502096,15805.73877666955,2428,0
1042.25,1.3,9.5,-2.4,1953.3301,67.81306,0.177599999999984,0.0,-0.0001999999999497959,-0.0060700000000082355,2.599999999119973e-05,7.999999994012796e-06,4772,0,1,0,1,0,1,1.0999999999999999,2759.9836127802223,82.05881929436414,15808.08277288331,2429,0
1040.75,1.3,9.5,-2.4,1953.5077,67.80701,0.17760000000021137,2.2737367544323206e-13,2.2737367544323206e-13,-0.006049999999987676,2.0000000020559128e-05,-5.9999999706406015e-06,4773,0,1,0,1,0,1,1.0999999999999999,2759.814681922916,82.05583399706745,15810.426982217079,2430,0
1039.75,1.3,9.5,-2.4,1953.6854,67.800964,0.1776999999999589,9.999999974752427e-05,9.99999995201506e-05,-0.006046000000011986,3.999999975690116e-06,-1.600000004486901e-05,4774,0,1,0,1,0,1,1.0999999999999999,2759.645859036649,82.05284868397906,15812.771404790856,2431,0
1038.75,1.3,9.5,-2.4,1953.8633,67.794945,0.1778999999999087,0.0001999999999497959,0.00010000000020227162,-0.0060189999999948895,2.700000001709668e-05,2.3000000041406565e-05,4775,0,1,0,1,0,1,1.0999999999999999,2759.4771440954773,82.04986336076215,15815.116040844641,2432,0
1037.75,1.3,9.5,-2.4,1954.0411,67.78895,0.1777999999999338,-9.999999997489795e-05,-0.00029999999992469384,-0.00599499999999864,2.3999999996249244e-05,-3.0000000208474376e-06,4776,0,1,0,1,0,1,1.0999999999999999,2759.3085370106764,82.04687803244714,15817.460890258435,2433,0
1038.25,1.3,9.5,-2.4,1954.2191,67.78297,0.17800000000011096,0.00020000000017716957,0.0003000000001520675,-0.005979999999993879,1.5000000004761205e-05,-8.999999991488039e-06,4777,0,1,0,1,0,1,1.0999999999999999,2759.1400377563837,82.04389270217665,15819.805953272238,2434,0
1039.75,1.3,9.5,-2.4,1954.3971,67.77701,0.17799999999988358,-2.2737367544323206e-13,-0.00020000000040454324,-0.005960000000001742,1.9999999992137418e-05,4.9999999873762135e-06,4778,0,1,0,1,0,1,1.0999999999999999,2758.971646264909,82.04090737413685,15822.151229886049,2435,0
1040.25,1.3,9.5,-2.4,1954.5752,67.77106,0.17810000000008586,0.00010000000020227162,0.0001000000004296453,-0.0059499999999985675,1.0000000003174137e-05,-9.999999988963282e-06,4779,0,1,0,1,0,1,1.0999999999999999,2758.8033624895397,82.03792205041842,15824.49672021987,2436,0
1037.25,1.3,9.5,-2.4,1954.7534,67.76514,0.17820000000006075,9.999999997489795e-05,-2.2737367544323206e-13,-0.005920000000003256,2.9999999995311555e-05,1.9999999992137418e-05,4780,0,1,0,1,0,1,1.0999999999999999,2758.6351863836016,82.03493673729345,15826.842424393697,2437,0
1037.75,1.3,9.5,-2.4,1954.9318,67.75923,0.17840000000001055,0.0001999999999497959,9.999999997489795e-05,-0.005910000000000082,1.0000000003174137e-05,-1.9999999992137418e-05,4781,0,1,0,1,0,1,1.0999999999999999,2758.467117921372,82.03195143684651,15829.188342647534,2438,0
1038.25,1.3,9.5,-2.4,1955.1101,67.75334,0.17830000000003565,-9.999999997489795e-05,-0.00029999999992469384,-0.0058900000000079444,1.9999999992137418e-05,9.999999988963282e-06,4782,0,1,0,1,0,1,1.0999999999999999,2758.2991570144263,82.0289661532511,15831.534474861379,2439,0
1039.25,1.3,9.5,-2.4,1955.2886,67.747475,0.17849999999998545,0.0001999999999497959,0.00029999999992469384,-0.005865000000000009,2.500000000793534e-05,5.000000015797923e-06,4783,0,1,0,1,0,1,1.0999999999999999,2758.131303637124,82.02598089172241,15833.880821275232,2440,0
1039.25,1.3,9.5,-2.4,1955.4672,67.74163,0.17859999999996035,9.999999997489795e-05,-9.999999997489795e-05,-0.005844999999993661,2.0000000006348273e-05,-5.000000001587068e-06,4784,0,1,0,1,0,1,1.0999999999999999,2757.9635577429467,82.02299565642633,15836.227382009096,2441,0
1040.75,1.3,9.5,-2.4,1955.6458,67.735794,0.17859999999996035,0.0,-9.999999997489795e-05,-0.005836000000002173,8.999999991488039e-06,-1.1000000014860234e-05,4785,0,1,0,1,0,1,1.0999999999999999,2757.7959192645217,82.0200104492269,15838.574157062965,2442,0
1041.75,1.3,9.5,-2.4,1955.8245,67.72999,0.17869999999993524,9.999999997489795e-05,9.999999997489795e-05,-0.0058039999999977,3.2000000004472895e-05,2.3000000012984856e-05,4786,0,1,0,1,0,1,1.0999999999999999,2757.628388155421,82.01702527679132,15840.921146556846,2443,0
1040.75,1.3,9.5,-2.4,1956.0033,67.7242,0.17880000000013752,0.00010000000020227162,2.2737367544323206e-13,-0.005790000000004625,1.3999999993075107e-05,-1.8000000011397788e-05,4787,0,1,0,1,0,1,1.0999999999999999,2757.4609643692565,82.01404014202173,15843.268350610733,2444,0
1041.25,1.3,9.5,-2.4,1956.1823,67.71842,0.17899999999985994,0.00019999999972242222,9.99999995201506e-05,-0.005780000000001451,1.0000000003174137e-05,-3.999999989900971e-06,4788,0,1,0,1,0,1,1.0999999999999999,2757.2936478805595,82.01105504698266,15845.61576946463,2445,0
1043.75,1.3,9.5,-2.4,1956.3613,67.71267,0.1790000000000873,2.2737367544323206e-13,-0.00019999999949504854,-0.005749999999991928,3.000000000952241e-05,2.0000000006348273e-05,4789,0,1,0,1,0,1,1.0999999999999999,2757.1264386221296,82.00806999791232,15847.963403118536,2446,0
1044.0,1.3,9.5,-2.4,1956.5405,67.70694,0.1792000000000371,0.0001999999999497959,0.00019999999972242222,-0.005729999999999791,1.9999999992137418e-05,-1.0000000017384991e-05,4790,0,1,0,1,0,1,1.0999999999999999,2756.9593365685664,82.00508499895638,15850.31125181245,2447,0
1042.75,1.3,9.5,-2.4,1956.7197,67.701225,0.1792000000000371,0.0,-0.0001999999999497959,-0.0057150000000092405,1.499999999055035e-05,-5.000000001587068e-06,4791,0,1,0,1,0,1,1.0999999999999999,2756.7923416527547,82.0021000532137,15852.659315546372,2448,0
1043.25,1.3,9.5,-2.4,1956.8992,67.695526,0.1794999999999618,0.00029999999992469384,0.00029999999992469384,-0.005698999999992793,1.6000000016447302e-05,1.0000000258969521e-06,4792,0,1,0,1,0,1,1.0999999999999999,2756.6254538702274,81.99911516398915,15855.007594680304,2449,0
1043.75,1.3,9.5,-2.4,1957.0786,67.68985,0.1793999999999869,-9.999999997489795e-05,-0.0003999999998995918,-0.005675999999994019,2.2999999998774e-05,6.999999982326699e-06,4793,0,1,0,1,0,1,1.0999999999999999,2756.4586731330833,81.99613033604506,15857.356089094243,2450,0
1043.25,1.3,9.5,-2.4,1957.2582,67.6842,0.1795999999999367,0.0001999999999497959,0.00029999999992469384,-0.005650000000002819,2.599999999119973e-05,2.999999992425728e-06,4794,0,1,0,1,0,1,1.0999999999999999,2756.2919994160584,81.99314557476538,15859.704799028192,2451,0
1043.75,1.3,9.5,-2.4,1957.4379,67.67856,0.1796999999999116,9.999999997489795e-05,-9.999999997489795e-05,-0.005639999999999645,1.0000000003174137e-05,-1.5999999988025593e-05,4795,0,1,0,1,0,1,1.0999999999999999,2756.125432673061,81.99016088219349,15862.053724602149,2452,0
1043.75,1.3,9.5,-2.4,1957.6177,67.67294,0.17980000000011387,0.00010000000020227162,2.2737367544323206e-13,-0.005620000000007508,1.9999999992137418e-05,9.999999988963282e-06,4796,0,1,0,1,0,1,1.0999999999999999,2755.9589728580363,81.9871762624557,15864.402865936114,2453,0
1044.75,1.3,9.5,-2.4,1957.7977,67.66734,0.18000000000006366,0.0001999999999497959,9.999999974752427e-05,-0.00560000000000116,2.0000000006348273e-05,1.4210854715202004e-14,4797,0,1,0,1,0,1,1.0999999999999999,2755.7926199458107,81.98419171967487,15866.752223270089,2454,0
1045.25,1.3,9.5,-2.4,1957.9778,67.661766,0.1800999999998112,9.999999974752427e-05,-0.00010000000020227162,-0.005573999999995749,2.6000000005410584e-05,5.999999999062311e-06,4798,0,1,0,1,0,1,1.0999999999999999,2755.626373890394,81.98120725922067,15869.101796724071,2455,0
1044.25,1.3,9.5,-2.4,1958.158,67.65621,0.18020000000001346,0.00010000000020227162,4.547473508864641e-13,-0.005555999999998562,1.7999999997186933e-05,-8.000000008223651e-06,4799,0,1,0,1,0,1,1.0999999999999999,2755.460234645833,81.97822288479166,15871.451586418063,2456,0
1042.25,1.3,9.5,-2.4,1958.3383,67.65067,0.18029999999998836,9.999999997489795e-05,-2.2737367544323206e-13,-0.005539999999996326,1.6000000002236447e-05,-1.9999999949504854e-06,4800,0,1,0,1,0,1,1.0999999999999999,2755.2942021662157,81.97523859966672,15873.801592472064,2457,0
1040.75,1.3,9.5,-2.4,1958.5188,67.64516,0.18050000000016553,0.00020000000017716957,0.00010000000020227162,-0.005510000000001014,2.9999999995311555e-05,1.3999999993075107e-05,4801,0,1,0,1,0,1,1.0999999999999999,2755.128276426489,81.97225441003748,15876.151815126072,2458,0
1042.25,1.3,9.5,-2.4,1958.6993,67.639656,0.18049999999993815,-2.2737367544323206e-13,-0.00020000000040454324,-0.005504000000001952,5.999999999062311e-06,-2.3999999996249244e-05,4802,0,1,0,1,0,1,1.0999999999999999,2754.9624573599835,81.96927031709349,15878.50225438009,2459,0
1040.75,1.3,9.5,-2.6,1958.88,67.63418,0.18070000000011532,0.00020000000017716957,0.00020000000040454324,-0.005476000000001591,2.800000000036107e-05,2.200000000129876e-05,4803,0,1,0,1,0,1,1.3,2754.796744941715,81.96628632660283,15880.852910474116,2460,0
1040.75,1.3,9.5,-2.6,1959.0609,67.628716,0.18089999999983775,0.00019999999972242222,-4.547473508864641e-13,-0.005464000000003466,1.1999999998124622e-05,-1.6000000002236447e-05,4804,0,1,0,1,0,1,1.3,2754.6311391467225,81.96330244099896,15883.20378364815,2461,0
1040.75,1.3,9.5,-2.6,1959.242,67.623276,0.18110000000001492,0.00020000000017716957,4.547473508864641e-13,-0.005439999999993006,2.40000000104601e-05,1.2000000012335477e-05,4805,0,1,0,1,0,1,1.3,2754.4656399500623,81.96031866521015,15885.554874142195,2462,0
1040.75,1.3,9.5,-2.6,1959.4231,67.61786,0.18110000000001492,0.0,-0.00020000000017716957,-0.005416000000010968,2.399999998203839e-05,-2.842170943040401e-14,4806,0,1,0,1,0,1,1.3,2754.300247285209,81.95733500416061,15887.906181956247,2463,0
1039.75,1.3,9.5,-2.6,1959.6044,67.612465,0.1812999999999647,0.0001999999999497959,0.0001999999999497959,-0.005394999999992933,2.100000001803437e-05,-2.9999999640040187e-06,4807,0,1,0,1,0,1,1.3,2754.134961127288,81.95435146214642,15890.257707330307,2464,0
1037.75,1.3,9.5,-2.6,1959.7858,67.607086,0.18140000000016698,0.00010000000020227162,-9.999999974752427e-05,-0.005379000000004908,1.5999999988025593e-05,-5.000000030008778e-06,4808,0,1,0,1,0,1,1.3,2753.969781430651,81.95136804242047,15892.609450384378,2465,0
1037.75,1.3,9.5,-2.6,1959.9674,67.60172,0.1815999999998894,0.00019999999972242222,9.99999995201506e-05,-0.005365999999995097,1.300000000981072e-05,-2.9999999782148734e-06,4809,0,1,0,1,0,1,1.3,2753.804708170478,81.94838474760914,15894.961411358456,2466,0
1037.75,1.3,9.5,-2.6,1960.149,67.59639,0.1815999999998894,0.0,-0.00019999999972242222,-0.005330000000000723,3.5999999994373866e-05,2.2999999984563146e-05,4810,0,1,0,1,0,1,1.3,2753.639741280399,81.94540158511744,15897.313590252543,2467,0
1038.75,1.3,9.5,-2.6,1960.3309,67.59107,0.18190000000004147,0.0003000000001520675,0.0003000000001520675,-0.005319999999997549,1.0000000003174137e-05,-2.599999999119973e-05,4811,0,1,0,1,0,1,1.3,2753.4748807564424,81.94241855694098,15899.665987426639,2468,0
1038.75,1.3,9.5,-2.6,1960.5131,67.58577,0.18219999999996617,0.00029999999992469384,-2.2737367544323206e-13,-0.0053000000000054115,1.9999999992137418e-05,9.999999988963282e-06,4812,0,1,0,1,0,1,1.3,2753.3101265946393,81.93943566715146,15902.018603240744,2469,0
1037.25,1.3,9.5,-2.6,1960.6952,67.58049,0.18210000000021864,-9.999999974752427e-05,-0.0003999999996722181,-0.005279999999999063,2.0000000006348273e-05,1.4210854715202004e-14,4813,0,1,0,1,0,1,1.3,2753.145478707935,81.9364529198172,15904.371437574857,2470,0
1037.75,1.3,9.5,-2.6,1960.8776,67.57523,0.18239999999991596,0.00029999999969732016,0.00039999999944484443,-0.005259999999992715,2.0000000006348273e-05,0.0,4814,0,1,0,1,0,1,1.3,2752.9809370924195,81.93347031900312,15906.72449078898,2471,0
1037.75,1.3,9.5,-2.6,1961.06,67.57,0.18239999999991596,0.0,-0.00029999999969732016,-0.005230000000011614,2.99999999811007e-05,9.999999974752427e-06,4815,0,1,0,1,0,1,1.3,2752.8165016818934,81.93048787084717,15909.077762883111,2472,0
1037.75,1.3,9.5,-2.6,1961.2428,67.56478,0.18280000000004293,0.00040000000012696546,0.00040000000012696546,-0.005219999999994229,1.0000000017384991e-05,-1.999999996371571e-05,4816,0,1,0,1,0,1,1.3,2752.652172493253,81.92750557733028,15911.43125433725,2473,0
1037.5,1.3,9.5,-2.6,1961.4255,67.559586,0.18270000000006803,-9.999999997489795e-05,-0.0005000000001018634,-0.0051940000000030295,2.599999999119973e-05,1.5999999973814738e-05,4817,0,1,0,1,0,1,1.3,2752.487949439602,81.92452344375259,15913.784965031398,2474,0
1038.25,1.3,9.5,-2.6,1961.6086,67.55441,0.18309999999996762,0.0003999999998995918,0.0004999999998744897,-0.005175999999991632,1.8000000011397788e-05,-7.999999979801942e-06,4818,0,1,0,1,0,1,1.3,2752.323832537871,81.92154147374974,15916.138895445556,2475,0
1037.25,1.3,9.5,-2.6,1961.7917,67.549255,0.18309999999996762,0.0,-0.0003999999998995918,-0.005155000000002019,2.099999998961266e-05,2.9999999782148734e-06,4819,0,1,0,1,0,1,1.3,2752.1598217219916,81.91855967157676,15918.493045579722,2476,0
1038.25,1.3,9.5,-2.6,1961.9751,67.54413,0.1834000000001197,0.0003000000001520675,0.0003000000001520675,-0.0051250000000067075,2.9999999995311555e-05,9.000000005698894e-06,4820,0,1,0,1,0,1,1.3,2751.9959169881768,81.915578043352,15920.847415793896,2477,0
1038.75,1.3,9.5,-2.6,1962.1587,67.53901,0.1835999999998421,0.00019999999972242222,-0.0001000000004296453,-0.00511999999999091,5.000000015797923e-06,-2.4999999979513632e-05,4821,0,1,0,1,0,1,1.3,2751.8321183119037,81.91259659000414,15923.20200632808,2478,0
1037.75,1.3,9.5,-2.6,1962.3424,67.53392,0.18370000000004438,0.00010000000020227162,-9.99999995201506e-05,-0.005090000000009809,2.99999999811007e-05,2.4999999965302777e-05,4822,0,1,0,1,0,1,1.3,2751.668425647937,81.90961531764462,15925.556817302273,2479,0
1036.75,1.3,9.5,-2.6,1962.5262,67.52885,0.18380000000001928,9.999999997489795e-05,-2.2737367544323206e-13,-0.00506999999998925,2.0000000020559128e-05,-9.999999960541572e-06,4823,0,1,0,1,0,1,1.3,2751.504838951078,81.90663423030679,15927.911848836473,2480,0
1036.25,1.3,9.5,-2.6,1962.7103,67.523796,0.18409999999994398,0.00029999999992469384,0.0001999999999497959,-0.005054000000001224,1.5999999988025593e-05,-4.000000032533535e-06,4824,0,1,0,1,0,1,1.3,2751.3413582176167,81.9036533311917,15930.267101290683,2481,0
1036.0,1.3,9.5,-2.6,1962.8945,67.51877,0.18420000000014625,0.00010000000020227162,-0.00019999999972242222,-0.005026000000000863,2.800000000036107e-05,1.2000000012335477e-05,4825,0,1,0,1,0,1,1.3,2751.1779834024032,81.90067262598426,15932.622574784902,2482,0
1034.75,1.3,9.5,-2.6,1963.079,67.513756,0.18449999999984357,0.00029999999969732016,0.00019999999949504854,-0.0050140000000027385,1.1999999998124622e-05,-1.6000000002236447e-05,4826,0,1,0,1,0,1,1.3,2751.0147145017613,81.89769211704993,15934.97826967913,2483,0
1035.25,1.4,9.5,-2.6,1963.2637,67.508766,0.18470000000002074,0.00020000000017716957,-9.99999995201506e-05,-0.004990000000006489,2.3999999996249244e-05,1.1999999998124622e-05,4827,0,1,0,1,0,1,1.2000000000000002,2750.8515514913006,81.89471180923778,15937.334186213368,2484,0
1037.25,1.4,9.5,-2.6,1963.4485,67.5038,0.18479999999999563,9.999999997489795e-05,-0.00010000000020227162,-0.004965999999996029,2.40000000104601e-05,1.4210854715202004e-14,4828,0,1,0,1,0,1,1.2000000000000002,2750.6884943259474,81.89173170739284,15939.690324507614,2485,0
1037.25,1.4,9.5,-2.6,1963.6334,67.498856,0.18489999999997053,9.999999997489795e-05,0.0,-0.00494399999999473,2.200000000129876e-05,-2.00000000916134e-06,4829,0,1,0,1,0,1,1.2000000000000002,2750.5255429606627,81.88875181594203,15942.046684681867,2486,0
1036.75,1.4,9.5,-2.6,1963.8186,67.49393,0.1852000000001226,0.0003000000001520675,0.00020000000017716957,-0.0049259999999975435,1.7999999997186933e-05,-4.0000000041118255e-06,4830,0,1,0,1,0,1,1.2000000000000002,2750.3626973918444,81.88577213848065,15944.40326709613,2487,0
1037.75,1.4,9.5,-2.6,1964.004,67.48903,0.18539999999984502,0.00019999999972242222,-0.0001000000004296453,-0.004900000000006344,2.599999999119973e-05,7.999999994012796e-06,4831,0,1,0,1,0,1,1.2000000000000002,2750.1999575951986,81.88279268025663,15946.760071990402,2488,0
1035.25,1.4,9.5,-2.6,1964.1897,67.484146,0.1856999999999971,0.0003000000001520675,0.0001000000004296453,-0.004884000000004107,1.6000000002236447e-05,-9.999999988963282e-06,4832,0,1,0,1,0,1,1.2000000000000002,2750.0373235671427,81.87981344444444,15949.117099724685,2489,0
1035.5,1.4,9.5,-2.6,1964.3755,67.47928,0.18580000000019936,0.00010000000020227162,-0.0001999999999497959,-0.0048659999999927095,1.8000000011397788e-05,2.00000000916134e-06,4833,0,1,0,1,0,1,1.2000000000000002,2749.8747952627223,81.87683443462971,15951.474350418974,2490,0
1037.75,1.4,9.5,-2.6,1964.5614,67.47444,0.18589999999994689,9.999999974752427e-05,-4.547473508864641e-13,-0.00484000000000151,2.599999999119973e-05,7.999999979801942e-06,4834,0,1,0,1,0,1,1.2000000000000002,2749.7123726370214,81.87385565604964,15953.831824193272,2491,0
1039.25,1.4,9.5,-2.6,1964.7477,67.46962,0.18629999999984648,0.0003999999998995918,0.0003000000001520675,-0.0048199999999951615,2.0000000006348273e-05,-5.999999984851456e-06,4835,0,1,0,1,0,1,1.2000000000000002,2749.550055707196,81.87087711269643,15956.18952152758,2492,0
1039.75,1.4,9.5,-2.6,1964.9341,67.46482,0.18640000000004875,0.00010000000020227162,-0.00029999999969732016,-0.004800000000003024,1.9999999992137418e-05,-1.4210854715202004e-14,4836,0,1,0,1,0,1,1.2000000000000002,2749.3878444283646,81.86789880855903,15958.547442541898,2493,0
1039.75,1.4,9.5,-2.6,1965.1207,67.460045,0.18659999999999854,0.0001999999999497959,9.999999974752427e-05,-0.0047750000000093,2.4999999993724487e-05,5.000000001587068e-06,4837,0,1,0,1,0,1,1.2000000000000002,2749.225738776354,81.86492074865646,15960.905587476223,2494,0
1037.75,1.4,9.5,-2.6,1965.3075,67.45529,0.18679999999994834,0.0001999999999497959,0.0,-0.0047549999999887405,2.0000000020559128e-05,-4.999999973165359e-06,4838,0,1,0,1,0,1,1.2000000000000002,2749.06373872701,81.86194293697045,15963.263956570558,2495,0
1036.75,1.4,9.5,-2.6,1965.4946,67.45056,0.1871000000001004,0.0003000000001520675,0.00010000000020227162,-0.004730000000009227,2.4999999979513632e-05,4.999999958954504e-06,4839,0,1,0,1,0,1,1.2000000000000002,2748.9018442768597,81.8589653785124,15965.622550184902,2496,0
1036.25,1.4,9.5,-2.6,1965.6819,67.44585,0.1873000000000502,0.0001999999999497959,-0.00010000000020227162,-0.0047100000000028786,2.0000000006348273e-05,-4.999999973165359e-06,4840,0,1,0,1,0,1,1.2000000000000002,2748.7400554017768,81.85598807725677,15967.981368559254,2497,0
1036.5,1.4,9.5,-2.6,1965.8694,67.441154,0.1875,0.0001999999999497959,0.0,-0.004695999999995593,1.4000000007285962e-05,-5.999999999062311e-06,4841,0,1,0,1,0,1,1.2000000000000002,2748.578372077654,81.85301103593557,15970.340411933616,2498,0
1036.5,1.4,9.5,-2.6,1966.0571,67.436485,0.1876999999999498,0.0001999999999497959,0.0,-0.004668999999992707,2.7000000002885827e-05,1.2999999995599865e-05,4842,0,1,0,1,0,1,1.2000000000000002,2748.4167942804047,81.85003425996283,15972.699680547987,2499,0
1036.75,1.4,9.5,-2.6,1966.245,67.43184,0.1878999999998996,0.0001999999999497959,0.0,-0.004645000000010668,2.399999998203839e-05,-3.0000000208474376e-06,4843,0,1,0,1,0,1,1.2000000000000002,2748.255321985962,81.84705775412881,15975.059174642367,2500,0
1037.0,1.4,9.5,-2.6,1966.4332,67.427216,0.18820000000005166,0.0003000000001520675,0.00010000000020227162,-0.004623999999992634,2.100000001803437e-05,-2.9999999640040187e-06,4844,0,1,0,1,0,1,1.2000000000000002,2748.093955190918,81.84408152260062,15977.418894576756,2501,0
1035.25,1.4,9.5,-2.6,1966.6216,67.422615,0.18840000000000146,0.0001999999999497959,-0.00010000000020227162,-0.004601000000008071,2.2999999984563146e-05,1.999999966528776e-06,4845,0,1,0,1,0,1,1.2000000000000002,2747.932693871234,81.8411055699546,15979.778840591154,2502,0
1035.75,1.4,9.5,-2.6,1966.8102,67.41803,0.18859999999995125,0.0001999999999497959,0.0,-0.0045849999999916236,1.6000000016447302e-05,-6.999999968115844e-06,4846,0,1,0,1,0,1,1.2000000000000002,2747.7715380028885,81.83812989931917,15982.13901292556,2503,0
1035.75,1.4,9.5,-2.6,1966.999,67.41347,0.18880000000012842,0.00020000000017716957,2.2737367544323206e-13,-0.004559999999997899,2.4999999993724487e-05,8.999999977277184e-06,4847,0,1,0,1,0,1,1.2000000000000002,2747.610487561881,81.83515451567656,15984.499411819976,2504,0
1035.5,1.4,9.5,-2.6,1967.1881,67.408936,0.18910000000005311,0.00029999999992469384,9.999999974752427e-05,-0.004534000000006699,2.599999999119973e-05,9.999999974752427e-07,4848,0,1,0,1,0,1,1.2000000000000002,2747.449542544855,81.83217942421118,15986.860037634402,2505,0
1035.5,1.4,9.5,-2.6,1967.3774,67.40442,0.1893000000000029,0.0001999999999497959,-9.999999997489795e-05,-0.0045159999999953016,1.8000000011397788e-05,-7.999999979801942e-06,4849,0,1,0,1,0,1,1.2000000000000002,2747.288702927835,81.82920462845361,15989.220890608836,2506,0
1036.25,1.4,9.5,-2.6,1967.567,67.399925,0.1895999999999276,0.00029999999992469384,9.999999997489795e-05,-0.004495000000005689,2.099999998961266e-05,2.9999999782148734e-06,4850,0,1,0,1,0,1,1.2000000000000002,2747.127968707483,81.82623013255,15991.581971103278,2507,0
1036.0,1.4,9.5,-2.6,1967.7568,67.39545,0.18980000000010477,0.00020000000017716957,-9.999999974752427e-05,-0.004474999999999341,2.0000000006348273e-05,-9.99999983264388e-07,4851,0,1,0,1,0,1,1.2000000000000002,2746.9673398598516,81.82325594043694,15993.94327935773,2508,0
1036.25,1.4,9.5,-2.6,1967.9469,67.391,0.1900999999998021,0.00029999999969732016,9.99999995201506e-05,-0.004449999999991405,2.500000000793534e-05,5.000000001587068e-06,4852,0,1,0,1,0,1,1.2000000000000002,2746.8068163816197,81.8202820570781,15996.304815732192,2509,0
1034.75,1.4,9.5,-2.6,1968.1372,67.38657,0.19029999999997926,0.00020000000017716957,-9.99999995201506e-05,-0.004429999999999268,1.9999999992137418e-05,-5.000000015797923e-06,4853,0,1,0,1,0,1,1.2000000000000002,2746.646398248867,81.81730848640296,15998.666580466663,2510,0
1034.5,1.4,9.5,-2.6,1968.3278,67.382164,0.19060000000013133,0.0003000000001520675,9.999999997489795e-05,-0.004406000000003019,2.3999999996249244e-05,4.0000000041118255e-06,4854,0,1,0,1,0,1,1.2000000000000002,2746.4860854582907,81.81433523316169,16001.028573921143,2511,0
1034.75,1.4,9.5,-2.6,1968.5186,67.377785,0.19080000000008113,0.0001999999999497959,-0.00010000000020227162,-0.004379000000000133,2.7000000002885827e-05,3.000000006636583e-06,4855,0,1,0,1,0,1,1.2000000000000002,2746.3258779859966,81.8113623027183,16003.390796335632,2512,0
1034.75,1.4,9.5,-2.6,1968.7096,67.37342,0.19099999999980355,0.00019999999972242222,-2.2737367544323206e-13,-0.004365000000007058,1.3999999993075107e-05,-1.300000000981072e-05,4856,0,1,0,1,0,1,1.2000000000000002,2746.165775808112,81.80838969775581,16005.75324795013,2513,0
1035.25,1.4,9.5,-2.6,1968.9009,67.36908,0.191300000000183,0.0003000000003794412,0.00010000000065701897,-0.004339999999999122,2.500000000793534e-05,1.1000000014860234e-05,4857,0,1,0,1,0,1,1.2000000000000002,2746.0057789213665,81.80541742321944,16008.115929124637,2514,0
1032.75,1.4,9.5,-2.6,1969.0925,67.36476,0.1915999999998803,0.00029999999969732016,-6.821210263296962e-13,-0.004319999999992774,2.0000000006348273e-05,-5.000000001587068e-06,4858,0,1,0,1,0,1,1.2000000000000002,2745.8458873224945,81.80244548302119,16010.478840219153,2515,0
1032.75,1.4,9.5,-2.6,1969.2843,67.360466,0.19180000000005748,0.00020000000017716957,-9.99999995201506e-05,-0.004294000000001574,2.599999999119973e-05,5.999999984851456e-06,4859,0,1,0,1,0,1,1.2000000000000002,2745.6861009876543,81.79947388230453,16012.841981473679,2516,0
1030.75,1.4,9.5,-2.6,1969.4764,67.3562,0.19209999999998217,0.00029999999992469384,9.999999974752427e-05,-0.004266000000001213,2.800000000036107e-05,2.00000000916134e-06,4860,0,1,0,1,0,1,1.2000000000000002,2745.526419913598,81.79650262662004,16015.205353248213,2517,0
1031.75,1.4,9.5,-2.6,1969.6688,67.351944,0.19239999999990687,0.00029999999992469384,0.0,-0.004255999999998039,1.0000000003174137e-05,-1.7999999997186933e-05,4861,0,1,0,1,0,1,1.2000000000000002,2745.3668440970796,81.7935317178116,16017.568955902758,2518,0
1030.75,1.4,9.5,-2.6,1969.8613,67.34772,0.19250000000010914,0.00010000000020227162,-0.00019999999972242222,-0.004224000000007777,3.199999999026204e-05,2.1999999987087904e-05,4862,0,1,0,1,0,1,1.2000000000000002,2745.207373493728,81.79056116224552,16019.932789557311,2519,0
1030.75,1.4,9.5,-2.6,1970.0543,67.34351,0.19299999999998363,0.0004999999998744897,0.0003999999996722181,-0.004210000000000491,1.4000000007285962e-05,-1.7999999982976078e-05,4863,0,1,0,1,0,1,1.2000000000000002,2745.0480081414476,81.78759096258223,16022.296854811873,2520,0
1030.25,1.4,9.5,-2.6,1970.2474,67.33933,0.19309999999995853,9.999999997489795e-05,-0.0003999999998995918,-0.004179999999990969,3.000000000952241e-05,1.6000000002236447e-05,4864,0,1,0,1,0,1,1.2000000000000002,2744.888747995889,81.78462112476875,16024.661151786446,2521,0
1030.25,1.4,9.5,-2.6,1970.4409,67.335175,0.1935000000000855,0.00040000000012696546,0.0003000000001520675,-0.004154999999997244,2.4999999993724487e-05,-5.000000015797923e-06,4865,0,1,0,1,0,1,1.2000000000000002,2744.7295930743935,81.78165165371969,16027.025680961027,2522,0
1029.75,1.4,9.5,-2.6,1970.6345,67.33104,0.19359999999983302,9.999999974752427e-05,-0.0003000000003794412,-0.004135000000005107,1.9999999992137418e-05,-5.000000001587068e-06,4866,0,1,0,1,0,1,1.2000000000000002,2744.5705433326484,81.77868255331826,16029.390442455617,2523,0
1029.75,1.4,9.5,-2.6,1970.8286,67.32693,0.19410000000016225,0.0005000000003292371,0.0004000000005817128,-0.0041099999999971715,2.500000000793534e-05,5.000000015797923e-06,4867,0,1,0,1,0,1,1.2000000000000002,2744.411598808546,81.77571382847165,16031.755436870217,2524,0
1029.75,1.4,9.5,-2.6,1971.0228,67.32283,0.19419999999990978,9.999999974752427e-05,-0.0004000000005817128,-0.004100000000008208,9.999999988963282e-06,-1.500000001897206e-05,4868,0,1,0,1,0,1,1.2000000000000002,2744.252759457794,81.77274548100226,16034.120664324826,2525,0
1029.75,1.4,9.5,-2.6,1971.2174,67.31876,0.19460000000003674,0.00040000000012696546,0.0003000000003794412,-0.004069999999998686,3.000000000952241e-05,2.0000000020559128e-05,4869,0,1,0,1,0,1,1.2000000000000002,2744.094025297741,81.76977751683778,16036.486125299445,2526,0
1029.25,1.4,9.5,-2.6,1971.4122,67.31472,0.19479999999998654,0.0001999999999497959,-0.00020000000017716957,-0.004040000000003374,2.9999999995311555e-05,-1.4210854715202004e-14,4870,0,1,0,1,0,1,1.2000000000000002,2743.9353963046606,81.76680994190104,16038.851820034073,2527,0
1029.0,1.4,9.5,-2.6,1971.6073,67.31069,0.19509999999991123,0.00029999999992469384,9.999999997489795e-05,-0.0040300000000002,1.0000000003174137e-05,-1.9999999992137418e-05,4871,0,1,0,1,0,1,1.2000000000000002,2743.7768724753696,81.76384275800493,16041.21774888871,2528,0
1028.75,1.4,9.5,-2.6,1971.8027,67.306694,0.1954000000000633,0.0003000000001520675,2.2737367544323206e-13,-0.003996000000000777,3.399999999942338e-05,2.3999999996249244e-05,4872,0,1,0,1,0,1,1.2000000000000002,2743.61845380669,81.76087597188591,16043.583912223356,2529,0
1027.75,1.4,9.5,-2.6,1971.9984,67.30272,0.195699999999988,0.00029999999992469384,-2.2737367544323206e-13,-0.003973999999999478,2.200000000129876e-05,-1.1999999998124622e-05,4873,0,1,0,1,0,1,1.2000000000000002,2743.4601402954454,81.75790958781289,16045.950310398011,2530,0
1027.25,1.4,9.5,-2.6,1972.1945,67.29877,0.19610000000011496,0.00040000000012696546,0.00010000000020227162,-0.003949999999989018,2.40000000104601e-05,2.00000000916134e-06,4874,0,1,0,1,0,1,1.2000000000000002,2743.3019319589744,81.75494361046154,16048.316943892678,2531,0
1027.25,1.4,9.5,-2.6,1972.3907,67.29483,0.19619999999986248,9.999999974752427e-05,-0.0003000000003794412,-0.003940000000000055,9.999999988963282e-06,-1.4000000021496817e-05,4875,0,1,0,1,0,1,1.2000000000000002,2743.1438287530764,81.75197804163248,16050.683812827352,2532,0
1028.25,1.4,9.5,-2.6,1972.5873,67.290924,0.19659999999998945,0.00040000000012696546,0.0003000000003794412,-0.003906000000000631,3.399999999942338e-05,2.40000000104601e-05,4876,0,1,0,1,0,1,1.2000000000000002,2742.985830695099,81.74901288804593,16053.050917682036,2533,0
1028.75,1.4,9.5,-2.6,1972.7842,67.28704,0.19690000000014152,0.0003000000001520675,-9.999999997489795e-05,-0.0038839999999993324,2.200000000129876e-05,-1.1999999998124622e-05,4877,0,1,0,1,0,1,1.2000000000000002,2742.827937781878,81.74604815395654,16055.41825881673,2534,0
1028.75,1.4,9.5,-2.6,1972.9813,67.28318,0.19709999999986394,0.00019999999972242222,-0.0001000000004296453,-0.003860000000003083,2.3999999996249244e-05,1.9999999949504854e-06,4878,0,1,0,1,0,1,1.2000000000000002,2742.670149989752,81.7430838440254,16057.785836471434,2535,0
1028.75,1.4,9.5,-2.6,1973.1788,67.27934,0.1974999999999909,0.00040000000012696546,0.00020000000040454324,-0.003839999999996735,2.0000000006348273e-05,-3.999999989900971e-06,4879,0,1,0,1,0,1,1.2000000000000002,2742.5124673360656,81.74011996209016,16060.153651126146,2536,0
1030.25,1.4,9.5,-2.6,1973.3766,67.27553,0.19780000000014297,0.0003000000001520675,-9.999999997489795e-05,-0.0038100000000014234,2.9999999995311555e-05,9.999999988963282e-06,4880,0,1,0,1,0,1,1.2000000000000002,2742.3548898176605,81.737156514034,16062.521703140868,2537,0
1027.75,1.4,9.5,-2.6,1973.5747,67.271736,0.1980999999998403,0.00029999999969732016,-4.547473508864641e-13,-0.003793999999999187,1.6000000002236447e-05,-1.3999999993075107e-05,4881,0,1,0,1,0,1,1.2000000000000002,2742.1974174313805,81.73419350286768,16064.8899928756,2538,0
1026.75,1.4,9.5,-2.6,1973.7732,67.26797,0.19850000000019463,0.00040000000035433914,0.00010000000065701897,-0.003765999999998826,2.800000000036107e-05,1.1999999998124622e-05,4882,0,1,0,1,0,1,1.2000000000000002,2742.0400501945524,81.73123093405692,16067.258520810341,2539,0
1025.25,1.4,9.5,-2.6,1973.9719,67.26422,0.19869999999991705,0.00019999999972242222,-0.00020000000063191692,-0.0037500000000108002,1.5999999988025593e-05,-1.2000000012335477e-05,4883,0,1,0,1,0,1,1.2000000000000002,2741.8827880835383,81.72826881060605,16069.62728718509,2540,0
1026.25,1.4,9.5,-2.6,1974.1709,67.260506,0.19900000000006912,0.0003000000001520675,0.0001000000004296453,-0.0037139999999880047,3.6000000022795575e-05,2.0000000034769982e-05,4884,0,1,0,1,0,1,1.2000000000000002,2741.7256310951893,81.72530713961106,16071.996292359852,2541,0
1025.25,1.4,9.5,-2.6,1974.3704,67.256805,0.1994999999999436,0.0004999999998744897,0.00019999999972242222,-0.0037010000000066157,1.299999998138901e-05,-2.3000000041406565e-05,4885,0,1,0,1,0,1,1.2000000000000002,2741.5685792672944,81.72234592345477,16074.365536934622,2542,0
1025.25,1.4,9.5,-2.6,1974.57,67.25313,0.1995999999999185,9.999999997489795e-05,-0.0003999999998995918,-0.003675000000001205,2.6000000005410584e-05,1.3000000024021574e-05,4886,0,1,0,1,0,1,1.2000000000000002,2741.41163255576,81.71938516717823,16076.7350210294,2543,0
1025.25,1.4,9.5,-2.6,1974.77,67.24948,0.20000000000004547,0.00040000000012696546,0.0003000000001520675,-0.0036499999999932697,2.500000000793534e-05,-9.999999974752427e-07,4887,0,1,0,1,0,1,1.2000000000000002,2741.254790977905,81.71642487561375,16079.10474512419,2544,0
1025.75,1.4,9.5,-2.6,1974.9703,67.24586,0.20029999999997017,0.00029999999992469384,-0.00010000000020227162,-0.003620000000012169,2.99999999811007e-05,4.999999973165359e-06,4888,0,1,0,1,0,1,1.2000000000000002,2741.098054530579,81.7134650546124,16081.474709578988,2545,0
1026.25,1.4,9.5,-2.6,1975.171,67.24225,0.20070000000009713,0.00040000000012696546,0.00010000000020227162,-0.003609999999994784,1.0000000017384991e-05,-1.999999996371571e-05,4889,0,1,0,1,0,1,1.2000000000000002,2740.9414232310837,81.71050570593046,16083.844914873796,2546,0
1025.75,1.4,9.5,-2.6,1975.372,67.23867,0.20100000000002183,0.00029999999992469384,-0.00010000000020227162,-0.0035799999999994725,2.9999999995311555e-05,1.9999999977926564e-05,4890,0,1,0,1,0,1,1.2000000000000002,2740.7848970762625,81.70754683541199,16086.215361368615,2547,0
1024.25,1.4,9.5,-2.6,1975.5732,67.235115,0.20119999999997162,0.0001999999999497959,-9.999999997489795e-05,-0.003555000000005748,2.4999999993724487e-05,-5.000000001587068e-06,4891,0,1,0,1,0,1,1.2000000000000002,2740.6284760425183,81.70458844787409,16088.586049303442,2548,0
1023.75,1.4,9.5,-2.6,1975.7749,67.23158,0.2016999999998461,0.0004999999998744897,0.00029999999992469384,-0.0035349999999993997,2.0000000006348273e-05,-4.9999999873762135e-06,4892,0,1,0,1,0,1,1.2000000000000002,2740.4721601675865,81.70163054710811,16090.956979278279,2549,0
1022.25,1.4,9.5,-2.6,1975.9769,67.22808,0.20199999999999818,0.0003000000001520675,-0.00019999999972242222,-0.0034999999999882903,3.500000001110948e-05,1.5000000004761205e-05,4893,0,1,0,1,0,1,1.2000000000000002,2740.315949448304,81.69867313996731,16093.328151653126,2550,0
1021.25,1.4,9.5,-2.6,1976.1793,67.224594,0.20240000000012515,0.00040000000012696546,9.999999997489795e-05,-0.003486000000009426,1.3999999978864253e-05,-2.1000000032245225e-05,4894,0,1,0,1,0,1,1.2000000000000002,2740.159843901941,81.6957162290092,16095.699566907982,2551,0
1021.25,1.4,9.5,-2.6,1976.382,67.22113,0.20270000000004984,0.00029999999992469384,-0.00010000000020227162,-0.0034639999999939164,2.2000000015509613e-05,8.00000003664536e-06,4895,0,1,0,1,0,1,1.2000000000000002,2740.003843525327,81.6927598184232,16098.07122540285,2552,0
1021.75,1.4,9.5,-2.6,1976.585,67.2177,0.20299999999997453,0.00029999999992469384,0.0,-0.003430000000008704,3.3999999985212526e-05,1.1999999969702912e-05,4896,0,1,0,1,0,1,1.2000000000000002,2739.847948315295,81.68980391484583,16100.443127497725,2553,0
1022.75,1.4,9.5,-2.6,1976.7883,67.21429,0.20329999999989923,0.00029999999992469384,0.0,-0.0034099999999881447,2.0000000020559128e-05,-1.3999999964653398e-05,4897,0,1,0,1,0,1,1.2000000000000002,2739.692158268681,81.68684852204981,16102.815273552611,2554,0
1023.25,1.4,9.5,-2.6,1976.9921,67.2109,0.2038000000000011,0.0005000000001018634,0.00020000000017716957,-0.003390000000010218,1.9999999977926564e-05,-4.263256414560601e-14,4898,0,1,0,1,0,1,1.2000000000000002,2739.5364734231475,81.68389364380486,16105.187664167506,2555,0
1021.75,1.4,9.5,-2.6,1977.196,67.207535,0.203899999999976,9.999999997489795e-05,-0.00040000000012696546,-0.003365000000002283,2.500000000793534e-05,5.000000030008778e-06,4899,0,1,0,1,0,1,1.2000000000000002,2739.380893734694,81.68093928489796,16107.560299462411,2556,0
1022.25,1.4,9.5,-2.6,1977.4005,67.20419,0.20450000000005275,0.0006000000000767614,0.0005000000001018634,-0.0033449999999959346,2.0000000006348273e-05,-5.000000001587068e-06,4900,0,1,0,1,0,1,1.2000000000000002,2739.225419261375,81.67798544909203,16109.933180157326,2557,0
1023.25,1.4,9.5,-2.6,1977.6052,67.20088,0.20470000000000255,0.0001999999999497959,-0.00040000000012696546,-0.003309999999999036,3.499999999689862e-05,1.499999999055035e-05,4901,0,1,0,1,0,1,1.2000000000000002,2739.0700499796003,81.67503214320685,16112.306306492252,2558,0
1023.25,1.4,9.5,-2.6,1977.8103,67.197586,0.2051000000001295,0.00040000000012696546,0.00020000000017716957,-0.0032939999999967995,1.6000000002236447e-05,-1.8999999994662176e-05,4902,0,1,0,1,0,1,1.2000000000000002,2738.914785906588,81.67207937018152,16114.679678947186,2559,0
1023.0,1.4,9.5,-2.6,1978.0157,67.19432,0.20539999999982683,0.00029999999969732016,-0.0001000000004296453,-0.0032659999999964384,2.800000000036107e-05,1.1999999998124622e-05,4903,0,1,0,1,0,1,1.2000000000000002,2738.7596270391514,81.66912713539968,16117.053297882132,2560,0
1023.75,1.4,9.5,-2.6,1978.2217,67.19108,0.20600000000013097,0.000600000000304135,0.00030000000060681487,-0.0032400000000052387,2.599999999119973e-05,-2.00000000916134e-06,4904,0,1,0,1,0,1,1.2000000000000002,2738.60457343527,81.66617544383281,16119.427164017086,2561,0
1021.25,1.4,9.5,-2.6,1978.4279,67.18786,0.2061999999998534,0.00019999999972242222,-0.0004000000005817128,-0.0032199999999988904,2.0000000006348273e-05,-5.999999984851456e-06,4905,0,1,0,1,0,1,1.2000000000000002,2738.4496250713414,81.66322429922543,16121.80127759205,2562,0
1023.25,1.4,9.5,-2.6,1978.6344,67.18467,0.20650000000000546,0.0003000000001520675,0.0001000000004296453,-0.003190000000003579,2.9999999995311555e-05,9.999999988963282e-06,4906,0,1,0,1,0,1,1.2000000000000002,2738.294781944161,81.66027370735684,16124.175638967024,2563,0
1023.5,1.4,9.5,-2.6,1978.8413,67.1815,0.20690000000013242,0.00040000000012696546,9.999999997489795e-05,-0.0031699999999972306,2.0000000006348273e-05,-9.999999988963282e-06,4907,0,1,0,1,0,1,1.2000000000000002,2738.140044070905,81.65732367196414,16126.55024862201,2564,0
1023.25,1.4,9.5,-2.6,1979.0486,67.17835,0.20730000000003201,0.0003999999998995918,-2.2737367544323206e-13,-0.003150000000005093,1.9999999992137418e-05,-1.4210854715202004e-14,4908,0,1,0,1,0,1,1.2000000000000002,2737.985411468731,81.65437419678142,16128.925107037005,2565,0
1023.25,1.4,9.5,-2.6,1979.2562,67.17524,0.2075999999999567,0.00029999999992469384,-9.999999997489795e-05,-0.0031099999999923966,4.0000000012696546e-05,2.0000000020559128e-05,4909,0,1,0,1,0,1,1.2000000000000002,2737.8308841344196,81.65142528961303,16131.30021457201,2566,0
1024.25,1.4,9.5,-2.6,1979.4644,67.17214,0.20820000000003347,0.0006000000000767614,0.0003000000001520675,-0.0031000000000034333,9.999999988963282e-06,-3.0000000023733264e-05,4910,0,1,0,1,0,1,1.2000000000000002,2737.67646212584,81.64847695214823,16133.675571947022,2567,0
1024.75,1.4,9.5,-2.6,1979.6727,67.16907,0.20830000000000837,9.999999997489795e-05,-0.0005000000001018634,-0.003069999999993911,3.000000000952241e-05,2.0000000020559128e-05,4911,0,1,0,1,0,1,1.2000000000000002,2737.522145399023,81.64552919014658,16136.051179282047,2568,0
1025.0,1.4,9.5,-2.6,1979.8815,67.16602,0.20879999999988286,0.0004999999998744897,0.0003999999998995918,-0.0030500000000017735,1.9999999992137418e-05,-1.0000000017384991e-05,4912,0,1,0,1,0,1,1.2000000000000002,2737.3679339914515,81.64258200732749,16138.427037177082,2569,0
1025.0,1.4,9.5,-2.6,1980.0907,67.163,0.20920000000000982,0.00040000000012696546,-9.999999974752427e-05,-0.003020000000006462,2.9999999995311555e-05,1.0000000003174137e-05,4913,0,1,0,1,0,1,1.2000000000000002,2737.2138279202277,81.6396354094424,16140.803146112126,2570,0
1025.0,1.5,9.5,-2.6,1980.3003,67.16,0.2096000000001368,0.00040000000012696546,0.0,-0.0030000000000001137,2.0000000006348273e-05,-9.999999988963282e-06,4914,0,1,0,1,0,1,1.1,2737.0598272024413,81.63668940020347,16143.17950656718,2571,0
1025.75,1.5,9.5,-2.6,1980.5103,67.157036,0.209999999999809,0.0003999999996722181,-4.547473508864641e-13,-0.002963999999991529,3.600000000858472e-05,1.6000000002236447e-05,4915,0,1,0,1,0,1,1.1,2736.9059318551667,81.63374398657446,16145.556119022245,2572,0
1025.75,1.5,9.5,-2.6,1980.7206,67.15409,0.21030000000018845,0.0003000000003794412,-9.999999929277692e-05,-0.002946000000008553,1.7999999982976078e-05,-1.8000000025608642e-05,4916,0,1,0,1,0,1,1.1,2736.752141875127,81.63079917185276,16147.93298383732,2573,0
1026.75,1.5,9.5,-2.6,1980.9313,67.15117,0.21069999999986067,0.0003999999996722181,9.999999929277692e-05,-0.0029200000000031423,2.6000000005410584e-05,8.000000022434506e-06,4917,0,1,0,1,0,1,1.1,2736.598457279382,81.62785496095974,16150.310101492403,2574,0
1028.25,1.5,9.5,-2.6,1981.1423,67.14827,0.21100000000001273,0.0003000000001520675,-9.99999995201506e-05,-0.002899999999996794,2.0000000006348273e-05,-5.999999999062311e-06,4918,0,1,0,1,0,1,1.1,2736.444878064647,81.624911357593,16152.6874723475,2575,0
1028.75,1.5,9.5,-2.6,1981.3539,67.1454,0.2116000000000895,0.0006000000000767614,0.00029999999992469384,-0.0028700000000014825,2.9999999995311555e-05,9.999999988963282e-06,4919,0,1,0,1,0,1,1.1,2736.291404288618,81.62196836747967,16155.065097122604,2576,0
1028.75,1.5,9.5,-2.6,1981.5658,67.142555,0.2119000000000142,0.00029999999992469384,-0.0003000000001520675,-0.002844999999993547,2.500000000793534e-05,-4.9999999873762135e-06,4920,0,1,0,1,0,1,1.1,2736.138035947978,81.61902599532615,16157.44297617772,2577,0
1028.25,1.5,9.5,-2.6,1981.7781,67.13973,0.21229999999991378,0.0003999999998995918,9.999999997489795e-05,-0.0028250000000014097,1.9999999992137418e-05,-5.000000015797923e-06,4921,0,1,0,1,0,1,1.1,2735.9847730597317,81.61608424481918,16159.821109992845,2578,0
1027.25,1.5,9.5,-2.6,1981.9907,67.13693,0.21260000000006585,0.0003000000001520675,-9.999999974752427e-05,-0.0027999999999934744,2.500000000793534e-05,5.000000015797923e-06,4922,0,1,0,1,0,1,1.1,2735.8316156205565,81.61314312065814,16162.19949892798,2579,0
1028.75,1.5,9.5,-2.6,1982.2039,67.13416,0.21319999999991524,0.0005999999998493877,0.00029999999969732016,-0.0027700000000123737,2.99999999811007e-05,4.999999973165359e-06,4923,0,1,0,1,0,1,1.1,2735.6785636880586,81.61020262855402,16164.578143703126,2580,0
1028.25,1.5,9.5,-2.6,1982.4174,67.13142,0.2135000000000673,0.0003000000001520675,-0.00029999999969732016,-0.0027399999999886404,3.0000000023733264e-05,4.263256414560601e-14,4924,0,1,0,1,0,1,1.1,2735.525617258883,81.6072627742132,16166.957044678282,2581,0
1027.25,1.5,9.5,-2.6,1982.6313,67.1287,0.2138999999999669,0.0003999999998995918,9.999999974752427e-05,-0.002720000000010714,1.9999999977926564e-05,-1.00000000458067e-05,4925,0,1,0,1,0,1,1.1,2735.3727763499796,81.60432356130735,16169.336202333448,2582,0
1027.25,1.5,9.5,-2.6,1982.8456,67.12601,0.21430000000009386,0.00040000000012696546,2.2737367544323206e-13,-0.0026900000000011914,3.000000000952241e-05,1.0000000031595846e-05,4926,0,1,0,1,0,1,1.1,2735.2200409782827,81.60138499553481,16171.715617148624,2583,0
1027.0,1.5,9.5,-2.6,1983.0604,67.12334,0.21479999999996835,0.0004999999998744897,9.999999974752427e-05,-0.002669999999994843,2.0000000006348273e-05,-1.0000000003174137e-05,4927,0,1,0,1,0,1,1.1,2735.0674111810063,81.59844708056006,16174.095289723811,2584,0
1025.75,1.5,9.5,-2.6,1983.2755,67.12069,0.21509999999989304,0.00029999999992469384,-0.0001999999999497959,-0.0026500000000027057,1.9999999992137418e-05,-1.4210854715202004e-14,4928,0,1,0,1,0,1,1.1,2734.9148869547575,81.59550982004464,16176.475220419008,2585,0
1025.25,1.5,9.5,-2.6,1983.4911,67.11807,0.2155999999999949,0.0005000000001018634,0.00020000000017716957,-0.0026199999999931833,3.000000000952241e-05,1.0000000017384991e-05,4929,0,1,0,1,0,1,1.1,2734.762468336714,81.59257321967546,16178.855409834216,2586,0
1024.25,1.5,9.5,-2.6,1983.707,67.11548,0.21590000000014697,0.0003000000001520675,-0.0001999999999497959,-0.0025899999999978718,2.9999999995311555e-05,-1.4210854715202004e-14,4930,0,1,0,1,0,1,1.1,2734.6101553234635,81.58963728513486,16181.235858329434,2587,0
1024.25,1.5,9.5,-2.6,1983.9235,67.11291,0.21649999999999636,0.0005999999998493877,0.00029999999969732016,-0.0025700000000057344,1.9999999992137418e-05,-1.0000000003174137e-05,4931,0,1,0,1,0,1,1.1,2734.4579479724252,81.58670202007299,16183.616566624663,2588,0
1025.25,1.5,9.5,-2.6,1984.1404,67.11037,0.21689999999989595,0.0003999999998995918,-0.0001999999999497959,-0.002539999999996212,3.000000000952241e-05,1.0000000017384991e-05,4932,0,1,0,1,0,1,1.1,2734.305846300426,81.5837674301642,16185.997535199902,2589,0
1024.75,1.5,9.5,-2.6,1984.3575,67.10785,0.21710000000007312,0.00020000000017716957,-0.00019999999972242222,-0.0025200000000040745,1.9999999992137418e-05,-1.0000000017384991e-05,4933,0,1,0,1,0,1,1.1,2734.1538502837457,81.58083351905148,16188.37876429515,2590,0
1024.75,1.5,9.5,-2.6,1984.5753,67.10536,0.2177999999998974,0.0006999999998242856,0.0004999999996471161,-0.002489999999994552,3.000000000952241e-05,1.0000000017384991e-05,4934,0,1,0,1,0,1,1.1,2734.00196,81.57790029240121,16190.76025475041,2591,0
1026.75,1.5,9.5,-2.6,1984.7933,67.1029,0.21800000000007458,0.00020000000017716957,-0.0004999999996471161,-0.0024599999999992406,2.9999999995311555e-05,-1.4210854715202004e-14,4935,0,1,0,1,0,1,1.1,2733.8501754254457,81.5749677558752,16193.14200680568,2592,0
1027.25,1.5,9.5,-2.6,1985.012,67.10046,0.21869999999989886,0.0006999999998242856,0.0004999999996471161,-0.002440000000007103,1.9999999992137418e-05,-1.0000000003174137e-05,4936,0,1,0,1,0,1,1.1,2733.6984966376344,81.57203591310513,16195.52402130096,2593,0
1027.0,1.5,9.5,-2.6,1985.231,67.098045,0.21900000000005093,0.0003000000001520675,-0.0003999999996722181,-0.002414999999999168,2.500000000793534e-05,5.000000015797923e-06,4937,0,1,0,1,0,1,1.1,2733.54692363305,81.56910476873227,16197.906298596252,2594,0
1026.25,1.5,9.5,-2.6,1985.4503,67.09566,0.21929999999997563,0.00029999999992469384,-2.2737367544323206e-13,-0.0023850000000038563,2.9999999995311555e-05,4.9999999873762135e-06,4938,0,1,0,1,0,1,1.1,2733.3954564081796,81.56617432840656,16200.288839051553,2595,0
1025.75,1.5,9.5,-2.6,1985.6702,67.09329,0.2199000000000524,0.0006000000000767614,0.0003000000001520675,-0.002369999999999095,1.5000000004761205e-05,-1.499999999055035e-05,4939,0,1,0,1,0,1,1.1,2733.2440950202426,81.56324459473684,16202.671643386866,2596,0
1024.75,1.5,9.5,-2.6,1985.8905,67.09096,0.22029999999995198,0.0003999999998995918,-0.00020000000017716957,-0.0023300000000006094,3.999999999848569e-05,2.4999999993724487e-05,4940,0,1,0,1,0,1,1.1,2733.0928394859343,81.5603155753896,16205.054712082188,2597,0
1024.25,1.5,9.5,-2.6,1986.1112,67.088646,0.22070000000007894,0.00040000000012696546,2.2737367544323206e-13,-0.002313999999998373,1.6000000002236447e-05,-2.3999999996249244e-05,4941,0,1,0,1,0,1,1.1,2732.9416898219342,81.55738727316876,16207.438045617522,2598,0
1023.75,1.5,9.5,-2.6,1986.3324,67.086365,0.22119999999995343,0.0004999999998744897,9.999999974752427e-05,-0.0022809999999964248,3.300000000194814e-05,1.699999999971169e-05,4942,0,1,0,1,0,1,1.1,2732.7906460651425,81.5544596943152,16209.821644592867,2599,0
1023.75,1.5,9.5,-2.6,1986.5541,67.08411,0.2217000000000553,0.0005000000001018634,2.2737367544323206e-13,-0.002255000000005225,2.599999999119973e-05,-7.000000010748408e-06,4943,0,1,0,1,0,1,1.1,2732.639708252427,81.55153284364887,16212.20550960822,2600,0
1024.75,1.5,9.5,-2.6,1986.7761,67.08188,0.22199999999998,0.00029999999992469384,-0.00020000000017716957,-0.0022299999999972897,2.500000000793534e-05,-9.99999983264388e-07,4944,0,1,0,1,0,1,1.1,2732.488876380182,81.54860672578361,16214.589641023586,2601,0
1023.75,1.5,9.5,-2.6,1986.9987,67.07967,0.22260000000005675,0.0006000000000767614,0.0003000000001520675,-0.0022100000000051523,1.9999999992137418e-05,-5.000000015797923e-06,4945,0,1,0,1,0,1,1.1,2732.338150505459,81.54568134431864,16216.974039558962,2602,0
1023.25,1.5,9.5,-2.6,1987.2217,67.07749,0.22299999999995634,0.0003999999998995918,-0.00020000000017716957,-0.00217999999999563,3.000000000952241e-05,1.0000000017384991e-05,4946,0,1,0,1,0,1,1.1,2732.187530644835,81.54275670487164,16219.358705694349,2603,0
1024.25,1.5,9.5,-2.6,1987.4451,67.07534,0.22339999999985594,0.0003999999998995918,0.0,-0.0021500000000003183,2.9999999995311555e-05,-1.4210854715202004e-14,4947,0,1,0,1,0,1,1.1,2732.0370168148747,81.53983281305578,16221.743639909746,2604,0
1023.75,1.5,9.5,-2.6,1987.6691,67.07321,0.22400000000016007,0.000600000000304135,0.00020000000040454324,-0.00212999999999397,2.0000000006348273e-05,-9.999999988963282e-06,4948,0,1,0,1,0,1,1.1,2731.8866090725396,81.53690967245909,16224.128842925153,2605,0
1022.75,1.5,9.5,-2.6,1987.8934,67.07111,0.2242999999998574,0.00029999999969732016,-0.00030000000060681487,-0.0020999999999986585,2.9999999995311555e-05,9.999999988963282e-06,4949,0,1,0,1,0,1,1.1,2731.7363074141413,81.53398728868686,16226.514315100572,2606,0
1022.75,1.5,9.5,-2.6,1988.1182,67.06904,0.22479999999995925,0.0005000000001018634,0.00020000000040454324,-0.002070000000003347,2.9999999995311555e-05,0.0,4950,0,1,0,1,0,1,1.1,2731.5861118763887,81.53106566733993,16228.900057036002,2607,0
1023.0,1.5,9.5,-2.6,1988.3435,67.06699,0.22530000000006112,0.0005000000001018634,0.0,-0.0020499999999969987,2.0000000006348273e-05,-9.999999988963282e-06,4951,0,1,0,1,0,1,1.1,2731.436022495961,81.52814481199515,16231.286069331443,2608,0
1023.75,1.5,9.5,-2.6,1988.5692,67.06497,0.2256999999999607,0.0003999999998995918,-0.00010000000020227162,-0.002020000000001687,2.9999999995311555e-05,9.999999988963282e-06,4952,0,1,0,1,0,1,1.1,2731.2860392893194,81.5252247282455,16233.672352466894,2609,0
1023.75,1.5,9.5,-2.6,1988.7955,67.06297,0.22630000000003747,0.0006000000000767614,0.00020000000017716957,-0.001999999999995339,2.0000000006348273e-05,-9.999999988963282e-06,4953,0,1,0,1,0,1,1.1,2731.136162313282,81.52230541966088,16236.058907162356,2610,0
1023.75,1.5,9.5,-2.6,1989.0222,67.06101,0.22670000000016444,0.00040000000012696546,-0.0001999999999497959,-0.001960000000011064,3.9999999984274837e-05,1.9999999977926564e-05,4954,0,1,0,1,0,1,1.1,2730.9863915842584,81.51938689384461,16238.44573389783,2611,0
1023.75,1.6,9.5,-2.6,1989.2494,67.05907,0.22719999999981155,0.0004999999996471161,9.99999995201506e-05,-0.0019399999999905049,2.0000000020559128e-05,-1.999999996371571e-05,4955,0,1,0,1,0,1,1.0,2730.836727138822,81.51646915435835,16240.832833273313,2612,0
1023.5,1.6,9.5,-2.6,1989.477,67.05715,0.2276000000001659,0.00040000000035433914,-9.999999929277692e-05,-0.0019200000000125783,1.9999999977926564e-05,-4.263256414560601e-14,4956,0,1,0,1,0,1,1.0,2730.6871689933428,81.51355220476094,16243.220205768808,2613,0
1023.75,1.6,9.5,-2.6,1989.7052,67.05527,0.22820000000001528,0.0005999999998493877,0.00019999999949504854,-0.0018799999999998818,4.0000000012696546e-05,2.0000000034769982e-05,4957,0,1,0,1,0,1,1.0,2730.5377172045182,81.5106360526422,16245.607852104315,2614,0
1023.25,1.6,9.5,-2.6,1989.9338,67.053406,0.22859999999991487,0.0003999999998995918,-0.0001999999999497959,-0.0018639999999976453,1.6000000002236447e-05,-2.40000000104601e-05,4958,0,1,0,1,0,1,1.0,2730.388371788667,81.50772070074612,16247.99577275983,2615,0
1021.75,1.6,9.5,-2.6,1990.163,67.051575,0.22919999999999163,0.0006000000000767614,0.00020000000017716957,-0.0018309999999956972,3.300000000194814e-05,1.699999999971169e-05,4959,0,1,0,1,0,1,1.0,2730.239132802419,81.50480615524194,16250.383968455359,2616,0
1023.25,1.6,9.5,-2.6,1990.3925,67.04977,0.22949999999991633,0.00029999999992469384,-0.0003000000001520675,-0.0018050000000044975,2.599999999119973e-05,-7.000000010748408e-06,4960,0,1,0,1,0,1,1.0,2730.0900002418866,81.50189242088288,16252.772439550898,2617,0
1023.75,1.6,9.5,-2.6,1990.6226,67.04798,0.2300999999999931,0.0006000000000767614,0.0003000000001520675,-0.0017899999999997362,1.5000000004761205e-05,-1.0999999986438525e-05,4961,0,1,0,1,0,1,1.0,2729.9409741636437,81.49897950020154,16255.161186766447,2618,0
1023.75,1.6,9.5,-2.6,1990.8531,67.04623,0.23050000000012005,0.00040000000012696546,-0.0001999999999497959,-0.0017500000000012506,3.999999999848569e-05,2.4999999993724487e-05,4962,0,1,0,1,0,1,1.0,2729.792054583921,81.49606740076567,16257.550210582009,2619,0
1024.0,1.6,9.5,-2.6,1991.0842,67.0445,0.23109999999996944,0.0005999999998493877,0.00019999999972242222,-0.0017299999999949023,2.0000000006348273e-05,-1.9999999992137418e-05,4963,0,1,0,1,0,1,1.0,2729.6432415592267,81.49315612610798,16259.93951171758,2620,0
1022.75,1.6,9.5,-2.6,1991.3158,67.0428,0.2316000000000713,0.0005000000001018634,-9.999999974752427e-05,-0.0016999999999995907,2.9999999995311555e-05,9.999999988963282e-06,4964,0,1,0,1,0,1,1.0,2729.494535125881,81.49024568177241,16262.329090773164,2621,0
1024.25,1.6,9.5,-2.6,1991.5479,67.04113,0.2320999999999458,0.0004999999998744897,-2.2737367544323206e-13,-0.0016700000000042792,2.9999999995311555e-05,0.0,4965,0,1,0,1,0,1,1.0,2729.345935320177,81.48733607329842,16264.718948348758,2622,0
1027.75,1.6,9.5,-2.6,1991.7804,67.03949,0.23250000000007276,0.00040000000012696546,-9.999999974752427e-05,-0.0016399999999947568,3.000000000952241e-05,1.4210854715202004e-14,4966,0,1,0,1,0,1,1.0,2729.1974421582445,81.48442730622105,16267.109084924363,2623,0
1028.0,1.6,9.5,-2.6,1992.0134,67.03787,0.23299999999994725,0.0004999999998744897,9.999999974752427e-05,-0.0016200000000026193,1.9999999992137418e-05,-1.0000000017384991e-05,4967,0,1,0,1,0,1,1.0,2729.0490556763284,81.48151938405796,16269.49950109998,2624,0
1027.25,1.6,9.5,-2.6,1992.247,67.03628,0.233600000000024,0.0006000000000767614,0.00010000000020227162,-0.001589999999993097,3.000000000952241e-05,1.0000000017384991e-05,4968,0,1,0,1,0,1,1.0,2728.900775930771,81.47861231233648,16271.890197595607,2625,0
1026.25,1.6,9.5,-2.6,1992.481,67.03471,0.2339999999999236,0.0003999999998995918,-0.00020000000017716957,-0.0015700000000009595,1.9999999992137418e-05,-1.0000000017384991e-05,4969,0,1,0,1,0,1,1.0,2728.752602937626,81.47570609456741,16274.281174891246,2626,0
1026.25,1.6,9.5,-2.6,1992.7156,67.03318,0.23460000000000036,0.0006000000000767614,0.00020000000017716957,-0.0015300000000024738,3.999999999848569e-05,2.0000000006348273e-05,4970,0,1,0,1,0,1,1.0,2728.6045367531683,81.47280073828203,16276.672433706897,2627,0
1025.75,1.6,9.5,-2.6,1992.9507,67.03167,0.23510000000010223,0.0005000000001018634,-9.999999997489795e-05,-0.0015099999999961256,2.0000000006348273e-05,-1.9999999992137418e-05,4971,0,1,0,1,0,1,1.0,2728.456577413516,81.4698962469831,16279.063974642559,2628,0
1024.25,1.6,9.5,-2.6,1993.1863,67.03019,0.23559999999997672,0.0004999999998744897,-2.2737367544323206e-13,-0.001480000000000814,2.9999999995311555e-05,9.999999988963282e-06,4972,0,1,0,1,0,1,1.0,2728.3087249547557,81.46699262618138,16281.455798298231,2629,0
1026.25,1.6,9.5,-2.6,1993.4224,67.02873,0.2360999999998512,0.0004999999998744897,0.0,-0.0014600000000086766,1.9999999992137418e-05,-1.0000000003174137e-05,4973,0,1,0,1,0,1,1.0,2728.160979412947,81.46408987937274,16283.847905273917,2630,0
1026.25,1.6,9.5,-2.6,1993.6589,67.027306,0.23649999999997817,0.00040000000012696546,-9.999999974752427e-05,-0.0014240000000000919,3.600000000858472e-05,1.6000000016447302e-05,4974,0,1,0,1,0,1,1.0,2728.01334080402,81.46118801326634,16286.240296049611,2631,0
1027.25,1.6,9.5,-2.6,1993.8961,67.02591,0.23720000000002983,0.0007000000000516593,0.00029999999992469384,-0.0013959999999997308,2.800000000036107e-05,-8.000000008223651e-06,4975,0,1,0,1,0,1,1.0,2727.86580920418,81.4582870329582,16288.632971465318,2632,0
1027.25,1.6,9.5,-2.6,1994.1338,67.024536,0.2377000000001317,0.0005000000001018634,-0.0001999999999497959,-0.001373999999998432,2.200000000129876e-05,-5.999999999062311e-06,4976,0,1,0,1,0,1,1.0,2727.718384649387,81.45538694233474,16291.025932121038,2633,0
1027.25,1.6,9.5,-2.6,1994.372,67.02319,0.23820000000000618,0.0004999999998744897,-2.2737367544323206e-13,-0.001345999999998071,2.800000000036107e-05,5.999999999062311e-06,4977,0,1,0,1,0,1,1.0,2727.5710671755724,81.45248774648454,16293.419178616767,2634,0
1027.25,1.6,9.5,-2.6,1994.6107,67.02187,0.23869999999988067,0.0004999999998744897,0.0,-0.0013199999999926604,2.6000000005410584e-05,-1.9999999949504854e-06,4978,0,1,0,1,0,1,1.0,2727.4238568186383,81.44958945009039,16295.812711552508,2635,0
1025.75,1.6,9.5,-2.6,1994.85,67.020584,0.23929999999995744,0.0006000000000767614,0.00010000000020227162,-0.0012860000000074479,3.3999999985212526e-05,7.999999979801942e-06,4979,0,1,0,1,0,1,1.0,2727.276753634538,81.44669205943775,16298.20653164826,2636,0
1027.25,1.6,9.5,-2.6,1995.0897,67.019325,0.2397000000000844,0.00040000000012696546,-0.0001999999999497959,-0.001259000000004562,2.7000000002885827e-05,-6.999999982326699e-06,4980,0,1,0,1,0,1,1.0,2727.129757639028,81.44379557940172,16300.600639384025,2637,0
1029.25,1.6,9.5,-2.6,1995.33,67.01809,0.2402999999999338,0.0005999999998493877,0.00019999999972242222,-0.001234999999994102,2.40000000104601e-05,-2.999999992425728e-06,4981,0,1,0,1,0,1,1.0,2726.9828688879966,81.44090001425131,16302.995035479802,2638,0
1029.5,1.6,9.5,-2.6,1995.5708,67.01689,0.24080000000003565,0.0005000000001018634,-9.999999974752427e-05,-0.0011999999999972033,3.499999999689862e-05,1.0999999986438525e-05,4982,0,1,0,1,0,1,1.0,2726.8360874172186,81.43800537045956,16305.389720535588,2639,0
1027.75,1.6,9.5,-2.6,1995.8123,67.01571,0.2415000000000873,0.0007000000000516593,0.0001999999999497959,-0.0011800000000050659,1.9999999992137418e-05,-1.5000000004761205e-05,4983,0,1,0,1,0,1,1.0,2726.6894133025685,81.43511165148475,16307.784695391387,2640,0
1027.75,1.6,9.5,-2.6,1996.0541,67.014565,0.241800000000012,0.00029999999992469384,-0.00040000000012696546,-0.0011449999999939564,3.500000001110948e-05,1.500000001897206e-05,4984,0,1,0,1,0,1,1.0,2726.542846539619,81.43221886379138,16310.179960407198,2641,0
1026.75,1.6,9.5,-2.6,1996.2966,67.013435,0.2424999999998363,0.0006999999998242856,0.0003999999998995918,-0.001130000000003406,1.499999999055035e-05,-2.0000000020559128e-05,4985,0,1,0,1,0,1,1.0,2726.396387204172,81.42932700982752,16312.575516423021,2642,0
1028.25,1.6,9.5,-2.6,1996.5396,67.012344,0.24300000000016553,0.0005000000003292371,-0.00019999999949504854,-0.0010910000000023956,3.900000000101045e-05,2.40000000104601e-05,4986,0,1,0,1,0,1,1.0,2726.250035331863,81.42643609685182,16314.971364038855,2643,0
1028.5,1.6,9.5,-2.6,1996.7832,67.01128,0.24360000000001492,0.0005999999998493877,9.99999995201506e-05,-0.0010639999999995098,2.7000000002885827e-05,-1.1999999998124622e-05,4987,0,1,0,1,0,1,1.0,2726.103790978348,81.42354612971131,16317.3675039747,2644,0
1029.75,1.6,9.5,-2.6,1997.0272,67.01025,0.2439999999999145,0.0003999999998995918,-0.0001999999999497959,-0.0010300000000000864,3.399999999942338e-05,6.999999996537554e-06,4988,0,1,0,1,0,1,1.0,2725.95765415915,81.42065711465223,16319.763936710557,2645,0
1028.25,1.6,9.5,-2.6,1997.2719,67.00923,0.24469999999996617,0.0007000000000516593,0.0003000000001520675,-0.0010199999999969123,1.0000000003174137e-05,-2.3999999996249244e-05,4989,0,1,0,1,0,1,1.0,2725.8116249499,81.41776905310621,16322.160663086426,2646,0
1027.75,1.6,9.5,-2.6,1997.5171,67.008255,0.24520000000006803,0.0005000000001018634,-0.0001999999999497959,-0.0009749999999968395,4.500000000007276e-05,3.499999999689862e-05,4990,0,1,0,1,0,1,1.0,2725.6657033860947,81.41488195351633,16324.557683702307,2647,0
1029.75,1.6,9.5,-2.6,1997.7628,67.0073,0.24569999999994252,0.0004999999998744897,-2.2737367544323206e-13,-0.0009550000000047021,1.9999999992137418e-05,-2.500000000793534e-05,4991,0,1,0,1,0,1,1.0,2725.519889503205,81.4119958193109,16326.954999158199,2648,0
1029.75,1.6,9.5,-2.6,1998.0092,67.00638,0.24639999999999418,0.0007000000000516593,0.00020000000017716957,-0.0009200000000078035,3.499999999689862e-05,1.5000000004761205e-05,4992,0,1,0,1,0,1,1.0,2725.374183376727,81.4091106569197,16329.352610294105,2649,0
1030.75,1.6,9.5,-2.6,1998.256,67.00548,0.24680000000012114,0.00040000000012696546,-0.00029999999992469384,-0.0008999999999872443,2.0000000020559128e-05,-1.4999999976339495e-05,4993,0,1,0,1,0,1,1.0,2725.2285850220264,81.40622646976371,16331.75051759002,2650,0
1031.25,1.6,9.5,-2.6,1998.5034,67.00461,0.24739999999997053,0.0005999999998493877,0.00019999999972242222,-0.0008700000000061436,2.99999999811007e-05,9.999999960541572e-06,4994,0,1,0,1,0,1,1.0,2725.0830944944946,81.40334326326327,16334.148721765949,2651,0
1031.0,1.6,9.5,-2.6,1998.7515,67.00377,0.2481000000000222,0.0007000000000516593,0.00010000000020227162,-0.0008399999999966212,3.000000000952241e-05,2.842170943040401e-14,4995,0,1,0,1,0,1,1.0,2724.9377118694956,81.40046104283427,16336.547223661888,2652,0
1030.25,1.6,9.5,-2.6,1999.0,67.00296,0.24849999999992178,0.0003999999998995918,-0.0003000000001520675,-0.0008100000000013097,2.9999999995311555e-05,-1.4210854715202004e-14,4996,0,1,0,1,0,1,1.0,2724.792437162297,81.39757981388834,16338.94602375784,2653,0
1030.75,1.6,9.5,-2.6,1999.2491,67.002174,0.24909999999999854,0.0006000000000767614,0.00020000000017716957,-0.0007860000000050604,2.3999999996249244e-05,-5.999999999062311e-06,4997,0,1,0,1,0,1,1.0,2724.6472704281714,81.39469958063225,16341.345122773804,2654,0
1030.75,1.6,9.5,-2.6,1999.4989,67.00142,0.2498000000000502,0.0007000000000516593,9.999999997489795e-05,-0.0007540000000005875,3.2000000004472895e-05,8.000000008223651e-06,4998,0,1,0,1,0,1,1.0,2724.5022117423487,81.39182034886979,16343.744521549781,2655,0
1029.75,1.6,9.5,-2.6,1999.7491,67.000694,0.2501999999999498,0.0003999999998995918,-0.0003000000001520675,-0.0007260000000002265,2.800000000036107e-05,-4.0000000041118255e-06,4999,0,1,0,1,0,1,1.0,2724.35726112,81.3889421236,16346.14422056577,2656,0
1029.5,1.6,9.5,-2.6,2000.0,67.0,0.25090000000000146,0.0007000000000516593,0.0003000000001520675,-0.0006939999999957536,3.2000000004472895e-05,4.0000000041118255e-06,5000,0,1,0,1,0,1,1.0,2724.212418636273,81.38606491061788,16348.544220661768,2657,0
1030.25,1.6,9.5,-2.6,2000.2515,66.99933,0.2515000000000782,0.0006000000000767614,-9.999999997489795e-05,-0.0006699999999995043,2.3999999996249244e-05,-8.000000008223651e-06,5001,0,1,0,1,0,1,1.0,2724.0676843462616,81.38318871411435,16350.94452255778,2658,0
1029.25,1.6,9.5,-2.6,2000.5034,66.998695,0.2518999999999778,0.0003999999998995918,-0.00020000000017716957,-0.0006350000000026057,3.499999999689862e-05,1.100000000064938e-05,5002,0,1,0,1,0,1,1.0,2723.9230582650407,81.38031354047571,16353.345126733804,2659,0
1029.25,1.6,9.5,-2.6,2000.756,66.99808,0.25260000000002947,0.0007000000000516593,0.0003000000001520675,-0.0006149999999962574,2.0000000006348273e-05,-1.499999999055035e-05,5003,0,1,0,1,0,1,1.0,2723.778540467626,81.37743939308552,16355.74603402984,2660,0
1028.25,1.7,9.5,-2.6,2001.0092,66.9975,0.25319999999987886,0.0005999999998493877,-0.00010000000020227162,-0.0005799999999993588,3.499999999689862e-05,1.499999999055035e-05,5004,0,1,0,1,0,1,0.9000000000000001,2723.634131008991,81.37456627832168,16358.14724516589,2661,0
1028.75,1.7,9.5,-2.6,2001.2628,66.99694,0.2536000000000058,0.00040000000012696546,-0.00019999999972242222,-0.0005600000000072214,1.9999999992137418e-05,-1.5000000004761205e-05,5005,0,1,0,1,0,1,0.9000000000000001,2723.489829904115,81.37169419956054,16360.54876062195,2662,0
1028.5,1.7,9.5,-2.6,2001.5171,66.996414,0.2543000000000575,0.0007000000000516593,0.00029999999992469384,-0.0005259999999935872,3.4000000013634235e-05,1.4000000021496817e-05,5006,0,1,0,1,0,1,0.9000000000000001,2723.345637227881,81.36882316297184,16362.950581238023,2663,0
1030.75,1.7,9.5,-2.6,2001.7719,66.99592,0.25479999999993197,0.0004999999998744897,-0.00020000000017716957,-0.0004940000000033251,3.199999999026204e-05,-2.000000023372195e-06,5007,0,1,0,1,0,1,0.9000000000000001,2723.2015530151757,81.36595317432108,16365.352707614109,2664,0
1031.25,1.7,9.5,-2.6,2002.0272,66.995445,0.25530000000003383,0.0005000000001018634,2.2737367544323206e-13,-0.0004749999999944521,1.900000000887303e-05,-1.299999998138901e-05,5008,0,1,0,1,0,1,0.9000000000000001,2723.0575773008586,81.3630842367738,16367.755140350206,2665,0
1031.25,1.7,9.5,-2.6,2002.2831,66.995,0.2559000000001106,0.0006000000000767614,9.999999997489795e-05,-0.00044499999999914053,2.9999999995311555e-05,1.0999999986438525e-05,5009,0,1,0,1,0,1,0.9000000000000001,2722.9137101397205,81.36021635568862,16370.157880166314,2666,0
1031.25,1.7,9.5,-2.6,2002.5396,66.99459,0.25649999999996,0.0005999999998493877,-2.2737367544323206e-13,-0.0004100000000022419,3.499999999689862e-05,5.000000001587068e-06,5010,0,1,0,1,0,1,0.9000000000000001,2722.7699515865097,81.35734953741768,16372.560927782437,2667,0
1031.75,1.7,9.5,-2.6,2002.7965,66.9942,0.2568999999998596,0.0003999999998995918,-0.0001999999999497959,-0.00038999999999589363,2.0000000006348273e-05,-1.499999999055035e-05,5011,0,1,0,1,0,1,0.9000000000000001,2722.6263016560256,81.35448378531524,16374.964283678572,2668,0
1032.0,1.7,9.5,-2.6,2003.054,66.99384,0.2575000000001637,0.000600000000304135,0.00020000000040454324,-0.0003600000000005821,2.9999999995311555e-05,9.999999988963282e-06,5012,0,1,0,1,0,1,0.9000000000000001,2722.4827604029524,81.35161910472772,16377.367948574718,2669,0
1032.25,1.7,9.5,-2.6,2003.3119,66.99351,0.2578999999998359,0.0003999999996722181,-0.00020000000063191692,-0.0003300000000052705,2.9999999995311555e-05,0.0,5013,0,1,0,1,0,1,0.9000000000000001,2722.339327842042,81.34875550099721,16379.771922950877,2670,0
1032.25,1.7,9.5,-2.6,2003.5704,66.9932,0.25850000000014006,0.000600000000304135,0.00020000000063191692,-0.00030999999999892225,2.0000000006348273e-05,-9.999999988963282e-06,5014,0,1,0,1,0,1,0.9000000000000001,2722.1960040279164,81.3458929774676,16382.176207527049,2671,0
1031.25,1.7,9.5,-2.6,2003.8295,66.99293,0.25909999999998945,0.0005999999998493877,-4.547473508864641e-13,-0.00027000000000043656,3.999999999848569e-05,1.9999999992137418e-05,5015,0,1,0,1,0,1,0.9000000000000001,2722.0527890151516,81.3430315414673,16384.580803023233,2672,0
1030.25,1.7,9.5,-2.6,2004.089,66.992676,0.25949999999988904,0.0003999999998995918,-0.0001999999999497959,-0.0002539999999982001,1.6000000002236447e-05,-2.3999999996249244e-05,5016,0,1,0,1,0,1,0.9000000000000001,2721.9096828184174,81.34017119553518,16386.985709919427,2673,0
1030.0,1.7,9.5,-2.6,2004.349,66.99245,0.2599999999999909,0.0005000000001018634,0.00010000000020227162,-0.00022599999999783904,2.800000000036107e-05,1.1999999998124622e-05,5017,0,1,0,1,0,1,0.9000000000000001,2721.7666854722997,81.33731194459945,16389.390928815636,2674,0
1029.75,1.7,9.5,-2.6,2004.6095,66.992256,0.26050000000009277,0.0005000000001018634,0.0,-0.000194000000007577,3.199999999026204e-05,3.999999989900971e-06,5018,0,1,0,1,0,1,0.9000000000000001,2721.623797011357,81.33445379438135,16391.79646031186,2675,0
1029.25,1.7,9.5,-2.6,2004.8706,66.99208,0.26109999999994216,0.0005999999998493877,9.999999974752427e-05,-0.0001759999999961792,1.8000000011397788e-05,-1.3999999978864253e-05,5019,0,1,0,1,0,1,0.9000000000000001,2721.48101749004,81.33159674780876,16394.202305128092,2676,0
1030.25,1.7,9.5,-2.6,2005.1321,66.991936,0.2615000000000691,0.00040000000012696546,-0.00019999999972242222,-0.00014400000000591717,3.199999999026204e-05,1.3999999978864253e-05,5020,0,1,0,1,0,1,0.9000000000000001,2721.338346922924,81.3287408105955,16396.60846374434,2677,0
1030.75,1.7,9.5,-2.6,2005.394,66.99182,0.2618999999999687,0.0003999999998995918,-2.2737367544323206e-13,-0.00011599999999134525,2.8000000014571924e-05,-3.999999975690116e-06,5021,0,1,0,1,0,1,0.9000000000000001,2721.1957853245717,81.32588598765432,16399.014936640597,2678,0
1030.25,1.7,9.5,-2.6,2005.6565,66.99173,0.2625000000000455,0.0006000000000767614,0.00020000000017716957,-9.000000000014552e-05,2.599999999119973e-05,-2.000000023372195e-06,5022,0,1,0,1,0,1,0.9000000000000001,2721.053332749353,81.32303228349592,16401.421724536867,2679,0
1030.0,1.7,9.5,-2.6,2005.9194,66.99166,0.26289999999994507,0.0003999999998995918,-0.00020000000017716957,-7.00000000080081e-05,1.9999999992137418e-05,-5.999999999062311e-06,5023,0,1,0,1,0,1,0.9000000000000001,2720.9109892117835,81.32017970143312,16403.828827913152,2680,0
1028.25,1.7,9.5,-2.6,2006.1829,66.99162,0.26350000000002183,0.0006000000000767614,0.00020000000017716957,-3.999999999848569e-05,3.000000000952241e-05,1.0000000017384991e-05,5024,0,1,0,1,0,1,0.9000000000000001,2720.768754766169,81.31732824676617,16406.23624748945,2681,0
1029.75,1.7,9.5,-2.6,2006.4468,66.991615,0.2638999999999214,0.0003999999998995918,-0.00020000000017716957,-5.000000001587068e-06,3.499999999689862e-05,4.9999999873762135e-06,5025,0,1,0,1,0,1,0.9000000000000001,2720.62662942698,81.31447792578591,16408.64398374576,2682,0
1027.25,1.7,9.5,-2.6,2006.711,66.99162,0.2642000000000735,0.0003000000001520675,-9.999999974752427e-05,5.000000001587068e-06,1.0000000003174137e-05,-2.4999999993724487e-05,5026,0,1,0,1,0,1,0.9000000000000001,2720.4846131887807,81.31162873980504,16411.05203704208,2683,0
1027.75,1.7,9.5,-2.6,2006.976,66.99167,0.26500000000010004,0.0008000000000265572,0.0004999999998744897,5.000000000165983e-05,4.500000000007276e-05,3.499999999689862e-05,5027,0,1,0,1,0,1,0.9000000000000001,2720.3427061455845,81.30878069709627,16413.460408338415,2684,0
1028.25,1.7,9.5,-2.6,2007.2412,66.99173,0.26519999999982247,0.00019999999972242222,-0.000600000000304135,6.0000000004833964e-05,1.0000000003174137e-05,-3.499999999689862e-05,5028,0,1,0,1,0,1,0.9000000000000001,2720.200908272022,81.305933798966,16415.869097874765,2685,0
1029.25,1.7,9.5,-2.6,2007.5068,66.99182,0.2656000000001768,0.00040000000035433914,0.00020000000063191692,9.000000000014552e-05,2.9999999995311555e-05,1.9999999992137418e-05,5029,0,1,0,1,0,1,0.9000000000000001,2720.059219582505,81.30308805069583,16418.278106131125,2686,0
1029.5,1.7,9.5,-2.6,2007.773,66.991936,0.2661999999997988,0.000599999999622014,0.00019999999926767487,0.00011599999999134525,2.599999999119973e-05,-4.0000000041118255e-06,5030,0,1,0,1,0,1,0.9000000000000001,2719.917640131187,81.30024345676804,16420.687433827497,2687,0
1029.5,1.7,9.5,-2.6,2008.0396,66.99208,0.26660000000015316,0.00040000000035433914,-0.00019999999926767487,0.00014400000000591717,2.8000000014571924e-05,2.000000023372195e-06,5031,0,1,0,1,0,1,0.9000000000000001,2719.7761699324324,81.29740002205882,16423.097081443884,2688,0
1029.75,1.7,9.5,-2.6,2008.3065,66.99225,0.2668999999998505,0.00029999999969732016,-0.00010000000065701897,0.0001699999999971169,2.599999999119973e-05,-2.000000023372195e-06,5032,0,1,0,1,0,1,0.9000000000000001,2719.634808980727,81.29455775104311,16425.50704934028,2689,0
1030.75,1.7,9.5,-2.6,2008.574,66.99244,0.2675000000001546,0.000600000000304135,0.00030000000060681487,0.00019000000000346517,2.0000000006348273e-05,-5.999999984851456e-06,5033,0,1,0,1,0,1,0.9000000000000001,2719.493557330155,81.2917166470004,16427.917338236693,2690,0
1031.75,1.7,9.5,-2.6,2008.8418,66.99265,0.26779999999985193,0.00029999999969732016,-0.00030000000060681487,0.0002099999999956026,1.9999999992137418e-05,-1.4210854715202004e-14,5034,0,1,0,1,0,1,0.9000000000000001,2719.352414975174,81.28887671320754,16430.32794849312,2691,0
1029.75,1.7,9.5,-2.6,2009.1101,66.9929,0.26830000000018117,0.0005000000003292371,0.00020000000063191692,0.00025000000000829914,4.0000000012696546e-05,2.0000000020559128e-05,5035,0,1,0,1,0,1,0.9000000000000001,2719.2113819499605,81.28603795691025,16432.738880709556,2692,0
1030.0,1.7,9.5,-2.6,2009.3788,66.993164,0.2686999999998534,0.0003999999996722181,-0.00010000000065701897,0.0002639999999871634,1.3999999978864253e-05,-2.6000000033832293e-05,5036,0,1,0,1,0,1,0.9000000000000001,2719.070458268811,81.28320038018661,16435.150135366006,2693,0
1029.25,1.7,9.5,-2.6,2009.648,66.993454,0.26919999999995525,0.0005000000001018634,0.0001000000004296453,0.00029000000000678483,2.600000001962144e-05,1.2000000040757186e-05,5037,0,1,0,1,0,1,0.9000000000000001,2718.929643965859,81.28036398749504,16437.561713062467,2694,0
1029.75,1.7,9.5,-2.6,2009.9174,66.993774,0.2694000000001324,0.00020000000017716957,-0.00029999999992469384,0.0003200000000020964,2.9999999995311555e-05,3.999999975690116e-06,5038,0,1,0,1,0,1,0.9000000000000001,2718.788939015678,81.27752878408414,16439.973614038943,2695,0
1031.75,1.7,9.5,-2.6,2010.1873,66.99412,0.2699000000000069,0.0004999999998744897,0.00029999999969732016,0.0003459999999932961,2.599999999119973e-05,-4.0000000041118255e-06,5039,0,1,0,1,0,1,0.9000000000000001,2718.648343452381,81.27469477440476,16442.385838895432,2696,0
1033.75,1.7,9.5,-2.6,2010.4576,66.994484,0.2702999999999065,0.0003999999998995918,-9.999999997489795e-05,0.0003640000000046939,1.8000000011397788e-05,-7.999999979801942e-06,5040,0,1,0,1,0,1,0.9000000000000001,2718.5078572902203,81.2718619613172,16444.798388111936,2697,0
1033.75,1.7,9.5,-2.6,2010.7283,66.99487,0.27070000000003347,0.00040000000012696546,2.2737367544323206e-13,0.00038600000000599266,2.200000000129876e-05,3.999999989900971e-06,5041,0,1,0,1,0,1,0.9000000000000001,2718.3674805434352,81.26903034847282,16447.21126216845,2698,0
1032.75,1.7,9.5,-2.6,2010.9994,66.995285,0.27109999999993306,0.0003999999998995918,-2.2737367544323206e-13,0.0004149999999896181,2.8999999983625457e-05,6.999999982326699e-06,5042,0,1,0,1,0,1,0.9000000000000001,2718.227213226254,81.2661999409082,16449.62446154498,2699,0
1033.0,1.7,9.5,-2.6,2011.2708,66.99573,0.27140000000008513,0.0003000000001520675,-9.999999974752427e-05,0.00044499999999914053,3.000000000952241e-05,1.0000000258969521e-06,5043,0,1,0,1,0,1,0.9000000000000001,2718.087055333069,81.26337074385408,16452.03798660152,2700,0
1030.75,1.7,9.5,-2.6,2011.5426,66.996185,0.2717999999999847,0.0003999999998995918,9.999999974752427e-05,0.00045500000000231466,1.0000000003174137e-05,-2.0000000006348273e-05,5044,0,1,0,1,0,1,0.9000000000000001,2717.9470068780975,81.26054275857284,16454.451837818073,2701,0
1029.75,1.7,9.5,-2.6,2011.8148,66.99667,0.2722000000001117,0.00040000000012696546,2.2737367544323206e-13,0.0004849999999976262,2.9999999995311555e-05,1.9999999992137418e-05,5045,0,1,0,1,0,1,0.9000000000000001,2717.8070678755453,81.25771599028934,16456.86601567464,2702,0
1029.5,1.7,9.5,-2.6,2012.0874,66.997185,0.2725999999997839,0.0003999999996722181,-4.547473508864641e-13,0.0005150000000071486,3.000000000952241e-05,1.4210854715202004e-14,5046,0,1,0,1,0,1,0.9000000000000001,2717.6672383396076,81.25489044422429,16459.28052065122,2703,0
1028.75,1.7,9.5,-2.6,2012.3602,66.99772,0.27280000000018845,0.00020000000040454324,-0.00019999999926767487,0.000534999999999286,1.9999999992137418e-05,-1.0000000017384991e-05,5047,0,1,0,1,0,1,0.9000000000000001,2717.5275182448495,81.2520661236133,16461.695352987816,2704,0
1028.25,1.7,9.5,-2.6,2012.6335,66.998276,0.27329999999983556,0.0004999999996471161,0.0002999999992425728,0.0005560000000031096,2.1000000003823516e-05,1.0000000116860974e-06,5048,0,1,0,1,0,1,0.9000000000000001,2717.3879076252724,81.2492430318875,16464.11051328442,2705,0
1028.25,1.7,9.5,-2.6,2012.9072,66.998856,0.2737000000001899,0.00040000000035433914,-9.999999929277692e-05,0.0005799999999993588,2.3999999996249244e-05,2.999999992425728e-06,5049,0,1,0,1,0,1,0.9000000000000001,2717.2484064950495,81.24642117306931,16466.52600202104,2706,0
1028.25,1.7,9.5,-2.6,2013.1812,66.99946,0.2739999999998872,0.00029999999969732016,-0.00010000000065701897,0.000603999999995608,2.3999999996249244e-05,0.0,5050,0,1,0,1,0,1,0.9000000000000001,2717.1090148485446,81.24360055117798,16468.941819557673,2707,0
1028.25,1.7,9.5,-2.6,2013.4554,67.00009,0.2742000000000644,0.00020000000017716957,-9.99999995201506e-05,0.0006300000000010186,2.6000000005410584e-05,2.00000000916134e-06,5051,0,1,0,1,0,1,0.9000000000000001,2716.9697326603327,81.2407811706255,16471.357966134317,2708,0
1027.75,1.7,9.5,-2.6,2013.7301,67.00074,0.2746999999999389,0.0004999999998744897,0.00029999999969732016,0.000649999999993156,1.9999999992137418e-05,-6.000000013273166e-06,5052,0,1,0,1,0,1,0.9000000000000001,2716.8305599643772,81.2379630346329,16473.774442350976,2709,0
1027.75,1.7,9.5,-2.6,2014.0051,67.00141,0.27500000000009095,0.0003000000001520675,-0.00019999999972242222,0.0006700000000137152,2.0000000020559128e-05,2.842170943040401e-14,5053,0,1,0,1,0,1,0.9000000000000001,2716.6914967550456,81.23514614641867,16476.19124856765,2710,0
1028.25,1.7,9.5,-2.6,2014.2804,67.00211,0.27530000000001564,0.00029999999992469384,-2.2737367544323206e-13,0.0006999999999948159,2.99999999811007e-05,9.999999960541572e-06,5054,0,1,0,1,0,1,0.9000000000000001,2716.552543026706,81.23233051117705,16478.608385144336,2711,0
1028.25,1.7,9.5,-2.6,2014.5562,67.00283,0.27579999999989013,0.0004999999998744897,0.0001999999999497959,0.0007200000000011642,2.0000000006348273e-05,-9.999999974752427e-06,5055,0,1,0,1,0,1,0.9000000000000001,2716.413698813291,81.22951613212025,16481.025852681032,2712,0
1027.25,1.7,9.5,-2.6,2014.832,67.00357,0.2758000000001175,2.2737367544323206e-13,-0.0004999999996471161,0.0007399999999933016,1.9999999992137418e-05,-1.4210854715202004e-14,5056,0,1,0,1,0,1,0.9000000000000001,2716.274964049832,81.22670301245797,16483.443651177746,2713,0
1027.75,1.7,9.5,-2.6,2015.1084,67.00434,0.2763999999999669,0.0005999999998493877,0.000599999999622014,0.000770000000002824,3.000000000952241e-05,1.0000000017384991e-05,5057,0,1,0,1,0,1,0.9000000000000001,2716.1363387900356,81.22389115737445,16485.86178135447,2714,0
1027.25,1.7,9.5,-2.6,2015.3849,67.00513,0.2764999999999418,9.999999997489795e-05,-0.0004999999998744897,0.0007899999999949614,1.9999999992137418e-05,-1.0000000017384991e-05,5058,0,1,0,1,0,1,0.9000000000000001,2715.997822988733,81.22108057007314,16488.28024333121,2715,0
1026.25,1.7,9.5,-2.6,2015.6619,67.005936,0.27700000000004366,0.0005000000001018634,0.00040000000012696546,0.0008060000000114087,1.6000000016447302e-05,-3.999999975690116e-06,5059,0,1,0,1,0,1,0.9000000000000001,2715.8594166798416,81.21827125296443,16490.69903770796,2716,0
1023.75,1.7,9.5,-2.6,2015.939,67.00677,0.27710000000001855,9.999999997489795e-05,-0.00040000000012696546,0.0008339999999975589,2.7999999986150215e-05,1.1999999969702912e-05,5060,0,1,0,1,0,1,0.9000000000000001,2715.7211198182176,81.2154632108279,16493.118164604726,2717,0
1022.75,1.7,9.5,-2.6,2016.2166,67.00762,0.27759999999989304,0.0004999999998744897,0.0003999999998995918,0.0008499999999997954,1.6000000002236447e-05,-1.1999999983913767e-05,5061,0,1,0,1,0,1,0.9000000000000001,2715.5829324377714,81.21265644606875,16495.537624621506,2718,0
1020.25,1.7,9.5,-2.6,2016.4943,67.0085,0.2777000000000953,0.00010000000020227162,-0.0003999999996722181,0.0008799999999951069,2.9999999995311555e-05,1.3999999993075107e-05,5062,0,1,0,1,0,1,0.9000000000000001,2715.4448544933834,81.20985096385542,16497.957417878297,2719,0
1020.5,1.7,9.5,-2.6,2016.7723,67.0094,0.27800000000002,0.00029999999992469384,0.00019999999972242222,0.0009000000000014552,2.0000000006348273e-05,-9.999999988963282e-06,5063,0,1,0,1,0,1,0.9000000000000001,2715.3068859794625,81.20704676737756,16500.3775447351,2720,0
1019.75,1.7,9.5,-2.6,2017.0507,67.01032,0.2783999999999196,0.0003999999998995918,9.999999997489795e-05,0.0009199999999935926,1.9999999992137418e-05,-1.4210854715202004e-14,5064,0,1,0,1,0,1,0.9000000000000001,2715.1690269101678,81.2042438598223,16502.79800567192,2721,0
1021.25,1.7,9.5,-2.6,2017.3293,67.01126,0.27860000000009677,0.00020000000017716957,-0.00019999999972242222,0.0009399999999999409,2.0000000006348273e-05,1.4210854715202004e-14,5065,0,1,0,1,0,1,0.9000000000000001,2715.031277260166,81.20144224437425,16505.218800928753,2722,0
1022.25,1.7,9.5,-2.6,2017.6083,67.01223,0.27899999999999636,0.0003999999998995918,0.00019999999972242222,0.0009700000000094633,3.000000000952241e-05,1.0000000003174137e-05,5066,0,1,0,1,0,1,0.9000000000000001,2714.893637043616,81.19864192618907,16507.6399309856,2723,0
1021.25,1.7,9.5,-2.6,2017.8875,67.013214,0.27919999999994616,0.0001999999999497959,-0.0001999999999497959,0.0009840000000025384,1.3999999993075107e-05,-1.6000000016447302e-05,5067,0,1,0,1,0,1,0.9000000000000001,2714.756106235201,81.19584290726125,16510.061396082456,2724,0
1021.75,1.7,9.5,-2.6,2018.1669,67.01422,0.27939999999989595,0.0001999999999497959,0.0,0.0010059999999896263,2.1999999987087904e-05,7.999999994012796e-06,5068,0,1,0,1,0,1,0.9000000000000001,2714.618684809627,81.19304519116197,16512.48319645933,2725,0
1021.5,1.7,9.5,-2.6,2018.4465,67.01525,0.2796000000000731,0.00020000000017716957,2.2737367544323206e-13,0.0010300000000000864,2.40000000104601e-05,2.000000023372195e-06,5069,0,1,0,1,0,1,0.9000000000000001,2714.4813727416176,81.19024878185405,16514.905332356215,2726,0
1021.75,1.7,9.5,-2.6,2018.7264,67.0163,0.2798999999999978,0.00029999999992469384,9.999999974752427e-05,0.0010500000000064347,2.0000000006348273e-05,-4.0000000041118255e-06,5070,0,1,0,1,0,1,0.9000000000000001,2714.344170025636,81.18745368250839,16517.32780413311,2727,0
1022.25,1.7,9.5,-2.6,2019.0067,67.01737,0.2802999999998974,0.0003999999998995918,9.999999997489795e-05,0.001069999999998572,1.9999999992137418e-05,-1.4210854715202004e-14,5071,0,1,0,1,0,1,0.9000000000000001,2714.2070766758675,81.18465989629337,16519.750612270025,2728,0
1023.75,1.7,9.5,-2.6,2019.2871,67.01846,0.2804000000000997,0.00010000000020227162,-0.00029999999969732016,0.0010900000000049204,2.0000000006348273e-05,1.4210854715202004e-14,5072,0,1,0,1,0,1,0.9000000000000001,2714.0700926473487,81.18186742637492,16522.17375688695,2729,0
1024.75,1.7,9.5,-2.6,2019.5677,67.01958,0.2806000000000495,0.0001999999999497959,9.999999974752427e-05,0.001120000000000232,2.9999999995311555e-05,9.999999988963282e-06,5073,0,1,0,1,0,1,0.9000000000000001,2713.93321791486,81.17907627788726,16524.59723822389,2730,0
1025.0,1.7,9.5,-2.6,2019.8488,67.020706,0.28109999999992397,0.0004999999998744897,0.00029999999992469384,0.0011259999999992942,5.999999999062311e-06,-2.3999999996249244e-05,5074,0,1,0,1,0,1,0.9000000000000001,2713.796452512315,81.17628645123152,16527.021056880843,2731,0
1026.75,1.7,9.5,-2.6,2020.1299,67.02186,0.28109999999992397,0.0,-0.0004999999998744897,0.0011539999999996553,2.800000000036107e-05,2.200000000129876e-05,5075,0,1,0,1,0,1,0.9000000000000001,2713.6597963750983,81.17349795114264,16529.44521285781,2732,0
1026.5,1.7,9.5,-2.6,2020.4113,67.02303,0.28140000000007603,0.0003000000001520675,0.0003000000001520675,0.0011700000000018917,1.6000000002236447e-05,-1.1999999998124622e-05,5076,0,1,0,1,0,1,0.9000000000000001,2713.523249497735,81.17071077998818,16531.86970651479,2733,0
1026.75,1.7,9.5,-2.6,2020.6927,67.02423,0.28140000000007603,0.0,-0.0003000000001520675,0.0011999999999972033,2.9999999995311555e-05,1.3999999993075107e-05,5077,0,1,0,1,0,1,0.9000000000000001,2713.3868118156756,81.16792494289089,16534.29453785178,2734,0
1026.5,1.7,9.5,-2.6,2020.9746,67.025444,0.2818999999999505,0.0004999999998744897,0.0004999999998744897,0.0012139999999902784,1.3999999993075107e-05,-1.6000000002236447e-05,5078,0,1,0,1,0,1,0.9000000000000001,2713.250483362867,81.16514044181926,16536.719707468787,2735,0
1027.25,1.7,9.5,-2.6,2021.2566,67.02669,0.2819999999999254,9.999999997489795e-05,-0.0003999999998995918,0.0012460000000089622,3.200000001868375e-05,1.8000000025608642e-05,5079,0,1,0,1,0,1,0.9000000000000001,2713.114264094488,81.16235728228347,16539.14521548581,2736,0
1026.75,1.7,9.5,-2.6,2021.5388,67.02794,0.2822000000001026,0.00020000000017716957,0.00010000000020227162,0.0012499999999988631,3.999999989900971e-06,-2.800000002878278e-05,5080,0,1,0,1,0,1,0.9000000000000001,2712.9781539854357,81.15957546427867,16541.57106214284,2737,0
1028.25,1.7,9.5,-2.6,2021.8213,67.02921,0.2825000000000273,0.00029999999992469384,9.999999974752427e-05,0.0012700000000052114,2.0000000006348273e-05,1.6000000016447302e-05,5081,0,1,0,1,0,1,0.9000000000000001,2712.842153030303,81.15679499094844,16543.99724779989,2738,0
1027.25,1.7,9.5,-2.6,2022.1039,67.03051,0.2826000000000022,9.999999997489795e-05,-0.0001999999999497959,0.001300000000000523,2.9999999995311555e-05,9.999999988963282e-06,5082,0,1,0,1,0,1,0.9000000000000001,2712.70626118434,81.15401586740114,16546.42377257695,2739,0
1027.25,1.7,9.5,-2.6,2022.3867,67.03183,0.282799999999952,0.0001999999999497959,9.999999997489795e-05,0.0013199999999926604,1.9999999992137418e-05,-1.0000000003174137e-05,5083,0,1,0,1,0,1,0.9000000000000001,2712.570478422502,81.1512380967742,16548.850636714025,2740,0
1027.25,1.7,9.5,-2.6,2022.6697,67.033165,0.2829999999999018,0.0001999999999497959,0.0,0.0013349999999974216,1.5000000004761205e-05,-4.9999999873762135e-06,5084,0,1,0,1,0,1,0.9000000000000001,2712.434804719764,81.14846168121927,16551.277840451112,2741,0
1028.25,1.7,9.5,-2.6,2022.9529,67.03452,0.28320000000007894,0.00020000000017716957,2.2737367544323206e-13,0.0013550000000037699,2.0000000006348273e-05,5.000000001587068e-06,5085,0,1,0,1,0,1,0.9000000000000001,2712.2992400511207,81.14568662386945,16553.705384028217,2742,0
1027.75,1.7,9.5,-2.6,2023.2363,67.0359,0.28340000000002874,0.0001999999999497959,-2.2737367544323206e-13,0.0013799999999974943,2.4999999993724487e-05,4.9999999873762135e-06,5086,0,1,0,1,0,1,0.9000000000000001,2712.1637843915864,81.14291292883821,16556.13326768533,2743,0
1026.25,1.7,9.5,-2.6,2023.5198,67.03729,0.28350000000000364,9.999999997489795e-05,-9.999999997489795e-05,0.0013900000000006685,1.0000000003174137e-05,-1.499999999055035e-05,5087,0,1,0,1,0,1,0.9000000000000001,2712.028437696541,81.14014059728773,16558.56149154246,2744,0
1026.25,1.7,9.5,-2.6,2023.8035,67.038704,0.28369999999995343,0.0001999999999497959,9.999999997489795e-05,0.0014139999999969177,2.3999999996249244e-05,1.3999999993075107e-05,5088,0,1,0,1,0,1,0.9000000000000001,2711.8931999410493,81.13736963313028,16560.9900558396,2745,0
1026.0,1.7,9.5,-2.6,2024.0874,67.04014,0.28389999999990323,0.0001999999999497959,0.0,0.0014359999999982165,2.200000000129876e-05,-1.9999999949504854e-06,5089,0,1,0,1,0,1,0.9000000000000001,2711.7580711001965,81.13460003988212,16563.418960816758,2746,0
1025.75,1.7,9.5,-2.6,2024.3715,67.04159,0.2841000000000804,0.00020000000017716957,2.2737367544323206e-13,0.0014500000000055024,1.4000000007285962e-05,-7.999999994012796e-06,5090,0,1,0,1,0,1,0.9000000000000001,2711.6230511490867,81.13183181948537,16565.848206713927,2747,0
1025.75,1.7,9.5,-2.6,2024.6556,67.04306,0.2841000000000804,0.0,-0.00020000000017716957,0.0014699999999976399,1.9999999992137418e-05,5.999999984851456e-06,5091,0,1,0,1,0,1,0.9000000000000001,2711.4881400235663,81.12906497505892,16568.277793531113,2748,0
1026.0,1.7,9.5,-2.6,2024.94,67.04455,0.2844000000000051,0.00029999999992469384,0.00029999999992469384,0.0014900000000039881,2.0000000006348273e-05,1.4210854715202004e-14,5092,0,1,0,1,0,1,0.9000000000000001,2711.353337718437,81.12629950971922,16570.707721628307,2749,0
1024.25,1.7,9.5,-2.6,2025.2245,67.04606,0.28449999999998,9.999999997489795e-05,-0.0001999999999497959,0.0015099999999961256,1.9999999992137418e-05,-1.4210854715202004e-14,5093,0,1,0,1,0,1,0.9000000000000001,2711.2186441892422,81.12353542658029,16573.13799112552,2750,0
1024.25,1.7,9.5,-2.6,2025.509,67.047585,0.28449999999998,0.0,-9.999999997489795e-05,0.0015250000000008868,1.5000000004761205e-05,-4.9999999873762135e-06,5094,0,1,0,1,0,1,0.9000000000000001,2711.0840593719336,81.12077272777233,16575.568602022744,2751,0
1023.25,1.7,9.5,-2.6,2025.7938,67.04913,0.2847999999999047,0.00029999999992469384,0.00029999999992469384,0.001545000000007235,2.0000000006348273e-05,5.000000001587068e-06,5095,0,1,0,1,0,1,0.9000000000000001,2710.9495832613816,81.11801141640503,16577.999554679984,2752,0
1023.5,1.7,9.5,-2.6,2026.0787,67.0507,0.28490000000010696,0.00010000000020227162,-0.00019999999972242222,0.0015700000000009595,2.4999999993724487e-05,4.9999999873762135e-06,5096,0,1,0,1,0,1,0.9000000000000001,2710.8152158132234,81.1152514965666,16580.430849217235,2753,0
1022.25,1.7,9.5,-2.6,2026.3638,67.05228,0.28510000000005675,0.0001999999999497959,9.999999974752427e-05,0.0015799999999899228,9.999999988963282e-06,-1.5000000004761205e-05,5097,0,1,0,1,0,1,0.9000000000000001,2710.6809570027463,81.11249296939977,16582.8624858745,2754,0
1023.25,1.7,9.5,-2.6,2026.6489,67.05388,0.2850999999998294,-2.2737367544323206e-13,-0.00020000000017716957,0.001600000000010482,2.0000000020559128e-05,1.0000000031595846e-05,5098,0,1,0,1,0,1,0.9000000000000001,2710.5468067660327,81.10973583800745,16585.29446465178,2755,0
1023.75,1.7,9.5,-2.6,2026.9341,67.0555,0.28520000000003165,0.00010000000020227162,0.0001000000004296453,0.0016199999999884085,1.9999999977926564e-05,-4.263256414560601e-14,5099,0,1,0,1,0,1,0.9000000000000001,2710.4127650588234,81.1069801054902,16587.72678566907,2756,0
1024.25,1.7,9.5,-2.6,2027.2195,67.05714,0.28539999999998145,0.0001999999999497959,9.999999974752427e-05,0.0016400000000089676,2.0000000020559128e-05,4.263256414560601e-14,5100,0,1,0,1,0,1,0.9000000000000001,2710.2788318564985,81.10422577494609,16590.159449166378,2757,0
1024.25,1.7,9.5,-2.6,2027.505,67.05879,0.2855000000001837,0.00010000000020227162,-9.999999974752427e-05,0.001649999999997931,9.999999988963282e-06,-1.0000000031595846e-05,5101,0,1,0,1,0,1,0.9000000000000001,2710.145007114857,81.10147284751078,16592.592455263697,2758,0
1024.5,1.7,9.5,-2.6,2027.7905,67.06046,0.28549999999995634,-2.2737367544323206e-13,-0.0001000000004296453,0.0016700000000042792,2.0000000006348273e-05,1.0000000017384991e-05,5102,0,1,0,1,0,1,0.9000000000000001,2710.0112907701355,81.09872132627866,16595.02580396103,2759,0
1024.25,1.7,9.5,-2.6,2028.0763,67.06215,0.28579999999988104,0.00029999999992469384,0.0003000000001520675,0.0016899999999964166,1.9999999992137418e-05,-1.4210854715202004e-14,5103,0,1,0,1,0,1,0.9000000000000001,2709.877682817398,81.09597121434169,16597.45949561838,2760,0
1021.75,1.7,9.5,-2.6,2028.362,67.06386,0.2857000000001335,-9.999999974752427e-05,-0.0003999999996722181,0.0017100000000027649,2.0000000006348273e-05,1.4210854715202004e-14,5104,0,1,0,1,0,1,0.9000000000000001,2709.7441831733595,81.09322251478942,16599.89353011574,2761,0
1023.25,1.7,9.5,-2.6,2028.648,67.06558,0.28599999999983083,0.00029999999969732016,0.00039999999944484443,0.0017199999999917281,9.999999988963282e-06,-1.0000000017384991e-05,5105,0,1,0,1,0,1,0.9000000000000001,2709.6107918331372,81.09047522875049,16602.327907813116,2762,0
1023.25,1.7,9.5,-2.6,2028.9338,67.06733,0.2858000000001084,-0.00019999999972242222,-0.0004999999994197424,0.0017500000000012506,3.000000000952241e-05,2.0000000020559128e-05,5106,0,1,0,1,0,1,0.9000000000000001,2709.4775086939494,81.08772936126884,16604.762628470504,2763,0
1024.25,1.7,9.5,-2.6,2029.2198,67.06909,0.2860000000000582,0.0001999999999497959,0.0003999999996722181,0.0017600000000044247,1.0000000003174137e-05,-2.0000000006348273e-05,5107,0,1,0,1,0,1,0.9000000000000001,2709.3443337314015,81.08498491346907,16607.197692327907,2764,0
1024.75,1.7,9.5,-2.6,2029.506,67.07087,0.286200000000008,0.0001999999999497959,0.0,0.0017799999999965621,1.9999999992137418e-05,9.999999988963282e-06,5108,0,1,0,1,0,1,0.9000000000000001,2709.2112669211197,81.08224188843218,16609.633099625324,2765,0
1024.75,1.7,9.5,-2.6,2029.7922,67.07266,0.286200000000008,0.0,-0.0001999999999497959,0.0017899999999997362,1.0000000003174137e-05,-9.999999988963282e-06,5109,0,1,0,1,0,1,0.9000000000000001,2709.0783081996087,81.07950028727984,16612.068850362753,2766,0
1026.25,1.7,8.5,-2.6,2030.0785,67.07447,0.2862999999999829,9.999999997489795e-05,9.999999997489795e-05,0.0018100000000060845,2.0000000006348273e-05,1.0000000003174137e-05,5110,0,1,0,1,0,1,0.9000000000000001,2708.9454575229897,81.0767601130894,16614.5049446602,2767,0
1026.25,1.7,8.5,-2.6,2030.3647,67.0763,0.286200000000008,-9.999999997489795e-05,-0.0001999999999497959,0.001829999999998222,1.9999999992137418e-05,-1.4210854715202004e-14,5111,0,1,0,1,0,1,0.9000000000000001,2708.812714808294,81.07402136893583,16616.941382397654,2768,0
1027.75,1.7,8.5,-2.6,2030.6511,67.07814,0.2863999999999578,0.0001999999999497959,0.00029999999992469384,0.001840000000001396,1.0000000003174137e-05,-9.999999988963282e-06,5112,0,1,0,1,0,1,0.9000000000000001,2708.6800800312926,81.07128405593585,16619.378163815127,2769,0
1028.75,1.7,8.5,-2.6,2030.9375,67.08,0.2863999999999578,0.0,-0.0001999999999497959,0.0018599999999935335,1.9999999992137418e-05,9.999999988963282e-06,5113,0,1,0,1,0,1,0.9000000000000001,2708.547553128666,81.06854817716074,16621.81528891261,2770,0
1028.75,1.7,8.5,-2.6,2031.224,67.08189,0.2864999999999327,9.999999997489795e-05,9.999999997489795e-05,0.001890000000003056,3.000000000952241e-05,1.0000000017384991e-05,5114,0,1,0,1,0,1,0.9000000000000001,2708.415134056696,81.0658137376344,16624.25275781011,2771,0
1029.75,1.7,8.5,-2.6,2031.5105,67.08378,0.28650000000016007,2.2737367544323206e-13,-9.999999974752427e-05,0.001890000000003056,0.0,-3.000000000952241e-05,5115,0,1,0,1,0,1,0.9000000000000001,2708.28282275215,81.0630807365129,16626.690570507624,2772,0
1030.25,1.7,8.5,-2.6,2031.797,67.085686,0.2864999999999327,-2.2737367544323206e-13,-4.547473508864641e-13,0.0019059999999910815,1.5999999988025593e-05,1.5999999988025593e-05,5116,0,1,0,1,0,1,0.9000000000000001,2708.150619151847,81.06034917607973,16629.12872700515,2773,0
1031.75,1.7,8.5,-2.6,2032.0836,67.087616,0.2865999999999076,9.999999997489795e-05,0.00010000000020227162,0.0019300000000015416,2.40000000104601e-05,8.000000022434506e-06,5117,0,1,0,1,0,1,0.9000000000000001,2708.018523212192,81.05761906017976,16631.56722742269,2774,0
1031.75,1.7,8.5,-2.6,2032.3702,67.089554,0.28660000000013497,2.2737367544323206e-13,-9.999999974752427e-05,0.0019380000000097652,8.000000008223651e-06,-1.6000000002236447e-05,5118,0,1,0,1,0,1,0.9000000000000001,2707.886534870092,81.0548903895292,16634.006071760243,2775,0
1032.75,1.7,8.5,-2.6,2032.6569,67.091515,0.2866999999998825,9.999999974752427e-05,9.99999995201506e-05,0.0019609999999943284,2.2999999984563146e-05,1.4999999976339495e-05,5119,0,1,0,1,0,1,0.9000000000000001,2707.7546540820313,81.05216316777344,16636.44526013781,2776,0
1032.75,1.7,8.5,-2.6,2032.9435,67.09349,0.28660000000013497,-9.999999974752427e-05,-0.00019999999949504854,0.0019750000000016144,1.4000000007285962e-05,-8.999999977277184e-06,5120,0,1,0,1,0,1,0.9000000000000001,2707.622880765475,81.0494373967975,16638.88479243539,2777,0
1032.25,1.7,8.5,-2.6,2033.2301,67.09548,0.2865999999999076,-2.2737367544323206e-13,9.99999995201506e-05,0.0019899999999921647,1.499999999055035e-05,9.99999983264388e-07,5121,0,1,0,1,0,1,0.9000000000000001,2707.4912148574776,81.04671307868021,16641.324668652986,2778,0
1031.25,1.7,8.5,-2.6,2033.5168,67.09749,0.28670000000010987,0.00010000000020227162,0.0001000000004296453,0.002009999999998513,2.0000000006348273e-05,5.000000015797923e-06,5122,0,1,0,1,0,1,0.9000000000000001,2707.3596563146593,81.04399021647471,16643.764888910595,2779,0
1029.25,1.7,8.5,-2.6,2033.8035,67.09951,0.2866999999998825,-2.2737367544323206e-13,-0.0001000000004296453,0.002020000000001687,1.0000000003174137e-05,-1.0000000003174137e-05,5123,0,1,0,1,0,1,0.9000000000000001,2707.2282050741605,81.04126881128025,16646.20545320822,2780,0
1028.75,1.7,8.5,-2.6,2034.0902,67.10155,0.28670000000010987,2.2737367544323206e-13,4.547473508864641e-13,0.0020400000000080354,2.0000000006348273e-05,1.0000000003174137e-05,5124,0,1,0,1,0,1,0.9000000000000001,2707.0968610731707,81.03854886614634,16648.646361545856,2781,0
1029.25,1.7,8.5,-2.6,2034.3768,67.1036,0.2865999999999076,-0.00010000000020227162,-0.0001000000004296453,0.0020499999999969987,9.999999988963282e-06,-1.0000000017384991e-05,5125,0,1,0,1,0,1,0.9000000000000001,2706.9656242294186,81.03583038216934,16651.087613803506,2782,0
1031.25,1.7,8.5,-2.6,2034.6635,67.10567,0.28670000000010987,0.00010000000020227162,0.00020000000040454324,0.002070000000003347,2.0000000006348273e-05,1.0000000017384991e-05,5126,0,1,0,1,0,1,0.9000000000000001,2706.8344944997075,81.03311336239517,16653.52921010117,2783,0
1030.25,1.7,8.5,-2.6,2034.9502,67.10775,0.2866999999998825,-2.2737367544323206e-13,-0.0001000000004296453,0.0020799999999923102,9.999999988963282e-06,-1.0000000017384991e-05,5127,0,1,0,1,0,1,0.9000000000000001,2706.7034718213727,81.03039780791731,16655.971150438847,2784,0
1029.75,1.7,8.5,-2.6,2035.2368,67.10985,0.2865999999999076,-9.999999997489795e-05,-9.999999974752427e-05,0.0020999999999986585,2.0000000006348273e-05,1.0000000017384991e-05,5128,0,1,0,1,0,1,0.9000000000000001,2706.5725561123027,81.02768372177812,16658.413434696537,2785,0
1029.75,1.7,8.5,-2.6,2035.5234,67.11196,0.28660000000013497,2.2737367544323206e-13,0.00010000000020227162,0.0021100000000018326,1.0000000003174137e-05,-1.0000000003174137e-05,5129,0,1,0,1,0,1,0.9000000000000001,2706.4417473099415,81.02497110506823,16660.85606287424,2786,0
1031.25,1.7,8.5,-2.6,2035.8099,67.11408,0.2864999999999327,-0.00010000000020227162,-0.0001000000004296453,0.0021200000000050068,1.0000000003174137e-05,0.0,5130,0,1,0,1,0,1,0.9000000000000001,2706.311045332294,81.02225995887741,16663.29903485196,2787,0
1031.25,1.7,8.5,-2.6,2036.0966,67.11623,0.28670000000010987,0.00020000000017716957,0.0003000000003794412,0.0021500000000003183,2.9999999995311555e-05,1.9999999992137418e-05,5131,0,1,0,1,0,1,0.9000000000000001,2706.1804501558845,81.01955028819174,16665.742350869696,2788,0
1032.75,1.7,8.5,-2.6,2036.383,67.118385,0.2863999999999578,-0.0003000000001520675,-0.0005000000003292371,0.0021550000000019054,5.000000001587068e-06,-2.4999999993724487e-05,5132,0,1,0,1,0,1,0.9000000000000001,2706.049961659848,81.01684209312293,16668.18601056744,2789,0
1032.25,1.7,8.5,-2.6,2036.6696,67.12055,0.2865999999999076,0.0001999999999497959,0.0005000000001018634,0.0021649999999908687,9.999999988963282e-06,4.9999999873762135e-06,5133,0,1,0,1,0,1,0.9000000000000001,2705.9195798208025,81.01413537475652,16670.6300141852,2790,0
1031.75,1.7,8.5,-2.6,2036.9559,67.12274,0.2862999999999829,-0.00029999999992469384,-0.0004999999998744897,0.002189999999998804,2.500000000793534e-05,1.500000001897206e-05,5134,0,1,0,1,0,1,0.9000000000000001,2705.7893045180135,81.01143013709834,16673.074361362975,2791,0
1030.25,1.7,8.5,-2.6,2037.2423,67.12494,0.2863999999999578,9.999999997489795e-05,0.0003999999998995918,0.002200000000001978,1.0000000003174137e-05,-1.5000000004761205e-05,5135,0,1,0,1,0,1,0.9000000000000001,2705.6591357087227,81.00872638123053,16675.519052220763,2792,0
1030.5,1.7,8.5,-2.6,2037.5286,67.12715,0.2863000000002103,-9.999999974752427e-05,-0.00019999999972242222,0.0022100000000051523,1.0000000003174137e-05,0.0,5136,0,1,0,1,0,1,0.9000000000000001,2705.529073311271,81.00602410823437,16677.964086638563,2793,0
1029.75,1.7,8.5,-2.6,2037.8148,67.12938,0.286200000000008,-0.00010000000020227162,-4.547473508864641e-13,0.0022299999999972897,1.9999999992137418e-05,9.999999988963282e-06,5137,0,1,0,1,0,1,0.9000000000000001,2705.3991172440637,81.00332332113662,16680.409464496377,2794,0
1030.75,1.7,8.5,-2.6,2038.1011,67.13162,0.2862999999999829,9.999999997489795e-05,0.00020000000017716957,0.002240000000000464,1.0000000003174137e-05,-9.999999988963282e-06,5138,0,1,0,1,0,1,0.9000000000000001,2705.2692674644873,81.00062402101575,16682.855185914206,2795,0
1030.75,1.7,8.5,-2.6,2038.3872,67.13388,0.28609999999980573,-0.00020000000017716957,-0.0003000000001520675,0.002260000000006812,2.0000000006348273e-05,1.0000000003174137e-05,5139,0,1,0,1,0,1,0.9000000000000001,2705.1395238715954,80.99792621089495,16685.30125065205,2796,0
1031.25,1.7,8.5,-2.6,2038.6732,67.13615,0.2860000000000582,-9.999999974752427e-05,0.0001000000004296453,0.0022699999999957754,9.999999988963282e-06,-1.0000000017384991e-05,5140,0,1,0,1,0,1,0.9000000000000001,2705.009886383972,80.99522989184983,16687.747658589906,2797,0
1031.25,1.7,8.5,-2.6,2038.9592,67.13843,0.2860000000000582,0.0,9.999999974752427e-05,0.0022799999999989495,1.0000000003174137e-05,1.4210854715202004e-14,5141,0,1,0,1,0,1,0.9000000000000001,2704.880354939712,80.99253506495526,16690.194409727777,2798,0
1032.25,1.7,8.5,-2.6,2039.2451,67.140724,0.2859000000000833,-9.999999997489795e-05,-9.999999997489795e-05,0.0022940000000062355,1.4000000007285962e-05,4.0000000041118255e-06,5142,0,1,0,1,0,1,0.9000000000000001,2704.750929457515,80.989841732063,16692.64150394566,2799,0
1032.0,1.7,8.5,-2.6,2039.5309,67.143036,0.28579999999988104,-0.00010000000020227162,-2.2737367544323206e-13,0.0023119999999892116,1.7999999982976078e-05,3.999999975690116e-06,5143,0,1,0,1,0,1,0.9000000000000001,2704.621609856143,80.98714989580094,16695.08894112356,2800,0
1032.0,1.7,8.5,-2.6,2039.8165,67.14536,0.28559999999993124,-0.0001999999999497959,-9.999999974752427e-05,0.002324000000001547,1.2000000012335477e-05,-5.9999999706406015e-06,5144,0,1,0,1,0,1,0.9000000000000001,2704.492396034985,80.98445955762877,16697.536721021468,2801,0
1029.75,1.7,8.5,-2.6,2040.1022,67.1477,0.2857000000001335,0.00010000000020227162,0.0003000000001520675,0.0023400000000037835,1.6000000002236447e-05,3.999999989900971e-06,5145,0,1,0,1,0,1,0.9000000000000001,2704.3632879518073,80.98177071978236,16699.984843759394,2802,0
1030.25,1.7,8.5,-2.6,2040.3877,67.15005,0.28549999999995634,-0.00020000000017716957,-0.0003000000003794412,0.0023499999999927468,9.999999988963282e-06,-6.000000013273166e-06,5146,0,1,0,1,0,1,0.9000000000000001,2704.23428550612,80.97908338333009,16702.43330909733,2803,0
1031.25,1.7,8.5,-2.6,2040.6731,67.152405,0.28539999999998145,-9.999999997489795e-05,0.00010000000020227162,0.0023550000000085447,5.000000015797923e-06,-4.999999973165359e-06,5147,0,1,0,1,0,1,0.9000000000000001,2704.1053886169384,80.9763975483683,16704.882116915283,2804,0
1031.25,1.7,8.5,-2.6,2040.9584,67.154785,0.28530000000000655,-9.999999997489795e-05,0.0,0.002380000000002269,2.4999999993724487e-05,1.9999999977926564e-05,5148,0,1,0,1,0,1,0.9000000000000001,2703.9765972033406,80.97371321887745,16707.33126709325,2805,0
1030.25,1.7,8.5,-2.6,2041.2435,67.15717,0.28510000000005675,-0.0001999999999497959,-9.999999997489795e-05,0.0023849999999896454,4.9999999873762135e-06,-2.0000000006348273e-05,5149,0,1,0,1,0,1,0.9000000000000001,2703.8479111650486,80.97103039495146,16709.78075939123,2806,0
1028.25,1.7,8.5,-2.6,2041.5286,67.15957,0.28510000000005675,0.0,0.0001999999999497959,0.0024000000000086175,1.500000001897206e-05,1.0000000031595846e-05,5150,0,1,0,1,0,1,0.9000000000000001,2703.719330440691,80.96834907862551,16712.230593809225,2807,0
1029.75,1.7,8.5,-2.6,2041.8135,67.16198,0.2848999999998796,-0.00020000000017716957,-0.00020000000017716957,0.0024099999999975807,9.999999988963282e-06,-5.000000030008778e-06,5151,0,1,0,1,0,1,0.9000000000000001,2703.5908549301244,80.96566927096274,16714.680770107232,2808,0
1029.5,1.7,8.5,-2.6,2042.0983,67.164406,0.28480000000013206,-9.999999974752427e-05,0.0001000000004296453,0.002425999999999817,1.6000000002236447e-05,6.000000013273166e-06,5152,0,1,0,1,0,1,0.9000000000000001,2703.462484552688,80.9629909741898,16717.131288165252,2809,0
1030.25,1.7,8.5,-2.6,2042.3828,67.16685,0.28449999999998,-0.0003000000001520675,-0.00020000000040454324,0.002443999999997004,1.7999999997186933e-05,1.9999999949504854e-06,5153,0,1,0,1,0,1,0.9000000000000001,2703.3342191889797,80.96031419091968,16719.582147623285,2810,0
1030.75,1.7,8.5,-2.6,2042.6674,67.1693,0.2845999999999549,9.999999997489795e-05,0.00040000000012696546,0.0024500000000102773,6.000000013273166e-06,-1.1999999983913767e-05,5154,0,1,0,1,0,1,0.9000000000000001,2703.206058797284,80.9576389214355,16722.033348601333,2811,0
1030.75,1.7,8.5,-2.6,2042.9518,67.17176,0.2844000000000051,-0.0001999999999497959,-0.00029999999992469384,0.0024599999999992406,9.999999988963282e-06,3.999999975690116e-06,5155,0,1,0,1,0,1,0.9000000000000001,2703.0780032777348,80.95496516679597,16724.484890859396,2812,0
1029.75,1.7,8.5,-2.6,2043.236,67.17423,0.2842000000000553,-0.0001999999999497959,0.0,0.002469999999988204,9.999999988963282e-06,0.0,5156,0,1,0,1,0,1,0.9000000000000001,2702.950052530541,80.95229292805895,16726.93677415747,2813,0
1029.75,1.7,8.5,-2.6,2043.52,67.17672,0.2839999999998781,-0.00020000000017716957,-2.2737367544323206e-13,0.002490000000008763,2.0000000020559128e-05,1.0000000031595846e-05,5157,0,1,0,1,0,1,0.9000000000000001,2702.8222064559905,80.94962220822023,16729.38899825556,2814,0
1030.25,1.7,8.5,-2.6,2043.8038,67.179214,0.28379999999992833,-0.0001999999999497959,2.2737367544323206e-13,0.002493999999998664,3.999999989900971e-06,-1.6000000030658157e-05,5158,0,1,0,1,0,1,0.9000000000000001,2702.6944649544484,80.94695300717193,16731.84156291366,2815,0
1031.25,1.7,8.5,-2.6,2044.0876,67.181725,0.2838000000001557,2.2737367544323206e-13,0.00020000000017716957,0.0025109999999983756,1.699999999971169e-05,1.300000000981072e-05,5159,0,1,0,1,0,1,0.9000000000000001,2702.5668279651163,80.94428532732557,16734.29446813178,2816,0
1031.75,1.7,8.5,-2.6,2044.3712,67.18424,0.28359999999997854,-0.00020000000017716957,-0.00020000000040454324,0.0025150000000024875,4.0000000041118255e-06,-1.2999999995599865e-05,5160,0,1,0,1,0,1,0.9000000000000001,2702.439295388491,80.94161916857199,16736.74771366991,2817,0
1031.75,1.7,8.5,-2.6,2044.6545,67.186775,0.28330000000005384,-0.00029999999992469384,-9.999999974752427e-05,0.002534999999994625,1.9999999992137418e-05,1.5999999988025593e-05,5161,0,1,0,1,0,1,0.9000000000000001,2702.3118671057728,80.9389545339016,16739.201299168053,2818,0
1030.75,1.7,8.5,-2.6,2044.9377,67.18932,0.28319999999985157,-0.00010000000020227162,0.00019999999972242222,0.002544999999997799,1.0000000003174137e-05,-9.999999988963282e-06,5162,0,1,0,1,0,1,0.9000000000000001,2702.184543036994,80.93629142436568,16741.65522450621,2819,0
1030.5,1.7,8.5,-2.6,2045.2208,67.19188,0.28310000000010405,-9.999999974752427e-05,4.547473508864641e-13,0.0025600000000025602,1.5000000004761205e-05,5.000000001587068e-06,5163,0,1,0,1,0,1,0.9000000000000001,2702.0573231022463,80.93362984198296,16744.10948956438,2820,0
1030.5,1.7,8.5,-2.6,2045.5037,67.19444,0.2828999999999269,-0.00020000000017716957,-0.0001000000004296453,0.0025600000000025602,0.0,-1.5000000004761205e-05,5164,0,1,0,1,0,1,0.9000000000000001,2701.9302072023233,80.93096978586641,16746.564094102563,2821,0
1029.25,1.7,8.5,-2.6,2045.7863,67.19702,0.2826000000000022,-0.00029999999992469384,-9.999999974752427e-05,0.0025799999999946976,1.9999999992137418e-05,1.9999999992137418e-05,5165,0,1,0,1,0,1,0.9000000000000001,2701.803195218738,80.92831125900116,16749.01903776076,2822,0
1028.25,1.7,8.5,-2.6,2046.0687,67.19961,0.2824000000000524,-0.0001999999999497959,9.999999997489795e-05,0.0025900000000120826,1.0000000017384991e-05,-9.999999974752427e-06,5166,0,1,0,1,0,1,0.9000000000000001,2701.676287052448,80.92565426243468,16751.474320298974,2823,0
1028.5,1.7,8.5,-2.6,2046.3511,67.2022,0.2824000000000524,0.0,0.0001999999999497959,0.0025899999999978718,-1.4210854715202004e-14,-1.0000000031595846e-05,5167,0,1,0,1,0,1,0.9000000000000001,2701.5494826431886,80.92299879527863,16753.929941717197,2824,0
1028.25,1.7,8.5,-2.6,2046.633,67.20481,0.2818999999999505,-0.0005000000001018634,-0.0005000000001018634,0.002609999999990009,1.9999999992137418e-05,2.0000000006348273e-05,5168,0,1,0,1,0,1,0.9000000000000001,2701.4227818340105,80.9203448605146,16756.385901415437,2825,0
1028.25,1.7,8.5,-2.6,2046.9149,67.207436,0.2818999999999505,0.0,0.0005000000001018634,0.0026260000000064565,1.6000000016447302e-05,-3.999999975690116e-06,5169,0,1,0,1,0,1,0.9000000000000001,2701.296184564797,80.91769246034816,16758.842199393686,2826,0
1028.75,1.7,8.5,-2.6,2047.1965,67.21007,0.28160000000002583,-0.00029999999992469384,-0.00029999999992469384,0.0026340000000004693,7.999999994012796e-06,-8.000000022434506e-06,5170,0,1,0,1,0,1,0.9000000000000001,2701.169690717463,80.91504159543608,16761.298835291953,2827,0
1028.25,1.7,8.5,-2.6,2047.4779,67.21271,0.28140000000007603,-0.0001999999999497959,9.999999997489795e-05,0.0026399999999995316,5.999999999062311e-06,-1.9999999949504854e-06,5171,0,1,0,1,0,1,0.9000000000000001,2701.043300193349,80.91239226604795,16763.75580887023,2828,0
1029.25,1.7,8.5,-2.6,2047.7592,67.215355,0.28129999999987376,-0.00010000000020227162,9.999999974752427e-05,0.0026450000000011187,5.000000001587068e-06,-9.999999974752427e-07,5172,0,1,0,1,0,1,0.9000000000000001,2700.9170129132035,80.90974447225982,16766.213120008524,2829,0
1029.25,1.7,8.5,-2.6,2048.04,67.21802,0.2807999999999993,-0.0004999999998744897,-0.0003999999996722181,0.002664999999993256,1.9999999992137418e-05,1.499999999055035e-05,5173,0,1,0,1,0,1,0.9000000000000001,2700.7908287205255,80.90709821704677,16768.67076810683,2830,0
1027.25,1.7,8.5,-2.6,2048.3208,67.22069,0.2807999999999993,0.0,0.0004999999998744897,0.002670000000009054,5.000000015797923e-06,-1.4999999976339495e-05,5174,0,1,0,1,0,1,0.9000000000000001,2700.6647475555556,80.90445350048309,16771.12875316515,2831,0
1027.5,1.7,8.5,-2.6,2048.6013,67.22337,0.2804999999998472,-0.0003000000001520675,-0.0003000000001520675,0.0026799999999980173,9.999999988963282e-06,4.999999973165359e-06,5175,0,1,0,1,0,1,0.9000000000000001,2700.5387693006182,80.90181032360897,16773.58707482348,2832,0
1028.75,1.7,8.5,-2.6,2048.8813,67.22606,0.2800000000002001,-0.0004999999996471161,-0.00019999999949504854,0.0026900000000011914,1.0000000003174137e-05,1.4210854715202004e-14,5176,0,1,0,1,0,1,0.9000000000000001,2700.412893799498,80.89916868746378,16776.04573248183,2833,0
1028.75,1.7,8.5,-2.6,2049.1614,67.22876,0.2800999999999476,9.999999974752427e-05,0.0005999999993946403,0.0026999999999901547,9.999999988963282e-06,-1.4210854715202004e-14,5177,0,1,0,1,0,1,0.9000000000000001,2700.287121011974,80.89652859308613,16778.504726260187,2834,0
1028.5,1.7,8.5,-2.6,2049.4412,67.231476,0.2798000000002503,-0.00029999999969732016,-0.00039999999944484443,0.002716000000006602,1.6000000016447302e-05,6.00000002748402e-06,5178,0,1,0,1,0,1,0.9000000000000001,2700.1614508206217,80.89389004267233,16780.964055798562,2835,0
1028.25,1.7,8.5,-2.6,2049.7207,67.23419,0.2794999999996435,-0.00030000000060681487,-9.094947017729282e-13,0.0027139999999974407,-2.00000000916134e-06,-1.8000000025608642e-05,5179,0,1,0,1,0,1,0.9000000000000001,2700.0358831081085,80.89125303494208,16783.423720736948,2836,0
1027.25,1.7,8.5,-2.6,2049.9998,67.23692,0.27910000000019863,-0.00039999999944484443,-9.999999883802957e-05,0.002729999999999677,1.6000000002236447e-05,1.8000000011397788e-05,5180,0,1,0,1,0,1,0.9000000000000001,2699.910417737888,80.88861757209034,16785.88372059535,2837,0
1027.25,1.7,8.5,-2.6,2050.2788,67.23966,0.27899999999999636,-0.00010000000020227162,0.0002999999992425728,0.0027400000000028513,1.0000000003174137e-05,-5.999999999062311e-06,5181,0,1,0,1,0,1,0.9000000000000001,2699.7850546314166,80.88598365515244,16788.34405525376,2838,0
1027.25,1.7,8.5,-2.6,2050.5574,67.24241,0.27860000000009677,-0.0003999999998995918,-0.00029999999969732016,0.0027500000000060254,1.0000000003174137e-05,0.0,5182,0,1,0,1,0,1,0.9000000000000001,2699.659793652325,80.88335128516303,16790.804724232188,2839,0
1028.75,1.7,8.5,-2.6,2050.836,67.24516,0.278599999999642,-4.547473508864641e-13,0.00039999999944484443,0.0027499999999918145,-1.4210854715202004e-14,-1.0000000017384991e-05,5183,0,1,0,1,0,1,0.9000000000000001,2699.534634741512,80.88072046122684,16793.26572753063,2840,0
1029.25,1.7,8.5,-2.6,2051.114,67.24793,0.2780000000002474,-0.0005999999993946403,-0.000599999998939893,0.002769999999998163,2.0000000006348273e-05,2.0000000020559128e-05,5184,0,1,0,1,0,1,0.9000000000000001,2699.409577724204,80.87809118630665,16795.727064429084,2841,0
1028.25,1.7,8.5,-2.6,2051.3918,67.2507,0.27779999999984284,-0.00020000000040454324,0.0003999999989900971,0.002769999999998163,0.0,-2.0000000006348273e-05,5185,0,1,0,1,0,1,0.9000000000000001,2699.2846225028925,80.87546345950636,16798.18873468755,2842,0
1028.25,1.7,8.5,-2.6,2051.6692,67.25349,0.27739999999994325,-0.0003999999998995918,-0.00019999999949504854,0.002790000000004511,2.0000000006348273e-05,2.0000000006348273e-05,5186,0,1,0,1,0,1,0.9000000000000001,2699.159768941585,80.87283728378638,16800.65073782603,2843,0
1028.75,1.7,8.5,-2.6,2051.9465,67.25628,0.2773000000001957,-9.999999974752427e-05,0.0003000000001520675,0.002790000000004511,0.0,-2.0000000006348273e-05,5187,0,1,0,1,0,1,0.9000000000000001,2699.0350169622207,80.87021265824981,16803.113073724522,2844,0
1027.75,1.7,8.5,-2.6,2052.2234,67.25908,0.2768999999998414,-0.00040000000035433914,-0.00030000000060681487,0.0027999999999934744,9.999999988963282e-06,9.999999988963282e-06,5188,0,1,0,1,0,1,0.9000000000000001,2698.9103664289846,80.86758958392754,16805.57574190303,2845,0
1026.25,1.7,8.5,-2.6,2052.5,67.261894,0.27660000000014406,-0.00029999999969732016,0.00010000000065701897,0.0028140000000007603,1.4000000007285962e-05,4.00000001832268e-06,5189,0,1,0,1,0,1,0.9000000000000001,2698.7858172254337,80.86496806262042,16808.03874200155,2846,0
1026.25,1.7,8.5,-2.6,2052.7764,67.26471,0.27640000000019427,-0.0001999999999497959,9.999999974752427e-05,0.002815999999995711,1.9999999949504854e-06,-1.2000000012335477e-05,5190,0,1,0,1,0,1,0.9000000000000001,2698.661369254479,80.86234809381621,16810.502073780084,2847,0
1027.25,1.7,8.5,-2.6,2053.0525,67.26753,0.27609999999958745,-0.00030000000060681487,-0.00010000000065701897,0.0028199999999998226,4.0000000041118255e-06,2.00000000916134e-06,5191,0,1,0,1,0,1,0.9000000000000001,2698.537022399846,80.85972967738829,16812.96573687863,2848,0
1026.25,1.7,8.5,-2.6,2053.3281,67.27037,0.2756000000003951,-0.0004999999991923687,-0.00019999999858555384,0.002840000000006171,2.0000000006348273e-05,1.6000000002236447e-05,5192,0,1,0,1,0,1,0.9000000000000001,2698.412776506836,80.85711281629116,16815.42973069719,2849,0
1026.25,1.7,8.5,-2.6,2053.6035,67.27321,0.27539999999999054,-0.00020000000040454324,0.00029999999878782546,0.002840000000006171,0.0,-2.0000000006348273e-05,5193,0,1,0,1,0,1,0.9000000000000001,2698.288631478629,80.85449750962648,16817.894054995762,2850,0
1027.75,1.7,8.5,-2.6,2053.8787,67.27606,0.27520000000004075,-0.0001999999999497959,4.547473508864641e-13,0.002849999999995134,9.999999988963282e-06,9.999999988963282e-06,5194,0,1,0,1,0,1,0.9000000000000001,2698.1645872184795,80.85188375842155,16820.358709534346,2851,0
1028.25,1.7,8.5,-2.6,2054.1533,67.278915,0.2745999999997366,-0.000600000000304135,-0.00040000000035433914,0.0028549999999967213,5.000000001587068e-06,-4.9999999873762135e-06,5195,0,1,0,1,0,1,0.9000000000000001,2698.040643552733,80.84927156274057,16822.82369359295,2852,0
1027.25,1.7,8.5,-2.6,2054.4277,67.281784,0.27440000000024156,-0.00019999999949504854,0.0004000000008090865,0.0028690000000040072,1.4000000007285962e-05,9.000000005698894e-06,5196,0,1,0,1,0,1,0.9000000000000001,2697.9168003848376,80.84666092437945,16825.28900693156,2853,0
1027.25,1.7,8.5,-2.6,2054.7017,67.28465,0.2739999999998872,-0.00040000000035433914,-0.0002000000008592906,0.0028659999999973707,-3.000000006636583e-06,-1.7000000013922545e-05,5197,0,1,0,1,0,1,0.9000000000000001,2697.7930575798387,80.84405184186225,16827.754649070186,2854,0
1028.25,1.7,8.5,-2.6,2054.9753,67.28754,0.27359999999998763,-0.0003999999998995918,4.547473508864641e-13,0.0028900000000078307,2.40000000104601e-05,2.700000001709668e-05,5198,0,1,0,1,0,1,0.9000000000000001,2697.669415002885,80.84144431890748,16830.220619528824,2855,0
1029.25,1.7,8.5,-2.6,2055.2488,67.29042,0.27349999999978536,-0.00010000000020227162,0.00029999999969732016,0.0028799999999904458,-1.0000000017384991e-05,-3.400000002784509e-05,5199,0,1,0,1,0,1,0.9000000000000001,2697.545872576923,80.8388383526923,16832.686918187475,2856,0
1028.25,1.7,8.5,-2.6,2055.5217,67.29332,0.27289999999993597,-0.0005999999998493877,-0.0004999999996471161,0.002899999999996794,2.0000000006348273e-05,3.0000000023733264e-05,5200,0,1,0,1,0,1,0.9000000000000001,2697.4224301288214,80.8362339461642,16835.153544326142,2857,0
1027.75,1.7,8.5,-2.6,2055.7942,67.29622,0.2725000000000364,-0.0003999999998995918,0.0001999999999497959,0.002900000000011005,1.4210854715202004e-14,-1.9999999992137418e-05,5201,0,1,0,1,0,1,0.9000000000000001,2697.2990875240293,80.83363109842368,16837.62049746482,2858,0
1029.75,1.7,8.5,-2.6,2056.0664,67.299126,0.27220000000033906,-0.00029999999969732016,0.00010000000020227162,0.0029059999999958563,5.999999984851456e-06,5.9999999706406015e-06,5202,0,1,0,1,0,1,0.9000000000000001,2697.175844647319,80.83102980972517,16840.087777243512,2859,0
1029.25,1.7,8.5,-2.6,2056.3384,67.30204,0.2719999999999345,-0.00020000000040454324,9.999999929277692e-05,0.00291400000000408,8.000000008223651e-06,2.000000023372195e-06,5203,0,1,0,1,0,1,0.9000000000000001,2697.052701402767,80.82843008070715,16842.555383422216,2860,0
1028.25,1.7,8.5,-2.6,2056.6099,67.30496,0.27149999999983265,-0.0005000000001018634,-0.00029999999969732016,0.0029199999999889314,5.999999984851456e-06,-2.000000023372195e-06,5204,0,1,0,1,0,1,0.9000000000000001,2696.929657636888,80.82583191162344,16845.023315400933,2861,0
1028.0,1.7,8.5,-2.6,2056.881,67.30789,0.27109999999993306,-0.0003999999998995918,0.00010000000020227162,0.0029300000000063164,1.0000000017384991e-05,4.000000032533535e-06,5205,0,1,0,1,0,1,0.9000000000000001,2696.8067132155206,80.82323530349596,16847.491572699662,2862,0
1026.25,1.7,8.5,-2.6,2057.1516,67.31083,0.27060000000028595,-0.0004999999996471161,-9.999999974752427e-05,0.0029399999999952797,9.999999988963282e-06,-2.842170943040401e-14,5206,0,1,0,1,0,1,0.9000000000000001,2696.683867985404,80.82064025734587,16849.960154718407,2863,0
1025.75,1.7,8.5,-2.6,2057.422,67.313774,0.2703999999998814,-0.00020000000040454324,0.0002999999992425728,0.0029439999999993915,4.0000000041118255e-06,-5.999999984851456e-06,5207,0,1,0,1,0,1,0.9000000000000001,2696.5611218509985,80.81804677304147,16852.42906121716,2864,0
1025.75,1.7,8.5,-2.6,2057.6921,67.31672,0.2701000000001841,-0.00029999999969732016,-9.999999929277692e-05,0.002946000000008553,2.00000000916134e-06,-1.9999999949504854e-06,5208,0,1,0,1,0,1,0.9000000000000001,2696.4384746976384,80.81545485006718,16854.898291835932,2865,0
1024.25,1.7,8.5,-2.6,2057.9617,67.31968,0.26959999999962747,-0.0005000000005566108,-0.0002000000008592906,0.002960000000001628,1.3999999993075107e-05,1.1999999983913767e-05,5209,0,1,0,1,0,1,0.9000000000000001,2696.3159263723605,80.81286449021113,16857.367845974713,2866,0
1024.75,1.7,8.5,-2.6,2058.2307,67.32264,0.26900000000023283,-0.0005999999993946403,-9.999999883802957e-05,0.002960000000001628,0.0,-1.3999999993075107e-05,5210,0,1,0,1,0,1,0.9000000000000001,2696.193476703128,80.8102756925734,16859.837722913508,2867,0
1026.75,1.7,8.5,-2.6,2058.4995,67.32561,0.2687999999998283,-0.00020000000040454324,0.0003999999989900971,0.0029699999999905913,9.999999988963282e-06,9.999999988963282e-06,5211,0,1,0,1,0,1,0.9000000000000001,2696.0711255947813,80.80768845817344,16862.307922412318,2868,0
1027.0,1.7,8.5,-2.6,2058.7678,67.32858,0.26830000000018117,-0.0004999999996471161,-0.0002999999992425728,0.002970000000004802,1.4210854715202004e-14,-9.999999974752427e-06,5212,0,1,0,1,0,1,0.9000000000000001,2695.9488728946867,80.80510278611165,16864.77844387114,2869,0
1028.75,1.7,8.5,-2.6,2059.0356,67.33156,0.2678000000000793,-0.0005000000001018634,-4.547473508864641e-13,0.0029799999999937654,9.999999988963282e-06,9.999999974752427e-06,5213,0,1,0,1,0,1,0.9000000000000001,2695.826718450326,80.80251867740698,16867.24928668997,2870,0
1028.25,1.7,8.5,-2.6,2059.3032,67.33454,0.26759999999967476,-0.00020000000040454324,0.00029999999969732016,0.0029800000000079763,1.4210854715202004e-14,-9.999999974752427e-06,5214,0,1,0,1,0,1,0.9000000000000001,2695.7046621668264,80.79993613116012,16869.720450628818,2871,0
1027.75,1.7,8.5,-2.6,2059.5703,67.33753,0.26710000000002765,-0.0004999999996471161,-0.0002999999992425728,0.0029899999999969396,9.999999988963282e-06,9.999999974752427e-06,5215,0,1,0,1,0,1,0.9000000000000001,2695.5827038918715,80.79735514838957,16872.191935087678,2872,0
1027.5,1.7,8.5,-2.6,2059.837,67.34053,0.26670000000012806,-0.0003999999998995918,9.999999974752427e-05,0.0030000000000001137,1.0000000003174137e-05,1.4210854715202004e-14,5216,0,1,0,1,0,1,0.9000000000000001,2695.4608434924285,80.7947757301131,16874.66373958655,2873,0
1026.25,1.7,8.5,-2.6,2060.103,67.34353,0.2660000000000764,-0.0007000000000516593,-0.0003000000001520675,0.0030000000000001137,0.0,-1.0000000003174137e-05,5217,0,1,0,1,0,1,0.9000000000000001,2695.339080778076,80.7921978754312,16877.135863285435,2874,0
1024.75,1.7,8.5,-2.6,2060.369,67.34654,0.2660000000000764,0.0,0.0007000000000516593,0.003010000000003288,1.0000000003174137e-05,1.0000000003174137e-05,5218,0,1,0,1,0,1,0.9000000000000001,2695.2174156926617,80.78962158536117,16879.60830618433,2875,0
1024.75,1.7,8.5,-2.6,2060.6343,67.34955,0.26530000000002474,-0.0007000000000516593,-0.0007000000000516593,0.003009999999989077,-1.4210854715202004e-14,-1.0000000017384991e-05,5219,0,1,0,1,0,1,0.9000000000000001,2695.095848045977,80.78704685900384,16882.081067443243,2876,0
1022.75,1.7,8.5,-2.6,2060.899,67.35257,0.2646999999997206,-0.000600000000304135,9.999999974752427e-05,0.003020000000006462,1.0000000017384991e-05,1.0000000031595846e-05,5220,0,1,0,1,0,1,0.9000000000000001,2694.9743776671135,80.78447369737599,16884.554146342165,2877,0
1023.75,1.7,8.5,-2.6,2061.1636,67.35559,0.2645999999999731,-9.999999974752427e-05,0.0005000000005566108,0.003020000000006462,0.0,-1.0000000017384991e-05,5221,0,1,0,1,0,1,0.9000000000000001,2694.853004481042,80.7819020995787,16887.0275427611,2878,0
1024.0,1.7,8.5,-2.6,2061.4275,67.35862,0.2638999999999214,-0.0007000000000516593,-0.000600000000304135,0.0030299999999954252,9.999999988963282e-06,9.999999988963282e-06,5222,0,1,0,1,0,1,0.9000000000000001,2694.731728297913,80.77933206662837,16889.50125586005,2879,0
1023.75,1.7,8.5,-2.6,2061.691,67.36165,0.26350000000002183,-0.0003999999998995918,0.0003000000001520675,0.0030299999999954252,0.0,-9.999999988963282e-06,5223,0,1,0,1,0,1,0.9000000000000001,2694.6105489854517,80.77676359762634,16891.975285159013,2880,0
1024.25,1.7,8.5,-2.6,2061.9539,67.364685,0.26290000000017244,-0.0005999999998493877,-0.0001999999999497959,0.0030349999999970123,5.000000001587068e-06,5.000000001587068e-06,5224,0,1,0,1,0,1,0.9000000000000001,2694.4894663732057,80.77419669263159,16894.449629937986,2881,0
1023.75,1.7,8.5,-2.6,2062.2166,67.36773,0.26270000000022264,-0.0001999999999497959,0.0003999999998995918,0.0030450000000001864,1.0000000003174137e-05,5.000000001587068e-06,5225,0,1,0,1,0,1,0.9000000000000001,2694.368480367394,80.77163135265978,16896.924289956973,2882,0
1023.25,1.7,8.5,-2.6,2062.4785,67.37077,0.2618999999999687,-0.0008000000002539309,-0.000600000000304135,0.0030399999999985994,-5.000000001587068e-06,-1.5000000004761205e-05,5226,0,1,0,1,0,1,0.9000000000000001,2694.247590759518,80.76906757585613,16899.39926425597,2883,0
1023.0,1.7,8.5,-2.6,2062.74,67.373825,0.2614999999996144,-0.00040000000035433914,0.0003999999998995918,0.0030550000000033606,1.5000000004761205e-05,2.0000000006348273e-05,5227,0,1,0,1,0,1,0.9000000000000001,2694.1267974177504,80.76650536419281,16901.87455235498,2884,0
1022.75,1.7,9.5,-2.6,2063.0012,67.37688,0.2612000000003718,-0.0002999999992425728,0.00010000000111176632,0.0030550000000033606,0.0,-1.5000000004761205e-05,5228,0,1,0,1,0,1,0.9000000000000001,2694.006100229489,80.76394471677186,16904.350153894007,2885,0
1020.25,1.7,9.5,-2.6,2063.2617,67.37994,0.2604999999998654,-0.0007000000005064066,-0.00040000000126383384,0.0030600000000049477,5.000000001587068e-06,5.000000001587068e-06,5229,0,1,0,1,0,1,0.9000000000000001,2693.885499005736,80.761385633652,16906.826068033042,2886,0
1020.25,1.7,9.5,-2.6,2063.522,67.382996,0.2602999999999156,-0.0001999999999497959,0.0005000000005566108,0.003056000000000836,-4.0000000041118255e-06,-9.000000005698894e-06,5230,0,1,0,1,0,1,0.9000000000000001,2693.764993653221,80.75882811317148,16909.30229453209,2887,0
1019.75,1.7,9.5,-2.6,2063.7815,67.38606,0.2595000000001164,-0.0007999999997991836,-0.0005999999998493877,0.0030639999999948486,7.999999994012796e-06,1.1999999998124622e-05,5231,0,1,0,1,0,1,0.9000000000000001,2693.6445839640674,80.7562721559633,16911.77883243115,2888,0
1018.25,1.7,9.5,-2.6,2064.0405,67.38913,0.25900000000001455,-0.0005000000001018634,0.00029999999969732016,0.003069999999993911,5.999999999062311e-06,-1.9999999949504854e-06,5232,0,1,0,1,0,1,0.9000000000000001,2693.5242697878844,80.75371776227784,16914.255681130227,2889,0
1018.25,1.7,9.5,-2.6,2064.299,67.392204,0.2584999999999127,-0.0005000000001018634,0.0,0.0030740000000122336,4.00000001832268e-06,-1.9999999807396307e-06,5233,0,1,0,1,0,1,0.9000000000000001,2693.404050974398,80.7511649319832,16916.73284002931,2890,0
1018.5,1.7,9.5,-2.6,2064.5571,67.39529,0.2581000000000131,-0.0003999999998995918,0.00010000000020227162,0.0030859999999961474,1.1999999983913767e-05,7.999999965591087e-06,5234,0,1,0,1,0,1,0.9000000000000001,2693.28392739255,80.74861366647563,16919.210308648413,2891,0
1018.25,1.7,9.5,-2.6,2064.8147,67.39836,0.25759999999991123,-0.0005000000001018634,-0.00010000000020227162,0.003069999999993911,-1.6000000002236447e-05,-2.7999999986150215e-05,5235,0,1,0,1,0,1,0.9000000000000001,2693.163898892284,80.7460639618029,16921.688086387523,2892,0
1019.25,1.7,9.5,-2.6,2065.0718,67.40145,0.2571000000002641,-0.0004999999996471161,4.547473508864641e-13,0.003090000000000259,2.0000000006348273e-05,3.600000000858472e-05,5236,0,1,0,1,0,1,0.9000000000000001,2693.0439653236585,80.74351582088981,16924.16617264665,2893,0
1020.25,1.7,9.5,-2.6,2065.3284,67.40453,0.2565999999997075,-0.0005000000005566108,-9.094947017729282e-13,0.003079999999997085,-1.0000000003174137e-05,-3.000000000952241e-05,5237,0,1,0,1,0,1,0.9000000000000001,2692.924126536846,80.74096924093165,16926.644566825784,2894,0
1019.75,1.7,9.5,-2.6,2065.5842,67.40762,0.2557999999999083,-0.0007999999997991836,-0.0002999999992425728,0.003090000000000259,1.0000000003174137e-05,2.0000000006348273e-05,5238,0,1,0,1,0,1,0.9000000000000001,2692.8043823248713,80.73842422294331,16929.12326796493,2895,0
1018.75,1.7,9.5,-2.6,2065.8396,67.41072,0.25540000000000873,-0.0003999999998995918,0.0003999999998995918,0.0031000000000034333,1.0000000003174137e-05,0.0,5239,0,1,0,1,0,1,0.9000000000000001,2692.684732557252,80.73588076793892,16931.60227558409,2896,0
1019.25,1.7,9.5,-2.6,2066.0945,67.41382,0.2549000000003616,-0.0004999999996471161,-9.999999974752427e-05,0.0031000000000034333,0.0,-1.0000000003174137e-05,5240,0,1,0,1,0,1,0.9000000000000001,2692.565177084526,80.73333887502385,16934.081589083264,2897,0
1019.75,1.7,9.5,-2.6,2066.3489,67.416916,0.254399999999805,-0.0005000000005566108,-9.094947017729282e-13,0.0030959999999993215,-4.0000000041118255e-06,-4.0000000041118255e-06,5241,0,1,0,1,0,1,0.9000000000000001,2692.4457157573447,80.73079854254101,16936.561207862447,2898,0
1019.75,1.7,9.5,-2.6,2066.6025,67.42002,0.2536000000000058,-0.0007999999997991836,-0.0002999999992425728,0.0031039999999933343,7.999999994012796e-06,1.1999999998124622e-05,5242,0,1,0,1,0,1,0.9000000000000001,2692.3263483692544,80.7282597711234,16939.041130961647,2899,0
1019.25,1.7,9.5,-2.6,2066.856,67.42313,0.2535000000002583,-9.999999974752427e-05,0.0007000000000516593,0.0031100000000066075,6.000000013273166e-06,-1.9999999807396307e-06,5243,0,1,0,1,0,1,0.9000000000000001,2692.207074847445,80.72572256102211,16941.521358260856,2900,0
1019.75,1.7,9.5,-2.6,2067.1084,67.42623,0.2523999999998523,-0.0011000000004059984,-0.0010000000006584742,0.0031000000000034333,-1.0000000003174137e-05,-1.6000000016447302e-05,5244,0,1,0,1,0,1,0.9000000000000001,2692.0878949285034,80.72318690943756,16944.001888440074,2901,0
1021.25,1.7,9.5,-2.6,2067.3606,67.42934,0.2521999999999025,-0.0001999999999497959,0.0009000000004562025,0.0031099999999923966,9.999999988963282e-06,1.9999999992137418e-05,5245,0,1,0,1,0,1,0.9000000000000001,2691.9688085207777,80.72065281738467,16946.482721259308,2902,0
1021.25,1.7,9.5,-2.6,2067.612,67.43245,0.2514000000001033,-0.0007999999997991836,-0.0005999999998493877,0.0031100000000066075,1.4210854715202004e-14,-9.999999974752427e-06,5246,0,1,0,1,0,1,0.9000000000000001,2691.8498154183344,80.7181202839718,16948.963855758553,2903,0
1020.25,1.7,9.5,-2.6,2067.863,67.43556,0.250999999999749,-0.00040000000035433914,0.00039999999944484443,0.0031099999999923966,-1.4210854715202004e-14,-2.842170943040401e-14,5247,0,1,0,1,0,1,0.9000000000000001,2691.7309154916156,80.71558930830793,16951.44529145781,2904,0
1020.75,1.7,9.5,-2.6,2068.1133,67.43868,0.25030000000015207,-0.000699999999596912,-0.0002999999992425728,0.0031200000000097816,1.0000000017384991e-05,1.0000000031595846e-05,5248,0,1,0,1,0,1,0.9000000000000001,2691.6121085540103,80.71305989140788,16953.927027517082,2905,0
1021.25,1.7,9.5,-2.6,2068.363,67.4418,0.24969999999984793,-0.000600000000304135,9.999999929277692e-05,0.0031199999999955708,-1.4210854715202004e-14,-1.0000000031595846e-05,5249,0,1,0,1,0,1,0.9000000000000001,2691.4933944380955,80.71053203238095,16956.40906321636,2906,0
1021.25,1.7,9.5,-2.6,2068.6123,67.44492,0.24929999999994834,-0.0003999999998995918,0.00020000000040454324,0.0031199999999955708,0.0,1.4210854715202004e-14,5250,0,1,0,1,0,1,0.9000000000000001,2691.374773014664,80.70800573033708,16958.891398075655,2907,0
1020.25,1.7,9.5,-2.6,2068.8608,67.448044,0.24850000000014916,-0.0007999999997991836,-0.0003999999998995918,0.0031239999999996826,4.0000000041118255e-06,4.0000000041118255e-06,5251,0,1,0,1,0,1,0.9000000000000001,2691.2562440784463,80.70548098514851,16961.37403113496,2908,0
1020.25,1.7,9.5,-2.6,2069.109,67.451164,0.2481999999999971,-0.0003000000001520675,0.0004999999996471161,0.0031200000000097816,-3.999999989900971e-06,-7.999999994012796e-06,5252,0,1,0,1,0,1,0.9000000000000001,2691.1378075195125,80.70295779516466,16963.85696203428,2909,0
1020.0,1.7,9.5,-2.6,2069.3562,67.45429,0.2472000000002481,-0.0009999999997489795,-0.000699999999596912,0.003125999999994633,5.999999984851456e-06,9.999999974752427e-06,5253,0,1,0,1,0,1,0.9000000000000001,2691.019463094785,80.70043616063951,16966.340189573606,2910,0
1020.25,1.7,9.5,-2.6,2069.603,67.45742,0.24679999999989377,-0.00040000000035433914,0.0005999999993946403,0.003129999999998745,4.0000000041118255e-06,-1.9999999807396307e-06,5254,0,1,0,1,0,1,0.9000000000000001,2690.901210675547,80.69791608144624,16968.82371327295,2911,0
1021.25,1.7,9.5,-2.6,2069.849,67.46055,0.2460000000000946,-0.0007999999997991836,-0.00039999999944484443,0.003129999999998745,0.0,-4.0000000041118255e-06,5255,0,1,0,1,0,1,0.9000000000000001,2690.7830500570776,80.69539755669712,16971.3075321723,2912,0
1021.0,1.7,9.5,-2.6,2070.0947,67.46368,0.24569999999994252,-0.0003000000001520675,0.0004999999996471161,0.003129999999998745,0.0,0.0,5256,0,1,0,1,0,1,0.9000000000000001,2690.664981129922,80.69288058550504,16973.791645911664,2913,0
1021.75,1.7,9.5,-2.6,2070.3396,67.466805,0.2448999999996886,-0.0008000000002539309,-0.0005000000001018634,0.003124999999997158,-5.000000001587068e-06,-5.000000001587068e-06,5257,0,1,0,1,0,1,0.9000000000000001,2690.547003689616,80.6903651660327,16976.27605353104,2914,0
1021.25,1.7,9.5,-2.6,2070.584,67.46993,0.24440000000004147,-0.0004999999996471161,0.00030000000060681487,0.0031250000000113687,1.4210854715202004e-14,5.000000015797923e-06,5258,0,1,0,1,0,1,0.9000000000000001,2690.429117588895,80.68785129739494,16978.76075443043,2915,0
1022.25,1.7,9.5,-2.6,2070.8276,67.47307,0.2436000000002423,-0.0007999999997991836,-0.0003000000001520675,0.003140000000001919,1.499999999055035e-05,1.4999999976339495e-05,5259,0,1,0,1,0,1,0.9000000000000001,2690.311322623574,80.68533898155894,16981.24574764983,2916,0
1021.75,1.7,9.5,-2.8,2071.0706,67.476204,0.24299999999993815,-0.000600000000304135,0.00019999999949504854,0.003133999999988646,-6.000000013273166e-06,-2.1000000003823516e-05,5260,0,1,0,1,0,1,1.0999999999999999,2690.193618627637,80.68282821649876,16983.73103246924,2917,0
1021.75,1.7,9.5,-2.8,2071.313,67.47933,0.24240000000008877,-0.0005999999998493877,4.547473508864641e-13,0.003126000000008844,-7.999999979801942e-06,-1.999999966528776e-06,5261,0,1,0,1,0,1,1.0999999999999999,2690.076005435196,80.68031899980996,16986.216608168663,2918,0
1022.75,1.7,9.5,-2.8,2071.5547,67.48247,0.2417000000000371,-0.0007000000000516593,-0.00010000000020227162,0.003140000000001919,1.3999999993075107e-05,2.199999997287705e-05,5262,0,1,0,1,0,1,1.0999999999999999,2689.958482861486,80.67781133327,16988.7024739081,2919,0
1022.75,1.7,9.5,-2.8,2071.7957,67.4856,0.24099999999998545,-0.0007000000000516593,0.0,0.003129999999998745,-1.0000000003174137e-05,-2.3999999996249244e-05,5263,0,1,0,1,0,1,1.0999999999999999,2689.8410507218846,80.67530521409574,16991.188628847543,2920,0
1023.0,1.7,9.5,-2.8,2072.0361,67.48874,0.2403999999996813,-0.000600000000304135,9.999999974752427e-05,0.003140000000001919,1.0000000003174137e-05,2.0000000006348273e-05,5264,0,1,0,1,0,1,1.0999999999999999,2689.723708850902,80.67280064330485,16993.675072267004,2921,0
1021.75,1.7,9.5,-2.8,2072.276,67.491875,0.2399000000000342,-0.0004999999996471161,0.00010000000065701897,0.003134999999986121,-5.000000015797923e-06,-1.500000001897206e-05,5265,0,1,0,1,0,1,1.0999999999999999,2689.6064571021648,80.6702976190657,16996.161803566472,2922,0
1021.75,1.7,9.5,-2.8,2072.515,67.49501,0.23900000000003274,-0.0009000000000014552,-0.00040000000035433914,0.003135000000000332,1.4210854715202004e-14,5.000000030008778e-06,5266,0,1,0,1,0,1,1.0999999999999999,2689.489295253465,80.66779614049743,16998.648821665953,2923,0
1021.25,1.7,9.5,-2.8,2072.7534,67.498146,0.23840000000018335,-0.0005999999998493877,0.0003000000001520675,0.003136000000012018,1.0000000116860974e-06,9.999999974752427e-07,5267,0,1,0,1,0,1,1.0999999999999999,2689.3722231397114,80.66529620690964,17001.136125845445,2924,0
1022.25,1.7,9.5,-2.8,2072.991,67.50128,0.23759999999992942,-0.0008000000002539309,-0.00020000000040454324,0.003133999999988646,-2.000000023372195e-06,-3.0000000350582923e-06,5268,0,1,0,1,0,1,1.0999999999999999,2689.255240557981,80.66279781704307,17003.62371514495,2925,0
1020.25,1.7,9.5,-2.8,2073.228,67.50442,0.23700000000008004,-0.0005999999998493877,0.00020000000040454324,0.003140000000001919,6.000000013273166e-06,8.00000003664536e-06,5269,0,1,0,1,0,1,1.0999999999999999,2689.1383473434535,80.6603009711575,17006.111588844462,2926,0
1020.75,1.7,9.5,-2.8,2073.4646,67.507545,0.2365999999997257,-0.00040000000035433914,0.00019999999949504854,0.003124999999997158,-1.5000000004761205e-05,-2.100000001803437e-05,5270,0,1,0,1,0,1,1.0999999999999999,2689.0215433693797,80.65780566552836,17008.59974646399,2927,0
1022.25,1.7,9.5,-2.8,2073.7002,67.51068,0.23560000000043146,-0.0009999999992942321,-0.000599999998939893,0.003135000000000332,1.0000000003174137e-05,2.500000000793534e-05,5271,0,1,0,1,0,1,1.0999999999999999,2688.904828395296,80.65531190117602,17011.08818680353,2928,0
1022.25,1.7,9.5,-2.8,2073.9353,67.51382,0.23509999999987485,-0.0005000000005566108,0.0004999999987376214,0.003140000000001919,5.000000001587068e-06,-5.000000001587068e-06,5272,0,1,0,1,0,1,1.0999999999999999,2688.7882022757444,80.65281967817182,17013.576909263076,2929,0
1023.25,1.7,9.5,-2.8,2074.1694,67.51695,0.23410000000012587,-0.0009999999997489795,-0.0004999999991923687,0.003129999999998745,-1.0000000003174137e-05,-1.5000000004761205e-05,5273,0,1,0,1,0,1,1.0999999999999999,2688.6716647705725,80.65032899374289,17016.065912642636,2930,0
1021.25,1.7,9.5,-2.8,2074.403,67.52008,0.23359999999956926,-0.0005000000005566108,0.0004999999991923687,0.003129999999998745,0.0,1.0000000003174137e-05,5274,0,1,0,1,0,1,1.0999999999999999,2688.5552157345974,80.64783984701421,17018.555196342208,2931,0
1020.75,1.7,9.5,-2.8,2074.636,67.52322,0.23300000000017462,-0.0005999999993946403,-9.999999883802957e-05,0.003140000000001919,1.0000000003174137e-05,1.0000000003174137e-05,5275,0,1,0,1,0,1,1.0999999999999999,2688.4388550037906,80.64535223900683,17021.04475964179,2932,0
1021.75,1.7,9.5,-2.8,2074.8682,67.526344,0.2321999999999207,-0.0008000000002539309,-0.0002000000008592906,0.0031239999999996826,-1.6000000002236447e-05,-2.6000000005410584e-05,5276,0,1,0,1,0,1,1.0999999999999999,2688.3225823763505,80.6428661658139,17023.534601581385,2933,0
1019.75,1.7,9.5,-2.8,2075.0996,67.52948,0.2314000000001215,-0.0007999999997991836,4.547473508864641e-13,0.003136000000012018,1.2000000012335477e-05,2.8000000014571924e-05,5277,0,1,0,1,0,1,1.0999999999999999,2688.2063976506256,80.64038162883668,17026.02472120099,2934,0
1019.25,1.7,9.5,-2.8,2075.3303,67.53261,0.23070000000006985,-0.0007000000000516593,9.999999974752427e-05,0.003129999999998745,-6.000000013273166e-06,-1.8000000025608642e-05,5278,0,1,0,1,0,1,1.0999999999999999,2688.0903006440612,80.63789862606555,17028.515117660605,2935,0
1020.75,1.7,9.5,-2.8,2075.5603,67.535736,0.2300000000000182,-0.0007000000000516593,0.0,0.003125999999994633,-4.0000000041118255e-06,2.00000000916134e-06,5279,0,1,0,1,0,1,1.0999999999999999,2687.9742911742424,80.63541715587121,17031.00579012023,2936,0
1020.75,1.7,9.5,-2.8,2075.7896,67.53886,0.22929999999996653,-0.0007000000000516593,0.0,0.0031239999999996826,-1.9999999949504854e-06,2.00000000916134e-06,5280,0,1,0,1,0,1,1.0999999999999999,2687.8583690588903,80.63293721700435,17033.496737739868,2937,0
1020.75,1.7,9.5,-2.8,2076.018,67.541985,0.22839999999996508,-0.0009000000000014552,-0.0001999999999497959,0.003124999999997158,9.999999974752427e-07,2.999999992425728e-06,5281,0,1,0,1,0,1,1.0999999999999999,2687.7425340780005,80.63045880878455,17035.987959439517,2938,0
1019.25,1.7,9.5,-2.8,2076.2458,67.545105,0.2278000000001157,-0.0005999999998493877,0.0003000000001520675,0.0031200000000097816,-4.9999999873762135e-06,-5.999999984851456e-06,5282,0,1,0,1,0,1,1.0999999999999999,2687.6267860685216,80.62798192939619,17038.47945449918,2939,0
1020.75,1.7,9.5,-2.8,2076.473,67.548225,0.22719999999981155,-0.000600000000304135,-4.547473508864641e-13,0.0031199999999955708,-1.4210854715202004e-14,4.999999973165359e-06,5283,0,1,0,1,0,1,1.0999999999999999,2687.511124867525,80.62550657797124,17040.97122219885,2940,0
1020.75,1.7,9.5,-2.8,2076.6992,67.551346,0.22620000000006257,-0.0009999999997489795,-0.00039999999944484443,0.003120999999993046,9.999999974752427e-07,1.0000000116860974e-06,5284,0,1,0,1,0,1,1.0999999999999999,2687.3955502365184,80.6230327538316,17043.46326133853,2941,0
1020.75,1.7,9.5,-2.8,2076.9248,67.55447,0.22559999999975844,-0.000600000000304135,0.00039999999944484443,0.0031239999999996826,3.000000006636583e-06,2.00000000916134e-06,5285,0,1,0,1,0,1,1.0999999999999999,2687.280062012864,80.62056045667802,17045.95557119822,2942,0
1019.75,1.7,9.5,-2.8,2077.1494,67.55758,0.22460000000000946,-0.0009999999997489795,-0.00039999999944484443,0.0031100000000066075,-1.3999999993075107e-05,-1.699999999971169e-05,5286,0,1,0,1,0,1,1.0999999999999999,2687.1646599583883,80.61808968299603,17048.448150577926,2943,0
1019.25,1.7,9.5,-2.8,2077.3735,67.56069,0.22410000000036234,-0.0004999999996471161,0.0005000000001018634,0.0031099999999923966,-1.4210854715202004e-14,1.3999999978864253e-05,5287,0,1,0,1,0,1,1.0999999999999999,2687.049343929652,80.61562043192133,17050.94099887764,2944,0
1018.25,1.7,9.5,-2.8,2077.5967,67.563805,0.22319999999990614,-0.0009000000004562025,-0.0004000000008090865,0.0031150000000081945,5.000000015797923e-06,5.000000030008778e-06,5288,0,1,0,1,0,1,1.0999999999999999,2686.9341137076954,80.61315270353563,17053.434115017364,2945,0
1016.75,1.7,9.5,-2.8,2077.8193,67.56692,0.22260000000005675,-0.0005999999998493877,0.00030000000060681487,0.0031149999999939837,-1.4210854715202004e-14,-5.000000030008778e-06,5289,0,1,0,1,0,1,1.0999999999999999,2686.8189691304347,80.61068649697542,17055.9274982771,2946,0
1017.25,1.7,9.5,-2.8,2078.041,67.57002,0.2217000000000553,-0.0009000000000014552,-0.0003000000001520675,0.0031000000000034333,-1.499999999055035e-05,-1.4999999976339495e-05,5290,0,1,0,1,0,1,1.0999999999999999,2686.70390997921,80.60822180854281,17058.421147576846,2947,0
1017.5,1.7,9.5,-2.8,2078.262,67.57313,0.22100000000000364,-0.0007000000000516593,0.0001999999999497959,0.0031100000000066075,1.0000000003174137e-05,2.4999999993724487e-05,5291,0,1,0,1,0,1,1.0999999999999999,2686.5889360733186,80.60575863926682,17060.9150620766,2948,0
1016.75,1.7,9.5,-2.8,2078.482,67.576225,0.2199999999997999,-0.0010000000002037268,-0.0003000000001520675,0.0030949999999876354,-1.500000001897206e-05,-2.5000000022146196e-05,5292,0,1,0,1,0,1,1.0999999999999999,2686.474047175515,80.60329698545249,17063.40924057637,2949,0
1016.5,1.7,9.5,-2.8,2078.7012,67.57932,0.21920000000000073,-0.0007999999997991836,0.00020000000040454324,0.0030950000000018463,1.4210854715202004e-14,1.5000000033182914e-05,5293,0,1,0,1,0,1,1.0999999999999999,2686.3592430865133,80.60083684624102,17065.903682116146,2950,0
1017.75,1.7,9.5,-2.8,2078.92,67.58242,0.21880000000010114,-0.0003999999998995918,0.0003999999998995918,0.0031000000000034333,5.000000001587068e-06,4.9999999873762135e-06,5294,0,1,0,1,0,1,1.0999999999999999,2686.24452368272,80.5983782217186,17068.398386215937,2951,0
1017.75,1.7,9.5,-2.8,2079.1375,67.58552,0.21749999999974534,-0.0013000000003557943,-0.0009000000004562025,0.0031000000000034333,0.0,-5.000000001587068e-06,5295,0,1,0,1,0,1,1.0999999999999999,2686.129888670695,80.5959211110272,17070.893351315735,2952,0
1016.75,1.7,9.5,-2.8,2079.3545,67.58861,0.21700000000009823,-0.0004999999996471161,0.0008000000007086783,0.003090000000000259,-1.0000000003174137e-05,-1.0000000003174137e-05,5296,0,1,0,1,0,1,1.0999999999999999,2686.01533790825,80.59346551142156,17073.38857681554,2953,0
1017.0,1.7,9.5,-2.8,2079.5706,67.59169,0.21610000000009677,-0.0009000000000014552,-0.00040000000035433914,0.003079999999997085,-1.0000000003174137e-05,0.0,5297,0,1,0,1,0,1,1.0999999999999999,2685.900871177803,80.59101142015855,17075.884061635363,2954,0
1016.25,1.7,9.5,-2.8,2079.786,67.59477,0.2154000000000451,-0.0007000000000516593,0.0001999999999497959,0.003079999999997085,0.0,1.0000000003174137e-05,5298,0,1,0,1,0,1,1.0999999999999999,2685.786488299679,80.58855883638422,17078.379804935194,2955,0
1016.75,1.7,9.5,-2.8,2080.0002,67.597855,0.2141999999998916,-0.0012000000001535227,-0.0005000000001018634,0.003084999999998672,5.000000001587068e-06,5.000000001587068e-06,5299,0,1,0,1,0,1,1.0999999999999999,2685.672189,80.58610776018868,17080.87580527503,2956,0
1016.75,1.7,9.5,-2.8,2080.214,67.60093,0.213799999999992,-0.0003999999998995918,0.0008000000002539309,0.003075000000009709,-9.999999988963282e-06,-1.499999999055035e-05,5300,0,1,0,1,0,1,1.0999999999999999,2685.5579731560083,80.58365818883229,17083.372062174883,2957,0
1017.25,1.7,9.5,-2.8,2080.4268,67.604004,0.21280000000024302,-0.0009999999997489795,-0.0005999999998493877,0.0030739999999980228,-1.0000000116860974e-06,8.999999977277184e-06,5301,0,1,0,1,0,1,1.0999999999999999,2685.4438405318747,80.58121012127499,17085.868574434742,2958,0
1019.75,1.7,9.5,-2.8,2080.639,67.60707,0.21219999999993888,-0.000600000000304135,0.00039999999944484443,0.003065999999989799,-8.000000008223651e-06,-6.999999996537554e-06,5302,0,1,0,1,0,1,1.0999999999999999,2685.329790967377,80.57876355515745,17088.365341334615,2959,0
1017.75,1.7,9.5,-2.8,2080.8499,67.61014,0.21090000000003783,-0.001299999999901047,-0.000699999999596912,0.003070000000008122,4.00000001832268e-06,1.2000000026546331e-05,5303,0,1,0,1,0,1,1.0999999999999999,2685.2158241704374,80.57631849038461,17090.862361314496,2960,0
1017.75,1.7,9.5,-2.8,2081.0603,67.6132,0.21039999999993597,-0.0005000000001018634,0.0007999999997991836,0.0030600000000049477,-1.0000000003174137e-05,-1.4000000021496817e-05,5304,0,1,0,1,0,1,1.0999999999999999,2685.10194,80.57387492422244,17093.359633774384,2961,0
1017.75,1.7,9.5,-2.8,2081.2698,67.61626,0.20949999999993452,-0.0009000000000014552,-0.0003999999998995918,0.003059999999990737,-1.4210854715202004e-14,9.999999988963282e-06,5305,0,1,0,1,0,1,1.0999999999999999,2684.9881382397284,80.57143285582359,17095.857157634287,2962,0
1018.75,1.8,9.5,-2.8,2081.4783,67.61931,0.20850000000018554,-0.0009999999997489795,-9.999999974752427e-05,0.0030500000000017735,-9.999999988963282e-06,-9.999999974752427e-06,5306,0,1,0,1,0,1,0.9999999999999998,2684.874418654607,80.56899228245713,17098.354931694197,2963,0
1018.25,1.8,9.5,-2.8,2081.686,67.62236,0.2076999999999316,-0.0008000000002539309,0.00019999999949504854,0.0030500000000017735,0.0,9.999999988963282e-06,5307,0,1,0,1,0,1,0.9999999999999998,2684.7607810474756,80.56655320327808,17100.85295499412,2964,0
1019.75,1.8,9.5,-2.8,2081.8928,67.625404,0.20679999999993015,-0.0009000000000014552,-9.999999974752427e-05,0.003044000000002711,-5.999999999062311e-06,-5.999999999062311e-06,5308,0,1,0,1,0,1,0.9999999999999998,2684.6472252024864,80.56411561631192,17103.351226454048,2965,0
1018.25,1.8,9.5,-2.6,2082.0989,67.62844,0.2060999999998785,-0.0007000000000516593,0.0001999999999497959,0.0030359999999944876,-8.000000008223651e-06,-2.00000000916134e-06,5309,0,1,0,1,0,1,0.8,2684.5337509416195,80.56167951920904,17105.84974523399,2966,0
1016.75,1.8,9.5,-2.6,2082.304,67.63148,0.2051000000001295,-0.0009999999997489795,-0.00029999999969732016,0.0030399999999985994,4.0000000041118255e-06,1.2000000012335477e-05,5310,0,1,0,1,0,1,0.8,2684.420358030503,80.559244911881,17108.34851013394,2967,0
1017.25,1.8,9.5,-2.6,2082.5083,67.63451,0.20429999999987558,-0.0008000000002539309,0.00019999999949504854,0.003030000000009636,-9.999999988963282e-06,-1.3999999993075107e-05,5311,0,1,0,1,0,1,0.8,2684.3070462725905,80.55681179160392,17110.8475201939,2968,0
1018.75,1.8,9.5,-2.6,2082.7117,67.637535,0.20339999999987413,-0.0009000000000014552,-9.999999974752427e-05,0.003024999999993838,-5.000000015797923e-06,4.999999973165359e-06,5312,0,1,0,1,0,1,0.8,2684.1938154526633,80.55438015659702,17113.34677433387,2969,0
1019.25,1.8,9.5,-2.6,2082.914,67.64056,0.20230000000037762,-0.0010999999994965037,-0.00019999999949504854,0.003024999999993838,0.0,5.000000015797923e-06,5313,0,1,0,1,0,1,0.8,2684.080665318028,80.55195000602183,17115.84627123385,2970,0
1021.25,1.8,9.5,-2.6,2083.1157,67.64357,0.20169999999961874,-0.0006000000007588824,0.0004999999987376214,0.003010000000003288,-1.499999999055035e-05,-1.499999999055035e-05,5314,0,1,0,1,0,1,0.8,2683.967595710254,80.54952133621825,17118.346010173842,2971,0
1020.25,1.8,9.5,-2.6,2083.3164,67.64658,0.2007000000003245,-0.0009999999992942321,-0.00039999999853534973,0.003010000000003288,0.0,1.499999999055035e-05,5315,0,1,0,1,0,1,0.8,2683.8546063957865,80.54709414635064,17120.84598995384,2972,0
1020.25,1.8,9.5,-2.6,2083.5164,67.64959,0.1999999999998181,-0.0007000000005064066,0.00029999999878782546,0.003010000000003288,0.0,0.0,5316,0,1,0,1,0,1,0.8,2683.7416971976677,80.54466843558397,17123.34620973385,2973,0
1020.25,1.8,9.5,-2.6,2083.715,67.65259,0.19860000000016953,-0.0013999999996485712,-0.0006999999991421646,0.0030000000000001137,-1.0000000003174137e-05,-1.0000000003174137e-05,5317,0,1,0,1,0,1,0.8,2683.6288678074466,80.54224420120346,17125.846667833866,2974,0
1018.75,1.8,9.5,-2.6,2083.913,67.65559,0.1979999999998654,-0.000600000000304135,0.0007999999993444362,0.0030000000000001137,0.0,1.0000000003174137e-05,5318,0,1,0,1,0,1,0.8,2683.5161180673063,80.53982144237638,17128.347363533896,2975,0
1018.5,1.8,9.5,-2.6,2084.11,67.65857,0.19700000000011642,-0.0009999999997489795,-0.00039999999944484443,0.0029799999999937654,-2.0000000006348273e-05,-2.0000000006348273e-05,5319,0,1,0,1,0,1,0.8,2683.403447744361,80.53740015451129,17130.848295633932,2976,0
1018.5,1.8,9.5,-2.6,2084.3064,67.66155,0.19639999999981228,-0.000600000000304135,0.00039999999944484443,0.0029800000000079763,1.4210854715202004e-14,2.0000000020559128e-05,5320,0,1,0,1,0,1,0.8,2683.2908566810747,80.5349803367788,17133.34946341398,2977,0
1018.5,1.8,9.5,-2.6,2084.5017,67.664536,0.19529999999986103,-0.001099999999951251,-0.0004999999996471161,0.0029859999999928277,5.999999984851456e-06,5.9999999706406015e-06,5321,0,1,0,1,0,1,0.8,2683.1783446260806,80.53256198947764,17135.850865554035,2978,0
1019.75,1.8,9.5,-2.6,2084.6958,67.6675,0.19410000000016225,-0.0011999999996987754,-9.999999974752427e-05,0.00296400000000574,-2.1999999987087904e-05,-2.799999997193936e-05,5322,0,1,0,1,0,1,0.8,2683.0659113094116,80.53014510764606,17138.3525006141,2979,0
1018.25,1.8,9.5,-2.6,2084.8892,67.67047,0.1934000000001106,-0.0007000000000516593,0.0004999999996471161,0.0029699999999905913,5.999999984851456e-06,2.799999997193936e-05,5323,0,1,0,1,0,1,0.8,2682.9535565552214,80.52772969158526,17140.854367754175,2980,0
1017.25,1.8,9.5,-2.6,2085.0818,67.67343,0.19259999999985666,-0.0008000000002539309,-0.00010000000020227162,0.002960000000001628,-9.999999988963282e-06,-1.5999999973814738e-05,5324,0,1,0,1,0,1,0.8,2682.841280169014,80.52531573859154,17143.35646601426,2981,0
1017.5,1.8,9.5,-2.6,2085.2732,67.676384,0.1914000000001579,-0.0011999999996987754,-0.00039999999944484443,0.0029540000000025657,-5.999999999062311e-06,3.999999989900971e-06,5325,0,1,0,1,0,1,0.8,2682.7290818813367,80.52290324671424,17145.85879395435,2982,0
1019.75,1.8,9.5,-2.6,2085.4636,67.67933,0.19039999999995416,-0.0010000000002037268,0.00019999999949504854,0.002945999999994342,-8.000000008223651e-06,-2.00000000916134e-06,5326,0,1,0,1,0,1,0.8,2682.616961460484,80.52049221362869,17148.361350374453,2983,0
1020.75,1.8,9.5,-2.6,2085.6533,67.682274,0.1896999999999025,-0.0007000000000516593,0.0003000000001520675,0.0029440000000136024,-1.9999999807396307e-06,6.00000002748402e-06,5327,0,1,0,1,0,1,0.8,2682.504918731231,80.51808263813814,17150.864134434567,2984,0
1020.25,1.8,9.5,-2.6,2085.842,67.6852,0.18870000000015352,-0.0009999999997489795,-0.00029999999969732016,0.0029259999999879938,-1.8000000025608642e-05,-1.600000004486901e-05,5328,0,1,0,1,0,1,0.8,2682.392953462188,80.51567451604429,17153.367144934684,2985,0
1020.0,1.8,9.5,-2.6,2086.0295,67.68813,0.1875,-0.0012000000001535227,-0.00020000000040454324,0.0029300000000063164,4.00000001832268e-06,2.2000000043931323e-05,5329,0,1,0,1,0,1,0.8,2682.2810653846154,80.51326784727955,17155.870380434815,2986,0
1019.75,1.8,9.5,-2.6,2086.2163,67.691055,0.18679999999994834,-0.0007000000000516593,0.0005000000001018634,0.0029250000000047294,-5.000000001587068e-06,-9.000000019909749e-06,5330,0,1,0,1,0,1,0.8,2682.169254323767,80.51086263008817,17158.373840094955,2987,0
1018.75,1.8,9.5,-2.6,2086.402,67.69397,0.1856999999999971,-0.001099999999951251,-0.0003999999998995918,0.0029149999999873444,-1.0000000017384991e-05,-5.000000015797923e-06,5331,0,1,0,1,0,1,0.8,2682.0575200300073,80.50845886177795,17160.8775225951,2988,0
1018.25,1.8,9.5,-2.6,2086.5867,67.69688,0.18469999999979336,-0.0010000000002037268,9.999999974752427e-05,0.002909999999999968,-4.9999999873762135e-06,5.000000030008778e-06,5332,0,1,0,1,0,1,0.8,2681.945862272642,80.50605654059629,17163.381426735257,2989,0
1017.25,1.8,9.5,-2.6,2086.7705,67.699776,0.18380000000024665,-0.0008999999995467078,0.00010000000065701897,0.002896000000006893,-1.3999999993075107e-05,-9.000000005698894e-06,5333,0,1,0,1,0,1,0.8,2681.8342808398947,80.50365566310461,17165.88555143542,2990,0
1017.5,1.8,9.5,-2.6,2086.9534,67.70267,0.18289999999979045,-0.0009000000004562025,-9.094947017729282e-13,0.0028939999999977317,-2.00000000916134e-06,1.1999999983913767e-05,5334,0,1,0,1,0,1,0.8,2681.72277552015,80.5012562281162,17168.389895615597,2991,0
1017.25,1.8,9.5,-2.6,2087.1353,67.70556,0.18190000000004147,-0.0009999999997489795,-9.999999929277692e-05,0.0028900000000078307,-3.999999989900971e-06,-1.9999999807396307e-06,5335,0,1,0,1,0,1,0.8,2681.6113460832084,80.49885823407047,17170.894458075778,2992,0
1017.0,1.8,9.5,-2.6,2087.316,67.708435,0.18069999999988795,-0.0012000000001535227,-0.00020000000040454324,0.0028749999999888587,-1.500000001897206e-05,-1.1000000029071089e-05,5336,0,1,0,1,0,1,0.8,2681.4999922615702,80.49646167734683,17173.39923737597,2993,0
1016.75,1.8,9.5,-2.6,2087.4958,67.7113,0.17980000000034124,-0.0008999999995467078,0.00030000000060681487,0.0028649999999998954,-9.999999988963282e-06,5.000000030008778e-06,5337,0,1,0,1,0,1,0.8,2681.3887138441364,80.49406655526415,17175.90423243617,2994,0
1016.25,1.8,9.5,-2.6,2087.6746,67.71417,0.17879999999968277,-0.0010000000006584742,-0.00010000000111176632,0.0028700000000014825,5.000000001587068e-06,1.499999999055035e-05,5338,0,1,0,1,0,1,0.8,2681.2775106012364,80.4916728679528,17178.409442056378,2995,0
1016.75,1.8,9.5,-2.6,2087.8523,67.717026,0.17770000000018626,-0.0010999999994965037,-9.999999883802957e-05,0.0028560000000084074,-1.3999999993075107e-05,-1.8999999994662176e-05,5339,0,1,0,1,0,1,0.8,2681.166382284644,80.48928061198501,17180.914864916595,2996,0
1016.25,1.8,9.5,-2.6,2088.029,67.71987,0.17669999999998254,-0.0010000000002037268,9.999999929277692e-05,0.002843999999996072,-1.2000000012335477e-05,1.9999999807396307e-06,5340,0,1,0,1,0,1,0.8,2681.055328665044,80.48688978431005,17183.42049981682,2997,0
1015.25,1.8,9.5,-2.6,2088.2048,67.72271,0.17579999999998108,-0.0009000000000014552,0.00010000000020227162,0.002840000000006171,-3.999999989900971e-06,8.000000022434506e-06,5341,0,1,0,1,0,1,0.8,2680.94434953201,80.48450038337701,17185.926345677053,2998,0
1014.25,1.8,9.5,-2.6,2088.3796,67.72554,0.1748000000002321,-0.0009999999997489795,-9.999999974752427e-05,0.002829999999988786,-1.0000000017384991e-05,-6.00000002748402e-06,5342,0,1,0,1,0,1,0.8,2680.83344465656,80.4821124065132,17188.432401297297,2999,0
1014.75,1.8,9.5,-2.6,2088.5532,67.72837,0.17359999999962383,-0.00120000000060827,-0.0002000000008592906,0.002830000000002997,1.4210854715202004e-14,1.0000000031595846e-05,5343,0,1,0,1,0,1,0.8,2680.722613772455,80.47972585291916,17190.938665237547,3000,0
1015.25,1.8,9.5,-2.6,2088.726,67.731186,0.1728000000002794,-0.0007999999993444362,0.00040000000126383384,0.002815999999995711,-1.4000000007285962e-05,-1.4000000021496817e-05,5344,0,1,0,1,0,1,0.8,2680.611856688494,80.4773407191768,17193.445136537805,3001,0
1016.75,1.8,9.5,-2.6,2088.8977,67.733986,0.1716999999998734,-0.0011000000004059984,-0.0003000000010615622,0.0028000000000076852,-1.5999999988025593e-05,-1.9999999807396307e-06,5345,0,1,0,1,0,1,0.8,2680.501173157501,80.47495700149645,17195.951813878073,3002,0
1016.75,1.8,9.5,-2.6,2089.0684,67.736786,0.17070000000012442,-0.0009999999997489795,0.00010000000065701897,0.0027999999999934744,-1.4210854715202004e-14,1.5999999973814738e-05,5346,0,1,0,1,0,1,0.8,2680.3905629511873,80.47257469908361,17198.458696058347,3003,0
1015.25,1.8,9.5,-2.6,2089.2378,67.73958,0.16939999999976862,-0.0013000000003557943,-0.00030000000060681487,0.002794000000008623,-5.999999984851456e-06,-5.9999999706406015e-06,5347,0,1,0,1,0,1,0.8,2680.2800257853405,80.47019381002244,17200.965781518633,3004,0
1015.25,1.8,9.5,-2.6,2089.4062,67.74236,0.16840000000001965,-0.0009999999997489795,0.00030000000060681487,0.002780000000001337,-1.4000000007285962e-05,-8.000000022434506e-06,5348,0,1,0,1,0,1,0.8,2680.1695614320433,80.46781433090297,17203.473069058924,3005,0
1015.25,1.8,9.5,-2.6,2089.5737,67.74513,0.1675000000000182,-0.0009000000000014552,9.999999974752427e-05,0.002769999999998163,-1.0000000003174137e-05,4.0000000041118255e-06,5349,0,1,0,1,0,1,0.8,2680.059169682243,80.46543625906541,17205.98055759922,3006,0
1015.25,1.8,9.5,-2.6,2089.7402,67.747894,0.1665000000002692,-0.0009999999997489795,-9.999999974752427e-05,0.0027639999999991005,-5.999999999062311e-06,4.0000000041118255e-06,5350,0,1,0,1,0,1,0.8,2679.9488503083535,80.46305959259952,17208.48824593953,3007,0
1012.75,1.8,9.5,-2.6,2089.9055,67.75065,0.16529999999966094,-0.00120000000060827,-0.0002000000008592906,0.002755999999990877,-8.000000008223651e-06,-2.00000000916134e-06,5351,0,1,0,1,0,1,0.8,2679.8386030455904,80.46068432922273,17210.996132639844,3008,0
1013.25,1.8,9.5,-2.6,2090.0698,67.753395,0.1643000000003667,-0.0009999999992942321,0.00020000000131403795,0.0027450000000044383,-1.0999999986438525e-05,-2.9999999782148734e-06,5352,0,1,0,1,0,1,0.8,2679.7284276667287,80.45831046609378,17213.50421650017,3009,0
1013.0,1.8,9.5,-2.6,2090.233,67.756134,0.1631999999999607,-0.0011000000004059984,-0.00010000000111176632,0.002739000000005376,-5.999999999062311e-06,4.9999999873762135e-06,5353,0,1,0,1,0,1,0.8,2679.6183239260367,80.45593800130743,17216.0124962005,3010,0
1013.0,1.8,9.5,-2.6,2090.395,67.75886,0.1619999999998072,-0.0012000000001535227,-9.999999974752427e-05,0.0027259999999955653,-1.300000000981072e-05,-7.000000010748408e-06,5354,0,1,0,1,0,1,0.8,2679.5082915592902,80.45356693165266,17218.52097030084,3011,0
1011.25,1.8,9.5,-2.6,2090.5562,67.76157,0.161200000000008,-0.0007999999997991836,0.00040000000035433914,0.0027100000000075397,-1.5999999988025593e-05,-2.9999999782148734e-06,5355,0,1,0,1,0,1,0.8,2679.398330377147,80.45119725336072,17221.029637841184,3012,0
1009.25,1.8,9.5,-2.6,2090.716,67.76428,0.15979999999990468,-0.0014000000001033186,-0.000600000000304135,0.002709999999993329,-1.4210854715202004e-14,1.5999999973814738e-05,5356,0,1,0,1,0,1,0.8,2679.288440078402,80.44882896565242,17223.53849714154,3013,0
1010.25,1.8,9.5,-2.6,2090.8748,67.76698,0.1588000000001557,-0.0009999999997489795,0.00040000000035433914,0.0027000000000043656,-9.999999988963282e-06,-9.999999974752427e-06,5357,0,1,0,1,0,1,0.8,2679.17862043673,80.44646206588278,17226.0475470019,3014,0
1009.75,1.8,9.5,-2.6,2091.0325,67.76967,0.1576999999997497,-0.0011000000004059984,-0.00010000000065701897,0.0026900000000011914,-1.0000000003174137e-05,-1.4210854715202004e-14,5358,0,1,0,1,0,1,0.8,2679.0688712073147,80.44409655140885,17228.556786102272,3015,0
1010.25,1.8,9.5,-2.6,2091.1892,67.772354,0.15670000000000073,-0.0009999999997489795,0.00010000000065701897,0.002684000000002129,-5.999999999062311e-06,4.0000000041118255e-06,5359,0,1,0,1,0,1,0.8,2678.959192164179,80.44173242033582,17231.066213242648,3016,0
1011.25,1.8,9.5,-2.6,2091.3447,67.77502,0.15550000000030195,-0.0011999999996987754,-0.0001999999999497959,0.0026659999999907313,-1.8000000011397788e-05,-1.2000000012335477e-05,5360,0,1,0,1,0,1,0.8,2678.8495830442084,80.439369668532,17233.575826983033,3017,0
1010.75,1.8,9.5,-2.6,2091.499,67.77768,0.15429999999969368,-0.00120000000060827,-9.094947017729282e-13,0.00266000000000588,-5.999999984851456e-06,1.2000000026546331e-05,5361,0,1,0,1,0,1,0.8,2678.7400435844834,80.43700829410668,17236.085625883425,3018,0
1010.75,1.8,9.5,-2.6,2091.6523,67.78033,0.15330000000039945,-0.0009999999992942321,0.00020000000131403795,0.0026500000000027057,-1.0000000003174137e-05,-4.00000001832268e-06,5362,0,1,0,1,0,1,0.8,2678.630573559575,80.43464829442476,17238.595608743824,3019,0
1012.25,1.8,9.5,-2.6,2091.8047,67.78297,0.15239999999994325,-0.0009000000004562025,9.999999883802957e-05,0.0026399999999995316,-1.0000000003174137e-05,0.0,5363,0,1,0,1,0,1,0.8,2678.5211727628634,80.4322896668531,17241.10577448423,3020,0
1012.5,1.8,9.5,-2.6,2091.9556,67.78559,0.15089999999963766,-0.0015000000003055902,-0.0005999999998493877,0.0026199999999931833,-2.0000000006348273e-05,-1.0000000003174137e-05,5364,0,1,0,1,0,1,0.8,2678.4118408760482,80.42993240689655,17243.616121304643,3021,0
1012.75,1.8,9.5,-2.6,2092.1055,67.78821,0.14990000000034343,-0.0009999999992942321,0.0005000000010113581,0.002620000000007394,1.4210854715202004e-14,2.0000000020559128e-05,5365,0,1,0,1,0,1,0.8,2678.302577674245,80.42757651379053,17246.126648005065,3022,0
1013.25,1.8,9.5,-2.6,2092.2544,67.79082,0.14889999999968495,-0.0010000000006584742,-1.3642420526593924e-12,0.002609999999990009,-1.0000000017384991e-05,-1.0000000031595846e-05,5366,0,1,0,1,0,1,0.8,2678.193382932737,80.42522198490776,17248.637353385493,3023,0
1013.75,1.8,9.5,-2.6,2092.402,67.79341,0.14760000000023865,-0.0012999999994462996,-0.00029999999878782546,0.0025899999999978718,-1.9999999992137418e-05,-9.999999974752427e-06,5367,0,1,0,1,0,1,0.8,2678.084256371088,80.42286881576005,17251.14823588593,3024,0
1014.25,1.8,9.5,-2.6,2092.5486,67.796,0.14660000000003492,-0.0010000000002037268,0.0002999999992425728,0.0025900000000120826,1.4210854715202004e-14,2.0000000006348273e-05,5368,0,1,0,1,0,1,0.8,2677.9751977649466,80.42051700558764,17253.659294306373,3025,0
1014.75,1.8,9.5,-2.6,2092.6938,67.79858,0.1451999999999316,-0.0014000000001033186,-0.0003999999998995918,0.0025799999999946976,-1.0000000017384991e-05,-1.0000000031595846e-05,5369,0,1,0,1,0,1,0.8,2677.8662068156423,80.41816655176909,17256.17052696682,3026,0
1014.5,1.8,9.5,-2.6,2092.8381,67.80113,0.14429999999993015,-0.0009000000000014552,0.0005000000001018634,0.002549999999999386,-2.9999999995311555e-05,-1.9999999977926564e-05,5370,0,1,0,1,0,1,0.8,2677.757283317818,80.41581744796127,17258.681932787276,3027,0
1015.75,1.8,9.5,-2.6,2092.9812,67.80369,0.14310000000023138,-0.0011999999996987754,-0.00029999999969732016,0.0025600000000025602,1.0000000003174137e-05,3.999999999848569e-05,5371,0,1,0,1,0,1,0.8,2677.6484270104243,80.41346969527179,17261.19351032774,3028,0
1014.25,1.8,9.5,-2.6,2093.123,67.80623,0.14179999999987558,-0.0013000000003557943,-0.00010000000065701897,0.002539999999996212,-2.0000000006348273e-05,-3.000000000952241e-05,5372,0,1,0,1,0,1,0.8,2677.5396376139956,80.4111232892239,17263.70525802821,3029,0
1015.25,1.8,9.5,-2.6,2093.2637,67.80876,0.14069999999992433,-0.001099999999951251,0.00020000000040454324,0.0025300000000072487,-9.999999988963282e-06,1.0000000017384991e-05,5373,0,1,0,1,0,1,0.8,2677.4309148864904,80.40877822720506,17266.217174568686,3030,0
1015.25,1.8,9.5,-2.6,2093.4033,67.81128,0.13959999999997308,-0.001099999999951251,0.0,0.0025199999999898637,-1.0000000017384991e-05,-2.842170943040401e-14,5374,0,1,0,1,0,1,0.8,2677.3222585860467,80.40643450660465,17268.72925862917,3031,0
1015.75,1.7,9.5,-2.6,2093.5415,67.81378,0.13819999999986976,-0.0014000000001033186,-0.0003000000001520675,0.0024999999999977263,-1.9999999992137418e-05,-9.999999974752427e-06,5375,0,1,0,1,0,1,0.9000000000000001,2677.2136684151783,80.40409212295387,17271.24150852966,3032,0
1015.75,1.7,9.5,-2.6,2093.6787,67.81628,0.13720000000012078,-0.0009999999997489795,0.00040000000035433914,0.002500000000011937,1.4210854715202004e-14,2.0000000006348273e-05,5376,0,1,0,1,0,1,0.9000000000000001,2677.1051441510135,80.4017510755068,17273.753923070155,3033,0
1016.25,1.7,9.5,-2.6,2093.8147,67.81876,0.13599999999996726,-0.0012000000001535227,-0.00020000000040454324,0.002479999999991378,-2.0000000020559128e-05,-2.0000000034769982e-05,5377,0,1,0,1,0,1,0.9000000000000001,2676.9966855336556,80.39941135979919,17276.26650081066,3034,0
1015.75,1.7,9.5,-2.6,2093.9497,67.82123,0.13500000000021828,-0.0009999999997489795,0.00020000000040454324,0.0024700000000024147,-9.999999988963282e-06,1.0000000031595846e-05,5378,0,1,0,1,0,1,0.9000000000000001,2676.888292340584,80.39707297322923,17278.77924055117,3035,0
1014.75,1.7,9.5,-2.6,2094.0833,67.82369,0.1335999999996602,-0.001400000000558066,-0.0004000000008090865,0.0024599999999992406,-1.0000000003174137e-05,-1.4210854715202004e-14,5379,0,1,0,1,0,1,0.9000000000000001,2676.779964275093,80.39473591319702,17281.292140611684,3036,0
1014.75,1.7,9.5,-2.6,2094.2156,67.82613,0.1323000000002139,-0.0012999999994462996,0.00010000000111176632,0.002440000000007103,-1.9999999992137418e-05,-9.999999988963282e-06,5380,0,1,0,1,0,1,0.9000000000000001,2676.6717010592824,80.39240017524624,17283.80519943221,3037,0
1014.75,1.7,9.5,-2.6,2094.3467,67.828575,0.1311000000000604,-0.0012000000001535227,9.999999929277692e-05,0.0024449999999944794,4.9999999873762135e-06,2.4999999979513632e-05,5381,0,1,0,1,0,1,0.9000000000000001,2676.5635024340395,80.39006575956893,17286.318415572736,3038,0
1014.75,1.7,9.5,-2.6,2094.4768,67.83099,0.13009999999985666,-0.0010000000002037268,0.0001999999999497959,0.002414999999999168,-2.9999999995311555e-05,-3.499999998268777e-05,5382,0,1,0,1,0,1,0.9000000000000001,2676.455368177596,80.38773265985509,17288.83178783327,3039,0
1014.75,1.7,9.5,-2.6,2094.6055,67.833405,0.1287000000002081,-0.0013999999996485712,-0.00039999999944484443,0.002414999999999168,0.0,2.9999999995311555e-05,5383,0,1,0,1,0,1,0.9000000000000001,2676.347297994056,80.38540087537147,17291.345314533814,3040,0
1015.25,1.7,9.5,-2.6,2094.7332,67.8358,0.12770000000000437,-0.0010000000002037268,0.00039999999944484443,0.0023950000000070304,-1.9999999992137418e-05,-1.9999999992137418e-05,5384,0,1,0,1,0,1,0.9000000000000001,2676.2392916620242,80.38307040167132,17293.858994474358,3041,0
1015.5,1.7,9.5,-2.6,2094.8594,67.83819,0.12619999999969878,-0.0015000000003055902,-0.0005000000001018634,0.0023899999999912325,-5.000000015797923e-06,1.4999999976339495e-05,5385,0,1,0,1,0,1,0.9000000000000001,2676.131348867434,80.38074123709617,17296.372825854913,3042,0
1014.75,1.7,9.5,-2.6,2094.9846,67.84056,0.1251999999999498,-0.0009999999997489795,0.0005000000005566108,0.002369999999999095,-1.9999999992137418e-05,-1.4999999976339495e-05,5386,0,1,0,1,0,1,0.9000000000000001,2676.0234693892708,80.37841337720438,17298.886807475472,3043,0
1015.0,1.7,9.5,-2.6,2095.1084,67.84292,0.12380000000030122,-0.0013999999996485712,-0.0003999999998995918,0.0023600000000101318,-9.999999988963282e-06,1.0000000003174137e-05,5387,0,1,0,1,0,1,0.9000000000000001,2675.9156529324428,80.37608681941352,17301.40093765604,3044,0
1014.25,1.7,9.5,-2.6,2095.231,67.84526,0.1226000000001477,-0.0012000000001535227,0.00019999999949504854,0.0023399999999895726,-2.0000000020559128e-05,-1.0000000031595846e-05,5388,0,1,0,1,0,1,0.9000000000000001,2675.8078992391906,80.37376155928743,17303.915214956607,3045,0
1012.25,1.7,9.5,-2.6,2095.3523,67.847595,0.12129999999979191,-0.0013000000003557943,-0.00010000000020227162,0.0023350000000021964,-4.9999999873762135e-06,1.5000000033182914e-05,5389,0,1,0,1,0,1,0.9000000000000001,2675.7002080333955,80.37143759517625,17306.429637817186,3046,0
1013.75,1.7,9.5,-2.6,2095.4727,67.849915,0.12039999999979045,-0.0009000000000014552,0.00040000000035433914,0.0023199999999974352,-1.5000000004761205e-05,-1.0000000017384991e-05,5390,0,1,0,1,0,1,0.9000000000000001,2675.5925791133373,80.36911492357633,17308.944205157768,3047,0
1015.25,1.7,9.5,-2.6,2095.5913,67.85222,0.11860000000024229,-0.001799999999548163,-0.0008999999995467078,0.002305000000006885,-1.499999999055035e-05,1.4210854715202004e-14,5391,0,1,0,1,0,1,0.9000000000000001,2675.485012110534,80.36679354098665,17311.458914818355,3048,0
1016.25,1.7,9.5,-2.6,2095.709,67.854515,0.11769999999978609,-0.0009000000004562025,0.0008999999990919605,0.0022950000000037107,-1.0000000003174137e-05,4.9999999873762135e-06,5392,0,1,0,1,0,1,0.9000000000000001,2675.3775068236605,80.36447344483591,17313.97376571895,3049,0
1016.5,1.7,9.5,-2.6,2095.8254,67.8568,0.11640000000033979,-0.0012999999994462996,-0.0003999999989900971,0.0022850000000005366,-1.0000000003174137e-05,0.0,5393,0,1,0,1,0,1,0.9000000000000001,2675.270062977382,80.36215463255469,17316.48875629955,3050,0
1015.75,1.7,9.5,-2.6,2095.9404,67.85906,0.11499999999978172,-0.001400000000558066,-0.00010000000111176632,0.0022599999999926013,-2.500000000793534e-05,-1.5000000004761205e-05,5394,0,1,0,1,0,1,0.9000000000000001,2675.162680278035,80.35983709879518,17319.003884880156,3051,0
1014.75,1.7,9.5,-2.6,2096.0544,67.86131,0.11400000000003274,-0.0009999999997489795,0.0004000000008090865,0.002250000000003638,-9.999999988963282e-06,1.500000001897206e-05,5395,0,1,0,1,0,1,0.9000000000000001,2675.055358506301,80.35752084099333,17321.519150260767,3052,0
1016.25,1.7,9.5,-2.6,2096.167,67.86355,0.11259999999992942,-0.0014000000001033186,-0.00040000000035433914,0.002240000000000464,-1.0000000003174137e-05,-1.4210854715202004e-14,5396,0,1,0,1,0,1,0.9000000000000001,2674.9480973689087,80.35520585658699,17324.034550761382,3053,0
1016.75,1.7,9.5,-2.6,2096.278,67.865776,0.11099999999987631,-0.0016000000000531145,-0.0001999999999497959,0.002225999999993178,-1.4000000007285962e-05,-4.0000000041118255e-06,5397,0,1,0,1,0,1,0.9000000000000001,2674.840896535754,80.35289214227491,17326.550084462004,3054,0
1017.0,1.7,9.5,-2.6,2096.3882,67.86799,0.11020000000007713,-0.0007999999997991836,0.0008000000002539309,0.002214000000009264,-1.1999999983913767e-05,2.000000023372195e-06,5398,0,1,0,1,0,1,0.9000000000000001,2674.733755825153,80.35057969512873,17329.06575040263,3055,0
1019.25,1.7,9.5,-2.6,2096.4968,67.87018,0.10860000000002401,-0.0016000000000531145,-0.0008000000002539309,0.002189999999998804,-2.40000000104601e-05,-1.2000000026546331e-05,5399,0,1,0,1,0,1,0.9000000000000001,2674.6266749074075,80.34826851000001,17331.581546663263,3056,0
1018.75,1.7,9.5,-2.6,2096.6042,67.87236,0.10740000000032524,-0.0011999999996987754,0.00040000000035433914,0.00217999999999563,-1.0000000003174137e-05,1.4000000007285962e-05,5400,0,1,0,1,0,1,0.9000000000000001,2674.519653527125,80.34595858433623,17334.0974718039,3057,0
1017.75,1.7,9.5,-2.6,2096.7104,67.874535,0.10619999999971697,-0.00120000000060827,-9.094947017729282e-13,0.002174999999994043,-5.000000001587068e-06,5.000000001587068e-06,5401,0,1,0,1,0,1,0.9000000000000001,2674.4126914291,80.3436499165124,17336.613524384542,3058,0
1018.25,1.7,9.5,-2.6,2096.8152,67.876686,0.1048000000000684,-0.0013999999996485712,-0.0001999999990403012,0.0021510000000120044,-2.399999998203839e-05,-1.899999998045132e-05,5402,0,1,0,1,0,1,0.9000000000000001,2674.3057883213028,80.34134250138811,17339.12970272519,3059,0
1019.75,1.7,9.5,-2.6,2096.9187,67.87882,0.10350000000016735,-0.001299999999901047,9.999999974752427e-05,0.002133999999998082,-1.7000000013922545e-05,6.999999968115844e-06,5403,0,1,0,1,0,1,0.9000000000000001,2674.198943930422,80.33903633512213,17341.64600526584,3060,0
1021.75,1.7,9.5,-2.6,2097.0208,67.88094,0.10209999999960928,-0.001400000000558066,-0.00010000000065701897,0.002119999999990796,-1.4000000007285962e-05,3.000000006636583e-06,5404,0,1,0,1,0,1,0.9000000000000001,2674.0921579648475,80.33673141443107,17344.162430326498,3061,0
1020.75,1.7,9.5,-2.6,2097.1216,67.88306,0.10080000000016298,-0.0012999999994462996,0.00010000000111176632,0.0021200000000050068,1.4210854715202004e-14,1.4000000021496817e-05,5405,0,1,0,1,0,1,0.9000000000000001,2673.9854301516834,80.33442773862375,17346.67897634716,3062,0
1019.75,1.7,9.5,-2.6,2097.2212,67.88515,0.09960000000000946,-0.0012000000001535227,9.999999929277692e-05,0.0020899999999954844,-3.000000000952241e-05,-3.0000000023733264e-05,5406,0,1,0,1,0,1,0.9000000000000001,2673.87876023673,80.33212530146106,17349.195641887825,3063,0
1019.25,1.7,9.5,-2.6,2097.3193,67.88723,0.09810000000015862,-0.0014999999998508429,-0.00029999999969732016,0.002080000000006521,-9.999999988963282e-06,2.0000000020559128e-05,5407,0,1,0,1,0,1,0.9000000000000001,2673.772147910503,80.3298241004068,17351.712425148497,3064,0
1019.25,1.7,9.5,-2.6,2097.4163,67.88929,0.09699999999975262,-0.0011000000004059984,0.00039999999944484443,0.002060000000000173,-2.0000000006348273e-05,-1.0000000017384991e-05,5408,0,1,0,1,0,1,0.9000000000000001,2673.665592937696,80.32752413107784,17354.229324809174,3065,0
1019.25,1.7,9.5,-2.6,2097.5117,67.89134,0.09540000000015425,-0.0015999999995983671,-0.0004999999991923687,0.0020499999999969987,-1.0000000003174137e-05,1.0000000003174137e-05,5409,0,1,0,1,0,1,0.9000000000000001,2673.559094990758,80.3252253909427,17356.74633894985,3066,0
1019.5,1.7,9.5,-2.6,2097.606,67.89337,0.094300000000203,-0.001099999999951251,0.0004999999996471161,0.0020300000000048612,-1.9999999992137418e-05,-9.999999988963282e-06,5410,0,1,0,1,0,1,0.9000000000000001,2673.452653834781,80.32292787562372,17359.263466250537,3067,0
1021.25,1.7,9.5,-2.6,2097.6987,67.89539,0.09269999999969514,-0.0016000000005078618,-0.0005000000005566108,0.002020000000001687,-1.0000000003174137e-05,9.999999988963282e-06,5411,0,1,0,1,0,1,0.9000000000000001,2673.346269142646,80.32063158259423,17361.78070479123,3068,0
1020.25,1.7,9.5,-2.6,2097.7903,67.89739,0.09160000000019863,-0.0010999999994965037,0.0005000000010113581,0.001999999999995339,-2.0000000006348273e-05,-1.0000000003174137e-05,5412,0,1,0,1,0,1,0.9000000000000001,2673.239940679845,80.31833650748199,17364.29805325192,3069,0
1019.75,1.7,9.5,-2.6,2097.8804,67.89938,0.09009999999989304,-0.0015000000003055902,-0.0004000000008090865,0.0019899999999921647,-1.0000000003174137e-05,1.0000000003174137e-05,5413,0,1,0,1,0,1,0.9000000000000001,2673.1336681381604,80.31604264776506,17366.81550983262,3070,0
1018.25,1.7,9.5,-2.6,2097.9692,67.90135,0.088799999999992,-0.001299999999901047,0.00020000000040454324,0.0019700000000000273,-1.9999999992137418e-05,-9.999999988963282e-06,5414,0,1,0,1,0,1,0.9000000000000001,2673.027451246537,80.31374999907663,17369.333072973324,3071,0
1019.25,1.7,9.5,-2.6,2098.0566,67.903305,0.08739999999988868,-0.0014000000001033186,-0.00010000000020227162,0.001955000000009477,-1.499999999055035e-05,5.000000001587068e-06,5415,0,1,0,1,0,1,0.9000000000000001,2672.921289715657,80.31145855797637,17371.85074099403,3072,0
1019.25,1.7,9.5,-2.6,2098.1428,67.90524,0.0862000000001899,-0.0011999999996987754,0.00020000000040454324,0.0019350000000031287,-2.0000000006348273e-05,-5.000000015797923e-06,5416,0,1,0,1,0,1,0.9000000000000001,2672.815183293336,80.30916832010338,17374.36851245474,3073,0
1018.75,1.7,9.5,-2.6,2098.2273,67.907166,0.08449999999993452,-0.0017000000002553861,-0.0005000000005566108,0.0019259999999974298,-9.000000005698894e-06,1.100000000064938e-05,5417,0,1,0,1,0,1,0.9000000000000001,2672.70913163529,80.3068792831303,17376.886385315454,3074,0
1019.25,1.7,9.5,-2.6,2098.3108,67.90907,0.08350000000018554,-0.0009999999997489795,0.0007000000005064066,0.001903999999996131,-2.200000000129876e-05,-1.2999999995599865e-05,5418,0,1,0,1,0,1,0.9000000000000001,2672.6031345266656,80.30459144233252,17379.404358376174,3075,0
1019.25,1.7,9.5,-2.6,2098.3926,67.910965,0.08179999999993015,-0.0017000000002553861,-0.0007000000005064066,0.001895000000004643,-8.999999991488039e-06,1.300000000981072e-05,5419,0,1,0,1,0,1,0.9000000000000001,2672.4971916236163,80.30230479538746,17381.922429596896,3076,0
1019.5,1.7,9.5,-2.6,2098.4731,67.91284,0.0805000000000291,-0.001299999999901047,0.00040000000035433914,0.0018749999999982947,-2.0000000006348273e-05,-1.1000000014860234e-05,5420,0,1,0,1,0,1,0.9000000000000001,2672.391302656337,80.30001933794503,17384.440597417622,3077,0
1017.75,1.7,9.5,-2.6,2098.5522,67.914696,0.07909999999992579,-0.0014000000001033186,-0.00010000000020227162,0.0018560000000036325,-1.8999999994662176e-05,1.0000000116860974e-06,5421,0,1,0,1,0,1,0.9000000000000001,2672.285467336776,80.29773506584287,17386.958860158353,3078,0
1017.75,1.7,9.5,-2.6,2098.63,67.916534,0.07780000000002474,-0.001299999999901047,0.00010000000020227162,0.0018379999999922347,-1.8000000011397788e-05,9.99999983264388e-07,5422,0,1,0,1,0,1,0.9000000000000001,2672.1796853955375,80.29545197510602,17389.47721625909,3079,0
1014.75,1.7,9.5,-2.6,2098.7063,67.91836,0.07629999999971915,-0.0015000000003055902,-0.00020000000040454324,0.001826000000008321,-1.1999999983913767e-05,6.00000002748402e-06,5423,0,1,0,1,0,1,0.9000000000000001,2672.0739565265485,80.29317006286873,17391.995663919828,3080,0
1015.25,1.7,9.5,-2.6,2098.7812,67.920166,0.07490000000007058,-0.0013999999996485712,0.00010000000065701897,0.0018059999999877618,-2.0000000020559128e-05,-8.00000003664536e-06,5424,0,1,0,1,0,1,0.9000000000000001,2671.968280442396,80.29088932479263,17394.514201460566,3081,0
1014.75,1.7,9.5,-2.6,2098.8547,67.92196,0.07349999999996726,-0.0014000000001033186,-4.547473508864641e-13,0.001794000000003848,-1.1999999983913767e-05,8.00000003664536e-06,5425,0,1,0,1,0,1,0.9000000000000001,2671.8626568558793,80.28860975801696,17397.032827201314,3082,0
1014.25,1.7,9.5,-2.6,2098.9268,67.92373,0.07210000000031869,-0.0013999999996485712,4.547473508864641e-13,0.0017700000000075988,-2.3999999996249244e-05,-1.2000000012335477e-05,5426,0,1,0,1,0,1,0.9000000000000001,2671.7570854800074,80.2863313574719,17399.55153946206,3083,0
1013.75,1.7,9.5,-2.6,2098.9976,67.92548,0.07079999999996289,-0.0013000000003557943,9.999999929277692e-05,0.0017499999999870397,-2.0000000020559128e-05,3.999999975690116e-06,5427,0,1,0,1,0,1,0.9000000000000001,2671.651566046426,80.2840541188283,17402.070336682813,3084,0
1012.75,1.7,9.5,-2.6,2099.0667,67.92722,0.0690999999997075,-0.0017000000002553861,-0.0003999999998995918,0.0017400000000122873,-9.999999974752427e-06,1.00000000458067e-05,5428,0,1,0,1,0,1,0.9000000000000001,2671.546098213299,80.28177803960213,17404.58921682357,3085,0
1010.25,1.7,9.5,-2.6,2099.1345,67.92895,0.0678000000002612,-0.0012999999994462996,0.0004000000008090865,0.0017299999999949023,-1.0000000017384991e-05,-4.263256414560601e-14,5429,0,1,0,1,0,1,0.9000000000000001,2671.440681712707,80.27950311731124,17407.108178324328,3086,0
1009.25,1.7,9.5,-2.6,2099.201,67.93065,0.06649999999990541,-0.0013000000003557943,-9.094947017729282e-13,0.0016999999999995907,-2.9999999995311555e-05,-1.9999999977926564e-05,5430,0,1,0,1,0,1,0.9000000000000001,2671.335316276929,80.27722934579268,17409.62721962509,3087,0
1008.75,1.7,9.5,-2.6,2099.2659,67.932335,0.0648999999998523,-0.0016000000000531145,-0.00029999999969732016,0.0016849999999948295,-1.5000000004761205e-05,1.499999999055035e-05,5431,0,1,0,1,0,1,0.9000000000000001,2671.2300015832107,80.27495672164947,17412.146338805855,3088,0
1007.75,1.7,9.5,-2.6,2099.3293,67.934006,0.06340000000000146,-0.0014999999998508429,0.00010000000020227162,0.0016710000000017544,-1.3999999993075107e-05,1.0000000116860974e-06,5432,0,1,0,1,0,1,0.9000000000000001,2671.124737327443,80.27268524167127,17414.665534066622,3089,0
1006.25,1.7,9.5,-2.6,2099.3914,67.93565,0.06210000000010041,-0.001299999999901047,0.0001999999999497959,0.0016439999999988686,-2.7000000002885827e-05,-1.300000000981072e-05,5433,0,1,0,1,0,1,0.9000000000000001,2671.0195232425467,80.27041490025765,17417.18480384739,3090,0
1006.25,1.7,9.5,-2.6,2099.452,67.93729,0.060600000000249565,-0.0014999999998508429,-0.0001999999999497959,0.0016400000000089676,-3.999999989900971e-06,2.3000000012984856e-05,5434,0,1,0,1,0,1,0.9000000000000001,2670.914359024839,80.26814569604416,17419.704146348166,3091,0
1005.75,1.7,9.5,-2.6,2099.511,67.9389,0.058999999999741704,-0.0016000000005078618,-0.00010000000065701897,0.0016099999999994452,-3.000000000952241e-05,-2.600000001962144e-05,5435,0,1,0,1,0,1,0.9000000000000001,2670.809244352465,80.26587762288447,17422.22355964894,3092,0
1005.5,1.7,9.5,-2.6,2099.5688,67.9405,0.05780000000004293,-0.0011999999996987754,0.0004000000008090865,0.001599999999996271,-1.0000000003174137e-05,2.0000000006348273e-05,5436,0,1,0,1,0,1,0.9000000000000001,2670.704178977377,80.26361067831525,17424.74304230972,3093,0
1005.5,1.7,10.5,-2.6,2099.625,67.94208,0.056199999999989814,-0.0016000000000531145,-0.00040000000035433914,0.0015800000000041337,-1.9999999992137418e-05,-9.999999988963282e-06,5437,0,1,0,1,0,1,0.9000000000000001,2670.5991625781535,80.26134485803604,17427.262592410505,3094,0
1004.75,1.7,10.5,-2.6,2099.6797,67.943634,0.05470000000013897,-0.0014999999998508429,0.00010000000020227162,0.001553999999998723,-2.6000000005410584e-05,-6.000000013273166e-06,5438,0,1,0,1,0,1,0.9000000000000001,2670.494194851995,80.25908015664645,17429.78220815129,3095,0
1004.25,1.7,10.5,-2.6,2099.733,67.945175,0.05330000000003565,-0.0014000000001033186,9.999999974752427e-05,0.0015410000000031232,-1.2999999995599865e-05,1.300000000981072e-05,5439,0,1,0,1,0,1,0.9000000000000001,2670.389275514706,80.25681657113971,17432.301887852074,3096,0
1005.75,1.7,10.5,-2.6,2099.7847,67.9467,0.05169999999998254,-0.0016000000000531145,-0.0001999999999497959,0.0015250000000008868,-1.6000000002236447e-05,-3.000000006636583e-06,5440,0,1,0,1,0,1,0.9000000000000001,2670.284404245543,80.25455409795993,17434.821629592865,3097,0
1006.0,1.7,10.5,-2.6,2099.835,67.948204,0.05029999999987922,-0.0014000000001033186,0.0001999999999497959,0.0015039999999970632,-2.1000000003823516e-05,-5.000000001587068e-06,5441,0,1,0,1,0,1,0.9000000000000001,2670.1795807607496,80.25229273263506,17437.341431693658,3098,0
1007.25,1.7,10.5,-2.6,2099.8838,67.94969,0.048800000000028376,-0.0014999999998508429,-9.999999974752427e-05,0.0014859999999998763,-1.7999999997186933e-05,3.000000006636583e-06,5442,0,1,0,1,0,1,0.9000000000000001,2670.074804758405,80.25003247124747,17439.861292354453,3099,0
1008.25,1.7,10.5,-2.6,2099.931,67.95116,0.04719999999997526,-0.0016000000000531145,-0.00010000000020227162,0.0014699999999976399,-1.6000000002236447e-05,1.9999999949504854e-06,5443,0,1,0,1,0,1,0.9000000000000001,2669.9700759184425,80.24777331024983,17442.381209655246,3100,0
1008.25,1.7,10.5,-2.6,2099.9768,67.95261,0.04579999999987194,-0.0014000000001033186,0.0001999999999497959,0.0014500000000055024,-1.9999999992137418e-05,-3.999999989900971e-06,5444,0,1,0,1,0,1,0.9000000000000001,2669.8653939577594,80.24551524536272,17444.901181916048,3101,0
1008.5,1.7,10.5,-2.6,2100.021,67.95403,0.044200000000273576,-0.0015999999995983671,-0.00019999999949504854,0.00141999999999598,-3.000000000952241e-05,-1.0000000017384991e-05,5445,0,1,0,1,0,1,0.9000000000000001,2669.760758556739,80.24325827047373,17447.42120721685,3102,0
1009.75,1.7,10.5,-2.6,2100.0637,67.95544,0.042699999999967986,-0.0015000000003055902,9.999999929277692e-05,0.001409999999992806,-1.0000000003174137e-05,2.0000000006348273e-05,5446,0,1,0,1,0,1,0.9000000000000001,2669.6561694143566,80.2410023831467,17449.941283757653,3103,0
1009.75,1.7,10.5,-2.6,2100.105,67.95683,0.04129999999986467,-0.0014000000001033186,0.00010000000020227162,0.0013900000000006685,-1.9999999992137418e-05,-9.999999988963282e-06,5447,0,1,0,1,0,1,0.9000000000000001,2669.5516262481647,80.2387475791116,17452.461409858457,3104,0
1011.25,1.7,10.5,-2.6,2100.1448,67.9582,0.039800000000013824,-0.0014999999998508429,-9.999999974752427e-05,0.001370000000008531,-1.9999999992137418e-05,0.0,5448,0,1,0,1,0,1,0.9000000000000001,2669.44712875757,80.23649385410167,17454.981583719262,3105,0
1012.25,1.7,10.5,-2.6,2100.183,67.95955,0.03819999999996071,-0.0016000000000531145,-0.00010000000020227162,0.001349999999987972,-2.0000000020559128e-05,-2.842170943040401e-14,5449,0,1,0,1,0,1,0.9000000000000001,2669.342676623853,80.23424120385322,17457.501803420073,3106,0
1012.25,1.7,10.5,-2.6,2100.2197,67.960884,0.03670000000010987,-0.0014999999998508429,0.00010000000020227162,0.0013339999999999463,-1.5999999988025593e-05,4.000000032533535e-06,5450,0,1,0,1,0,1,0.9000000000000001,2669.238269546872,80.23198962483949,17460.022067160884,3107,0
1011.25,1.7,10.5,-2.6,2100.255,67.9622,0.03530000000000655,-0.0014000000001033186,9.999999974752427e-05,0.0013160000000027594,-1.7999999997186933e-05,-2.00000000916134e-06,5451,0,1,0,1,0,1,0.9000000000000001,2669.133907245048,80.22973911316947,17462.542373261695,3108,0
1011.5,1.7,10.5,-2.6,2100.2886,67.963486,0.03359999999975116,-0.0017000000002553861,-0.0003000000001520675,0.0012860000000074479,-2.9999999995311555e-05,-1.1999999998124622e-05,5452,0,1,0,1,0,1,0.9000000000000001,2669.0295893819916,80.22748966275445,17465.062719682508,3109,0
1011.5,1.7,10.5,-2.6,2100.3206,67.96476,0.032000000000152795,-0.0015999999995983671,0.00010000000065701897,0.0012739999999951124,-1.2000000012335477e-05,1.7999999982976078e-05,5453,0,1,0,1,0,1,0.9000000000000001,2668.9253156398972,80.22524127081041,17467.583104503323,3110,0
1011.25,1.7,10.5,-2.6,2100.351,67.96601,0.03040000000009968,-0.0016000000000531145,-4.547473508864641e-13,0.0012499999999988631,-2.3999999996249244e-05,-1.1999999983913767e-05,5454,0,1,0,1,0,1,0.9000000000000001,2668.821085701192,80.22299393235564,17470.10352580414,3111,0
1010.75,1.7,10.5,-2.6,2100.38,67.96724,0.028999999999996362,-0.0014000000001033186,0.0001999999999497959,0.0012300000000067257,-1.9999999992137418e-05,4.0000000041118255e-06,5455,0,1,0,1,0,1,0.9000000000000001,2668.7168992851907,80.22074764314516,17472.62398190496,3112,0
1011.75,1.7,10.5,-2.6,2100.4075,67.96845,0.027499999999690772,-0.0015000000003055902,-0.00010000000020227162,0.0012100000000003774,-2.0000000006348273e-05,-1.4210854715202004e-14,5456,0,1,0,1,0,1,0.9000000000000001,2668.6127560930913,80.21850239893715,17475.14447100578,3113,0
1011.75,1.7,10.5,-2.6,2100.4333,67.96964,0.02580000000034488,-0.0016999999993458914,-0.0001999999990403012,0.0011899999999940292,-2.0000000006348273e-05,0.0,5457,0,1,0,1,0,1,0.9000000000000001,2668.5086557896666,80.21625819549286,17477.6649910666,3114,0
1011.75,1.7,10.5,-2.6,2100.4575,67.97081,0.02419999999983702,-0.0016000000005078618,9.999999883802957e-05,0.0011700000000018917,-1.9999999992137418e-05,1.4210854715202004e-14,5458,0,1,0,1,0,1,0.9000000000000001,2668.4045980582523,80.21401502857665,17480.185540167422,3115,0
1011.75,1.7,10.5,-2.6,2100.4802,67.97196,0.022699999999986176,-0.0014999999998508429,0.00010000000065701897,0.0011499999999955435,-2.0000000006348273e-05,-1.4210854715202004e-14,5459,0,1,0,1,0,1,0.9000000000000001,2668.3005826007325,80.21177289395604,17482.706116508245,3116,0
1012.25,1.7,10.5,-2.6,2100.5015,67.97309,0.021299999999882857,-0.0014000000001033186,9.999999974752427e-05,0.001130000000003406,-1.9999999992137418e-05,1.4210854715202004e-14,5460,0,1,0,1,0,1,0.9000000000000001,2668.19660913752,80.20953178740157,17485.226718409067,3117,0
1012.25,1.6,10.5,-2.6,2100.521,67.9742,0.019500000000334694,-0.001799999999548163,-0.00039999999944484443,0.0011099999999970578,-2.0000000006348273e-05,-1.4210854715202004e-14,5461,0,1,0,1,0,1,1.0,2668.0926773160018,80.20729170468694,17487.747343709892,3118,0
1012.75,1.6,10.5,-2.6,2100.5388,67.97528,0.01779999999962456,-0.0017000000007101335,9.999999883802957e-05,0.0010800000000017462,-2.9999999995311555e-05,-9.999999988963282e-06,5462,0,1,0,1,0,1,1.0,2667.9887868021233,80.20505263975836,17490.26799037072,3119,0
1011.75,1.6,10.5,-2.6,2100.5552,67.97635,0.01639999999997599,-0.0013999999996485712,0.0003000000010615622,0.001069999999998572,-1.0000000003174137e-05,1.9999999992137418e-05,5463,0,1,0,1,0,1,1.0,2667.8849373169837,80.20281459022694,17492.788656711546,3120,0
1009.25,1.6,10.5,-2.6,2100.57,67.977394,0.014800000000377622,-0.0015999999995983671,-0.0001999999999497959,0.0010440000000073724,-2.599999999119973e-05,-1.5999999988025593e-05,5464,0,1,0,1,0,1,1.0,2667.781128545288,80.20057755077767,17495.309340812375,3121,0
1008.75,1.6,10.5,-2.6,2100.5833,67.97842,0.013299999999617285,-0.0015000000007603376,9.999999883802957e-05,0.0010259999999959746,-1.8000000011397788e-05,7.999999979801942e-06,5465,0,1,0,1,0,1,1.0,2667.677360190267,80.19834151756312,17497.830040873203,3122,0
1008.75,1.6,10.5,-2.6,2100.5947,67.979416,0.011400000000321597,-0.0018999999992956873,-0.00039999999853534973,0.000996000000000663,-2.9999999995311555e-05,-1.1999999983913767e-05,5466,0,1,0,1,0,1,1.0,2667.5736318822023,80.19610648454362,17500.35075461403,3123,0
1008.75,1.6,10.5,-2.6,2100.6047,67.9804,0.009999999999763531,-0.001400000000558066,0.0004999999987376214,0.0009840000000025384,-1.1999999998124622e-05,1.7999999997186933e-05,5467,0,1,0,1,0,1,1.0,2667.469943343087,80.19387244897585,17502.871480354857,3124,0
1008.75,1.6,10.5,-2.6,2100.613,67.98136,0.008299999999962893,-0.0016999999998006388,-0.0002999999992425728,0.0009599999999920783,-2.40000000104601e-05,-1.2000000012335477e-05,5468,0,1,0,1,0,1,1.0,2667.3662942402634,80.1916394059243,17505.392216055687,3125,0
1008.5,1.6,10.5,-2.6,2100.6199,67.98229,0.006900000000314321,-0.0013999999996485712,0.0003000000001520675,0.0009300000000109776,-2.99999999811007e-05,-5.9999999706406015e-06,5469,0,1,0,1,0,1,1.0,2667.262684296161,80.18940734936014,17507.91296003652,3126,0
1008.25,1.6,10.5,-2.6,2100.625,67.98321,0.005099999999856664,-0.0018000000004576577,-0.0004000000008090865,0.0009199999999935926,-1.0000000017384991e-05,1.999999996371571e-05,5470,0,1,0,1,0,1,1.0,2667.1591131602995,80.18717627691464,17510.43371013735,3127,0
1006.75,1.6,10.5,-2.6,2100.6284,67.98411,0.003400000000056025,-0.0016999999998006388,0.00010000000065701897,0.0009000000000014552,-1.9999999992137418e-05,-9.999999974752427e-06,5471,0,1,0,1,0,1,1.0,2667.0555805007307,80.18494618439327,17512.95446431818,3128,0
1007.75,1.6,10.5,-2.6,2100.6301,67.98498,0.0016999999998006388,-0.0017000000002553861,-4.547473508864641e-13,0.0008699999999919328,-3.000000000952241e-05,-1.0000000017384991e-05,5472,0,1,0,1,0,1,1.0,2666.952085985748,80.18271706577745,17515.475220539007,3129,0
1007.75,1.6,10.5,-2.6,2100.6304,67.985825,0.0003000000001520675,-0.0013999999996485712,0.00030000000060681487,0.0008450000000124192,-2.4999999979513632e-05,5.000000030008778e-06,5473,0,1,0,1,0,1,1.0,2666.848629338692,80.1804889159664,17517.995977119837,3130,0
1007.5,1.6,10.5,-2.6,2100.629,67.98665,-0.0014000000001033186,-0.0017000000002553861,-0.00030000000060681487,0.00082499999999186,-2.0000000020559128e-05,4.999999958954504e-06,5474,0,1,0,1,0,1,1.0,2666.7452102283105,80.17826173077626,17520.516732020667,3131,0
1005.25,1.6,10.5,-2.6,2100.626,67.98746,-0.0029999999997016857,-0.0015999999995983671,0.00010000000065701897,0.0008100000000013097,-1.499999999055035e-05,5.000000030008778e-06,5475,0,1,0,1,0,1,1.0,2666.6418283418557,80.17603550693937,17523.0374833215,3132,0
1005.25,1.6,10.5,-2.6,2100.621,67.98824,-0.005000000000109139,-0.0020000000004074536,-0.0004000000008090865,0.0007800000000059981,-2.9999999995311555e-05,-1.5000000004761205e-05,5476,0,1,0,1,0,1,1.0,2666.538483293774,80.17381023845171,17525.55822862233,3133,0
1005.25,1.6,10.5,-2.6,2100.6147,67.989,-0.006300000000010186,-0.001299999999901047,0.0007000000005064066,0.0007599999999996498,-2.0000000006348273e-05,9.999999988963282e-06,5477,0,1,0,1,0,1,1.0,2666.435174826579,80.1715859211391,17528.07896636316,3134,0
1005.25,1.6,10.5,-2.6,2100.6067,67.98974,-0.008000000000265572,-0.0017000000002553861,-0.00040000000035433914,0.0007399999999933016,-2.0000000006348273e-05,0.0,5478,0,1,0,1,0,1,1.0,2666.3319026099653,80.16936255083044,17530.599694503988,3135,0
1004.75,1.6,10.5,-2.6,2100.597,67.99045,-0.009699999999611464,-0.0016999999993458914,9.094947017729282e-13,0.00070999999999799,-2.9999999995311555e-05,-9.999999988963282e-06,5479,0,1,0,1,0,1,1.0,2666.2286663138684,80.16714012153284,17533.120411004817,3136,0
1003.75,1.6,10.5,-2.6,2100.5857,67.99114,-0.011300000000119326,-0.0016000000005078618,9.999999883802957e-05,0.0006900000000058526,-1.9999999992137418e-05,1.0000000003174137e-05,5480,0,1,0,1,0,1,1.0,2666.1254656267106,80.16491862908228,17535.641113945643,3137,0
1002.75,1.6,10.5,-2.6,2100.5725,67.99181,-0.01319999999986976,-0.0018999999997504347,-0.0002999999992425728,0.0006699999999995043,-2.0000000006348273e-05,-1.4210854715202004e-14,5481,0,1,0,1,0,1,1.0,2666.022300182415,80.16269806931777,17538.161801046474,3138,0
1001.25,1.6,10.5,-2.6,2100.5579,67.992455,-0.014600000000427826,-0.001400000000558066,0.0004999999991923687,0.0006450000000057798,-2.4999999993724487e-05,-4.9999999873762135e-06,5482,0,1,0,1,0,1,1.0,2665.9191697063648,80.16047843716943,17540.6824706273,3139,0
1001.5,1.6,10.5,-2.6,2100.5415,67.99308,-0.01639999999997599,-0.001799999999548163,-0.0003999999989900971,0.0006249999999994316,-2.0000000006348273e-05,4.9999999873762135e-06,5483,0,1,0,1,0,1,1.0,2665.8160738512033,80.15825972848286,17543.203120528124,3140,0
1002.25,1.6,10.5,-2.6,2100.5232,67.993675,-0.018299999999726424,-0.0018999999997504347,-0.00010000000020227162,0.0005949999999899092,-3.000000000952241e-05,-1.0000000003174137e-05,5484,0,1,0,1,0,1,1.0,2665.713012251595,80.15604193728349,17545.72374846895,3141,0
1001.25,1.6,10.5,-2.6,2100.5034,67.994255,-0.019800000000032014,-0.0015000000003055902,0.00039999999944484443,0.0005799999999993588,-1.499999999055035e-05,1.500000001897206e-05,5485,0,1,0,1,0,1,1.0,2665.6099846153847,80.15382506033541,17548.244352649774,3142,0
1002.75,1.6,10.5,-2.6,2100.482,67.994804,-0.02140000000008513,-0.0016000000000531145,-9.999999974752427e-05,0.000549000000006572,-3.09999999927868e-05,-1.6000000002236447e-05,5486,0,1,0,1,0,1,1.0,2665.506990632404,80.15160909148898,17550.764931150596,3143,0
1000.75,1.6,10.5,-2.6,2100.4587,67.99533,-0.023299999999835563,-0.0018999999997504347,-0.00029999999969732016,0.0005259999999935872,-2.3000000012984856e-05,7.999999979801942e-06,5487,0,1,0,1,0,1,1.0,2665.4040299380463,80.14939402605685,17553.28548169142,3144,0
1001.75,1.6,10.5,-2.6,2100.4338,67.995834,-0.024900000000343425,-0.0016000000005078618,0.0002999999992425728,0.0005040000000064992,-2.1999999987087904e-05,1.0000000258969521e-06,5488,0,1,0,1,0,1,1.0,2665.301102222627,80.14717985953726,17555.80600235224,3145,0
1002.0,1.6,10.5,-2.6,2100.4072,67.996315,-0.026599999999689317,-0.0016999999993458914,-9.999999883802957e-05,0.0004809999999935144,-2.3000000012984856e-05,-1.0000000258969521e-06,5489,0,1,0,1,0,1,1.0,2665.19820715847,80.14496658724956,17558.32649109306,3146,0
1002.75,1.6,10.5,-2.6,2100.379,67.99677,-0.02820000000019718,-0.0016000000005078618,9.999999883802957e-05,0.00045500000000231466,-2.599999999119973e-05,-2.9999999782148734e-06,5490,0,1,0,1,0,1,1.0,2665.0953444363504,80.14275420397013,17560.84694599388,3147,0
1001.75,1.6,11.5,-2.6,2100.3489,67.99721,-0.030099999999947613,-0.0018999999997504347,-0.0002999999992425728,0.00043999999999755346,-1.5000000004761205e-05,1.0999999986438525e-05,5491,0,1,0,1,0,1,1.0,2664.9925136926436,80.14054270648215,17563.367364774695,3148,0
1001.5,1.6,11.5,-2.6,2100.3171,67.99761,-0.03179999999974825,-0.0016999999998006388,0.0001999999999497959,0.00039999999999906777,-3.999999999848569e-05,-2.4999999993724487e-05,5492,0,1,0,1,0,1,1.0,2664.8897146004006,80.13833208701985,17565.88774539551,3149,0
1001.25,1.6,11.5,-2.6,2100.2834,67.998,-0.03370000000040818,-0.0019000000006599294,-0.0002000000008592906,0.0003900000000101045,-9.999999988963282e-06,3.000000000952241e-05,5493,0,1,0,1,0,1,1.0,2664.786946796505,80.13612234328357,17568.408085576324,3150,0
1000.25,1.6,11.5,-2.6,2100.2483,67.99836,-0.035099999999602005,-0.001399999999193824,0.0005000000014661055,0.0003600000000005821,-3.000000000952241e-05,-2.0000000020559128e-05,5494,0,1,0,1,0,1,1.0,2664.684210009099,80.13391346933577,17570.928383637136,3151,0
1001.25,1.6,11.5,-2.6,2100.2112,67.998695,-0.03710000000000946,-0.0020000000004074536,-0.0006000000012136297,0.00033499999999264674,-2.500000000793534e-05,5.000000001587068e-06,5495,0,1,0,1,0,1,1.0,2664.581503857351,80.13170546015284,17573.448637177946,3152,0
1002.75,1.6,11.5,-2.6,2100.1726,67.99901,-0.03860000000031505,-0.0015000000003055902,0.0005000000001018634,0.0003150000000005093,-1.9999999992137418e-05,5.000000015797923e-06,5496,0,1,0,1,0,1,1.0,2664.4788280516646,80.12949831162452,17575.968844398754,3153,0
1004.25,1.6,11.5,-2.6,2100.132,67.99929,-0.04059999999981301,-0.001999999999497959,-0.0004999999991923687,0.0002800000000036107,-3.499999999689862e-05,-1.5000000004761205e-05,5497,0,1,0,1,0,1,1.0,2664.3761822117135,80.12729201691525,17578.48900289956,3154,0
1005.75,1.6,11.5,-2.6,2100.0898,67.99955,-0.04219999999986612,-0.0016000000000531145,0.00039999999944484443,0.0002599999999972624,-2.0000000006348273e-05,1.499999999055035e-05,5498,0,1,0,1,0,1,1.0,2664.2735660301873,80.12508657192217,17581.009110760366,3155,0
1004.25,1.6,11.5,-2.6,2100.0457,67.99979,-0.044100000000071304,-0.001900000000205182,-0.0003000000001520675,0.000240000000005125,-1.9999999992137418e-05,1.4210854715202004e-14,5499,0,1,0,1,0,1,1.0,2664.1709791454546,80.12288197254546,17583.529165701166,3156,0
1004.25,1.6,11.5,-2.6,2100.0,68.0,-0.04570000000012442,-0.0016000000000531145,0.0003000000001520675,0.0002099999999956026,-3.000000000952241e-05,-1.0000000017384991e-05,5500,0,1,0,1,0,1,1.0,2664.0684212506817,80.12067821287039,17586.049165801967,3157,0
1006.25,1.6,11.5,-2.6,2099.9524,68.00018,-0.047599999999874854,-0.0018999999997504347,-0.00029999999969732016,0.00018000000000029104,-2.9999999995311555e-05,1.4210854715202004e-14,5501,0,1,0,1,0,1,1.0,2663.965891984733,80.11847528698655,17588.569108782765,3158,0
1006.75,1.6,11.5,-2.6,2099.903,68.00034,-0.04940000000033251,-0.0018000000004576577,9.999999929277692e-05,0.00015999999999394277,-2.0000000006348273e-05,9.999999988963282e-06,5502,0,1,0,1,0,1,1.0,2663.8633910049066,80.11627319080502,17591.08899248356,3159,0
1005.75,1.6,11.5,-2.6,2099.852,68.00048,-0.05099999999993088,-0.0015999999995983671,0.0002000000008592906,0.00014000000000180535,-1.9999999992137418e-05,1.4210854715202004e-14,5503,0,1,0,1,0,1,1.0,2663.760918005087,80.11407192023984,17593.608814984353,3160,0
1006.75,1.6,11.5,-2.6,2099.7993,68.000595,-0.05269999999973152,-0.0016999999998006388,-0.00010000000020227162,0.00011500000000808086,-2.4999999993724487e-05,-5.000000001587068e-06,5504,0,1,0,1,0,1,1.0,2663.6584726612173,80.11187147029973,17596.128574245144,3161,0
1007.75,1.6,11.5,-2.6,2099.7449,68.00068,-0.0543999999999869,-0.0017000000002553861,-4.547473508864641e-13,8.499999999855845e-05,-3.000000000952241e-05,-5.000000015797923e-06,5505,0,1,0,1,0,1,1.0,2663.5560546494735,80.109671835089,17598.64826822593,3162,0
1006.75,1.6,11.5,-2.6,2099.6885,68.00074,-0.05639999999993961,-0.0019999999999527063,-0.00029999999969732016,5.999999999062311e-05,-2.500000000793534e-05,5.000000001587068e-06,5506,0,1,0,1,0,1,1.0,2663.4536635917925,80.10747300962412,17601.167894526716,3163,0
1005.75,1.6,11.5,-2.6,2099.6306,68.00078,-0.0579000000002452,-0.0015000000003055902,0.0004999999996471161,4.0000000012696546e-05,-1.9999999977926564e-05,5.000000030008778e-06,5507,0,1,0,1,0,1,1.0,2663.351299201162,80.10527498983298,17603.687451347498,3164,0
1006.75,1.6,11.5,-2.6,2099.571,68.000786,-0.05960000000004584,-0.0016999999998006388,-0.00019999999949504854,5.999999999062311e-06,-3.4000000013634235e-05,-1.4000000035707671e-05,5508,0,1,0,1,0,1,1.0,2663.2489611544747,80.1030777691051,17606.206936648276,3165,0
1006.75,1.6,11.5,-2.6,2099.5095,68.00077,-0.06149999999979627,-0.0018999999997504347,-0.0001999999999497959,-1.6000000002236447e-05,-2.200000000129876e-05,1.2000000012335477e-05,5509,0,1,0,1,0,1,1.0,2663.146649092559,80.1008813430127,17608.726348149055,3166,0
1003.75,1.6,11.5,-2.6,2099.4465,68.00073,-0.06300000000010186,-0.0015000000003055902,0.00039999999944484443,-3.999999999848569e-05,-2.3999999996249244e-05,-1.9999999949504854e-06,5510,0,1,0,1,0,1,1.0,2663.044362729087,80.09868570676828,17611.245684049827,3167,0
1005.25,1.6,11.5,-2.6,2099.3818,68.00066,-0.0646999999999025,-0.0016999999998006388,-0.00019999999949504854,-7.00000000080081e-05,-3.000000000952241e-05,-6.000000013273166e-06,5511,0,1,0,1,0,1,1.0,2662.942101741655,80.09649085449928,17613.764942310598,3168,0
1004.75,1.6,11.5,-2.6,2099.3154,68.00057,-0.06640000000015789,-0.0017000000002553861,-4.547473508864641e-13,-9.000000000014552e-05,-1.9999999992137418e-05,1.0000000017384991e-05,5512,0,1,0,1,0,1,1.0,2662.83986580809,80.09429678215128,17616.284120891363,3169,0
1003.75,1.6,11.5,-2.6,2099.2473,68.00046,-0.06809999999995853,-0.0016999999998006388,4.547473508864641e-13,-0.00010999999999228294,-1.9999999992137418e-05,0.0,5513,0,1,0,1,0,1,1.0,2662.7376546064565,80.09210348567284,17618.803217752127,3170,0
1002.25,1.6,11.5,-2.6,2099.1777,68.00032,-0.06959999999980937,-0.0014999999998508429,0.0001999999999497959,-0.00014000000000180535,-3.000000000952241e-05,-1.0000000017384991e-05,5514,0,1,0,1,0,1,1.0,2662.635467851315,80.08991095920217,17621.32223109289,3171,0
1002.0,1.6,11.5,-2.6,2099.1064,68.00015,-0.07130000000006476,-0.0017000000002553861,-0.00020000000040454324,-0.0001699999999971169,-2.9999999995311555e-05,1.4210854715202004e-14,5515,0,1,0,1,0,1,1.0,2662.533305221175,80.08771919688179,17623.841158873645,3172,0
1002.0,1.6,11.5,-2.6,2099.0334,67.99996,-0.07300000000032014,-0.0017000000002553861,0.0,-0.00019000000000346517,-2.0000000006348273e-05,9.999999988963282e-06,5516,0,1,0,1,0,1,1.0,2662.4311663947797,80.08552819467103,17626.3599990544,3173,0
1001.25,1.6,11.5,-2.6,2098.959,67.99975,-0.07439999999996871,-0.0013999999996485712,0.00030000000060681487,-0.0002099999999956026,-1.9999999992137418e-05,1.4210854715202004e-14,5517,0,1,0,1,0,1,1.0,2662.329051105473,80.08333794853208,17628.87874995515,3174,0
1001.25,1.6,11.5,-2.6,2098.8828,67.999504,-0.07619999999997162,-0.0018000000000029104,-0.00040000000035433914,-0.0002460000000041873,-3.600000000858472e-05,-1.6000000016447302e-05,5518,0,1,0,1,0,1,1.0,2662.226959014314,80.08114845153108,17631.397409415895,3175,0
1003.25,1.6,11.5,-2.6,2098.805,67.99924,-0.07780000000002474,-0.0016000000000531145,0.0001999999999497959,-0.00026400000000137425,-1.7999999997186933e-05,1.8000000011397788e-05,5519,0,1,0,1,0,1,1.0,2662.1248898188405,80.0789597,17633.91597551664,3176,0
1004.25,1.6,11.5,-2.6,2098.7256,67.99895,-0.0793999999996231,-0.0015999999995983671,4.547473508864641e-13,-0.00029000000000678483,-2.6000000005410584e-05,-8.000000008223651e-06,5520,0,1,0,1,0,1,1.0,2662.0228432168087,80.0767716888245,17636.434446337378,3177,0
1004.75,1.6,11.5,-2.6,2098.6445,67.998634,-0.08110000000033324,-0.0017000000007101335,-0.00010000000111176632,-0.00031599999999798456,-2.599999999119973e-05,1.4210854715202004e-14,5521,0,1,0,1,0,1,1.0,2661.920818888084,80.07458441289388,17638.952819838112,3178,0
1006.25,1.6,11.5,-2.6,2098.562,67.99829,-0.08249999999998181,-0.0013999999996485712,0.0003000000010615622,-0.00034399999999834563,-2.800000000036107e-05,-2.00000000916134e-06,5522,0,1,0,1,0,1,1.0,2661.818816567083,80.0723978667391,17641.47109433884,3179,0
1006.75,1.6,11.5,-2.6,2098.478,67.997925,-0.08399999999983265,-0.0014999999998508429,-0.00010000000020227162,-0.00036500000000216914,-2.1000000003823516e-05,6.999999996537554e-06,5523,0,1,0,1,0,1,1.0,2661.7168359703114,80.0702120461622,17643.98926803957,3180,0
1007.75,1.6,11.5,-2.6,2098.3923,67.997536,-0.08570000000008804,-0.0017000000002553861,-0.00020000000040454324,-0.0003889999999984184,-2.3999999996249244e-05,-2.999999992425728e-06,5524,0,1,0,1,0,1,1.0,2661.6148767782806,80.06802694642533,17646.507338900294,3181,0
1007.75,1.6,11.5,-2.6,2098.3052,67.997116,-0.08710000000019136,-0.0014000000001033186,0.0003000000001520675,-0.0004199999999912052,-3.09999999927868e-05,-6.999999996537554e-06,5525,0,1,0,1,0,1,1.0,2661.512938726022,80.06584256152732,17649.02530524101,3182,0
1007.75,1.5,11.5,-2.6,2098.2166,67.99667,-0.08859999999958745,-0.0014999999993960955,-9.999999929277692e-05,-0.0004460000000108266,-2.600000001962144e-05,4.999999973165359e-06,5526,0,1,0,1,0,1,1.1,2661.4110215306678,80.06365888637598,17651.543165261726,3183,0
1005.75,1.5,11.5,-2.6,2098.1262,67.99621,-0.09040000000004511,-0.0018000000004576577,-0.0003000000010615622,-0.0004599999999896909,-1.3999999978864253e-05,1.2000000040757186e-05,5527,0,1,0,1,0,1,1.1,2661.3091248552823,80.06147591805355,17654.060916802435,3184,0
1004.75,1.5,11.5,-2.6,2098.0344,67.99571,-0.09180000000014843,-0.0014000000001033186,0.00040000000035433914,-0.0005000000000023874,-4.0000000012696546e-05,-2.6000000033832293e-05,5528,0,1,0,1,0,1,1.1,2661.2072484355217,80.05929364894195,17656.57855818314,3185,0
1003.75,1.5,11.5,-2.6,2097.9412,67.9952,-0.093199999999797,-0.0013999999996485712,4.547473508864641e-13,-0.0005100000000055616,-1.0000000003174137e-05,3.000000000952241e-05,5529,0,1,0,1,0,1,1.1,2661.105392007233,80.05711207685353,17659.096087723843,3186,0
1005.75,1.5,11.5,-2.6,2097.8464,67.99466,-0.09480000000030486,-0.0016000000005078618,-0.0002000000008592906,-0.0005400000000008731,-2.9999999995311555e-05,-1.9999999992137418e-05,5530,0,1,0,1,0,1,1.1,2661.003555270295,80.05493119598626,17661.61350350454,3187,0
1004.75,1.5,11.5,-2.6,2097.7502,67.99409,-0.09619999999995343,-0.0013999999996485712,0.0002000000008592906,-0.0005699999999961847,-2.9999999995311555e-05,0.0,5531,0,1,0,1,0,1,1.1,2660.9017379609545,80.0527510005423,17664.130803845233,3188,0
1006.25,1.5,11.5,-2.6,2097.6523,67.9935,-0.09789999999975407,-0.0016999999998006388,-0.0003000000001520675,-0.0005900000000025329,-2.0000000006348273e-05,9.999999988963282e-06,5532,0,1,0,1,0,1,1.1,2660.7999397614317,80.05057148653533,17666.64798670592,3189,0
1006.75,1.5,11.5,-2.6,2097.5532,67.99288,-0.09910000000036234,-0.00120000000060827,0.0004999999991923687,-0.0006199999999978445,-2.9999999995311555e-05,-9.999999988963282e-06,5533,0,1,0,1,0,1,1.1,2660.6981604445245,80.04839264817491,17669.165050646603,3190,0
1007.0,1.5,11.5,-2.6,2097.4526,67.99223,-0.10059999999975844,-0.0014999999993960955,-0.00029999999878782546,-0.000649999999993156,-2.9999999995311555e-05,0.0,5534,0,1,0,1,0,1,1.1,2660.5963997289973,80.0462144796748,17671.681993867278,3191,0
1007.75,1.5,11.5,-2.6,2097.3503,67.99157,-0.10230000000001382,-0.0017000000002553861,-0.0002000000008592906,-0.000660000000010541,-1.0000000017384991e-05,1.9999999977926564e-05,5535,0,1,0,1,0,1,1.1,2660.494657297688,80.0440369788656,17674.198814327952,3192,0
1007.5,1.5,11.5,-2.6,2097.2468,67.990875,-0.10350000000016735,-0.0012000000001535227,0.0005000000001018634,-0.0006949999999932288,-3.499999998268777e-05,-2.4999999965302777e-05,5536,0,1,0,1,0,1,1.1,2660.3929329239663,80.04186013906447,17676.71551058862,3193,0
1006.75,1.5,11.5,-2.6,2097.1418,67.99016,-0.10500000000001819,-0.0014999999998508429,-0.00029999999969732016,-0.0007149999999995771,-2.0000000006348273e-05,1.4999999976339495e-05,5537,0,1,0,1,0,1,1.1,2660.2912263271937,80.03968395630191,17679.232080849284,3194,0
1005.75,1.5,11.5,-2.6,2097.0354,67.98942,-0.10639999999966676,-0.0013999999996485712,0.00010000000020227162,-0.0007400000000075124,-2.500000000793534e-05,-5.000000001587068e-06,5538,0,1,0,1,0,1,1.1,2660.18953724499,80.03750842570861,17681.748523429942,3195,0
1006.25,1.5,11.5,-2.6,2096.9275,67.98865,-0.1079000000004271,-0.0015000000007603376,-0.00010000000111176632,-0.0007699999999886131,-2.99999999811007e-05,-4.999999973165359e-06,5539,0,1,0,1,0,1,1.1,2660.0878653971117,80.03533354151624,17684.264836530594,3196,0
1007.75,1.5,11.5,-2.6,2096.8184,67.987854,-0.10909999999967113,-0.001199999999244028,0.00030000000151630957,-0.0007960000000082346,-2.600000001962144e-05,3.999999961479261e-06,5540,0,1,0,1,0,1,1.1,2659.9862105576613,80.03315929868255,17686.78101871124,3197,0
1007.75,1.5,11.5,-2.6,2096.7078,67.98704,-0.11059999999997672,-0.0015000000003055902,-0.0003000000010615622,-0.0008140000000054215,-1.7999999997186933e-05,8.000000022434506e-06,5541,0,1,0,1,0,1,1.1,2659.88457244677,80.03098569361241,17689.297068171883,3198,0
1006.25,1.5,11.5,-2.6,2096.5957,67.9862,-0.11210000000028231,-0.0015000000003055902,0.0,-0.0008399999999966212,-2.599999999119973e-05,-7.999999994012796e-06,5542,0,1,0,1,0,1,1.1,2659.7829507847737,80.02881272127007,17691.81298311252,3199,0
1006.0,1.5,11.5,-2.6,2096.4822,67.98533,-0.11349999999993088,-0.0013999999996485712,0.00010000000065701897,-0.0008699999999919328,-2.9999999995311555e-05,-4.0000000041118255e-06,5543,0,1,0,1,0,1,1.1,2659.6813453102454,80.02664037590188,17694.32876185315,3200,0
1007.25,1.5,11.5,-2.6,2096.3674,67.984436,-0.11479999999983193,-0.001299999999901047,9.999999974752427e-05,-0.0008940000000023929,-2.40000000104601e-05,5.999999984851456e-06,5544,0,1,0,1,0,1,1.1,2659.579755779982,80.0244686528404,17696.844402833776,3201,0
1008.25,1.5,11.5,-2.6,2096.2515,67.98351,-0.11590000000023792,-0.0011000000004059984,0.00019999999949504854,-0.0009260000000068658,-3.2000000004472895e-05,-7.999999994012796e-06,5545,0,1,0,1,0,1,1.1,2659.4781819870177,80.02229754597909,17699.359904734396,3202,0
1010.25,1.5,11.5,-2.6,2096.134,67.982574,-0.11749999999983629,-0.0015999999995983671,-0.0004999999991923687,-0.0009359999999958291,-9.999999988963282e-06,2.2000000015509613e-05,5546,0,1,0,1,0,1,1.1,2659.376623634397,80.02012705318191,17701.87526563501,3203,0
1011.75,1.5,10.5,-2.6,2096.0151,67.981606,-0.11889999999993961,-0.0014000000001033186,0.00019999999949504854,-0.000968000000000302,-3.2000000004472895e-05,-2.2000000015509613e-05,5547,0,1,0,1,0,1,1.1,2659.2750804614275,80.01795716834896,17704.39048385562,3204,0
1012.25,1.5,10.5,-2.6,2095.895,67.98061,-0.12010000000009313,-0.0012000000001535227,0.0001999999999497959,-0.000996000000000663,-2.800000000036107e-05,4.0000000041118255e-06,5548,0,1,0,1,0,1,1.1,2659.1735522436475,80.0157878861056,17706.905557956223,3205,0
1013.25,1.5,10.5,-2.6,2095.7734,67.97959,-0.12159999999994398,-0.0014999999998508429,-0.00029999999969732016,-0.0010199999999969123,-2.3999999996249244e-05,4.0000000041118255e-06,5549,0,1,0,1,0,1,1.1,2659.0720387027027,80.0136192018018,17709.42048613682,3206,0
1012.25,1.5,10.5,-2.6,2095.6506,67.97855,-0.1228000000000975,-0.0012000000001535227,0.00029999999969732016,-0.0010400000000032605,-2.0000000006348273e-05,3.999999989900971e-06,5550,0,1,0,1,0,1,1.1,2658.9705396144836,80.01145111151143,17711.93526695741,3207,0
1012.25,1.5,10.5,-2.6,2095.5266,67.977486,-0.12399999999979627,-0.0011999999996987754,4.547473508864641e-13,-0.0010639999999995098,-2.3999999996249244e-05,-3.999999989900971e-06,5551,0,1,0,1,0,1,1.1,2658.869054755043,80.00928361059077,17714.449898977997,3208,0
1012.5,1.5,10.5,-2.6,2095.4014,67.97639,-0.1251999999999498,-0.0012000000001535227,-4.547473508864641e-13,-0.0010960000000039827,-3.2000000004472895e-05,-8.000000008223651e-06,5552,0,1,0,1,0,1,1.1,2658.767583900594,80.00711669295876,17716.964380758574,3209,0
1013.25,1.5,10.5,-2.6,2095.2747,67.97527,-0.12670000000025539,-0.0015000000003055902,-0.0003000000001520675,-0.001120000000000232,-2.3999999996249244e-05,8.000000008223651e-06,5553,0,1,0,1,0,1,1.1,2658.6661267734967,80.00495035397911,17719.47871049915,3210,0
1012.25,1.5,10.5,-2.6,2095.1467,67.97413,-0.12800000000015643,-0.001299999999901047,0.00020000000040454324,-0.0011399999999923693,-1.9999999992137418e-05,4.0000000041118255e-06,5554,0,1,0,1,0,1,1.1,2658.5646831323133,80.00278458973897,17721.992886639717,3211,0
1010.75,1.5,10.5,-2.6,2095.0176,67.97296,-0.12909999999965294,-0.0010999999994965037,0.00020000000040454324,-0.0011700000000018917,-3.000000000952241e-05,-1.0000000017384991e-05,5555,0,1,0,1,0,1,1.1,2658.463252771778,80.00061939452844,17724.506907860276,3212,0
1012.75,1.5,10.5,-2.6,2094.8872,67.97176,-0.13040000000000873,-0.0013000000003557943,-0.0002000000008592906,-0.0011999999999972033,-2.9999999995311555e-05,1.4210854715202004e-14,5556,0,1,0,1,0,1,1.1,2658.3618354507826,79.99845476264171,17727.02077260083,3213,0
1012.25,1.5,10.5,-2.6,2094.7554,67.97054,-0.13180000000011205,-0.0014000000001033186,-9.999999974752427e-05,-0.0012200000000035516,-2.0000000006348273e-05,9.999999988963282e-06,5557,0,1,0,1,0,1,1.1,2658.2604309103995,79.99629069017632,17729.53447918138,3214,0
1013.75,1.5,10.5,-2.6,2094.6226,67.9693,-0.13279999999986103,-0.0009999999997489795,0.00040000000035433914,-0.001239999999995689,-1.9999999992137418e-05,1.4210854715202004e-14,5558,0,1,0,1,0,1,1.1,2658.1590389638422,79.9941271732326,17732.04802640192,3215,0
1013.25,1.5,10.5,-2.6,2094.4883,67.96803,-0.13430000000016662,-0.0015000000003055902,-0.0005000000005566108,-0.0012700000000052114,-3.000000000952241e-05,-1.0000000017384991e-05,5559,0,1,0,1,0,1,1.1,2658.057659334532,79.99196420611511,17734.561412462455,3216,0
1012.75,1.5,10.5,-2.6,2094.353,67.96674,-0.1352999999999156,-0.0009999999997489795,0.0005000000005566108,-0.0012899999999973488,-1.9999999992137418e-05,1.0000000017384991e-05,5560,0,1,0,1,0,1,1.1,2657.9562918360007,79.98980178493078,17737.074636162986,3217,0
1011.75,1.5,10.5,-2.6,2094.2163,67.96542,-0.13670000000001892,-0.0014000000001033186,-0.00040000000035433914,-0.0013200000000068712,-3.000000000952241e-05,-1.0000000017384991e-05,5561,0,1,0,1,0,1,1.1,2657.8549362099966,79.98763990399137,17739.58769582351,3218,0
1012.25,1.5,10.5,-2.6,2094.0786,67.96408,-0.13770000000022264,-0.0010000000002037268,0.0003999999998995918,-0.0013399999999990087,-1.9999999992137418e-05,1.0000000017384991e-05,5562,0,1,0,1,0,1,1.1,2657.753592270358,79.98547855941038,17742.100590244023,3219,0
1012.5,1.5,10.5,-2.6,2093.9397,67.96271,-0.13889999999992142,-0.0011999999996987754,-0.00019999999949504854,-0.0013699999999943202,-2.9999999995311555e-05,-1.0000000003174137e-05,5563,0,1,0,1,0,1,1.1,2657.652259795111,79.98331774550682,17744.61331798453,3220,0
1013.25,1.5,10.5,-2.6,2093.7996,67.96132,-0.14010000000007494,-0.0012000000001535227,-4.547473508864641e-13,-0.0013900000000006685,-2.0000000006348273e-05,9.999999988963282e-06,5564,0,1,0,1,0,1,1.1,2657.5509385624437,79.98115745840072,17747.125877605034,3221,0
1014.75,1.5,10.5,-2.6,2093.6582,67.9599,-0.141399999999976,-0.001299999999901047,-9.999999974752427e-05,-0.00141999999999598,-2.9999999995311555e-05,-9.999999988963282e-06,5565,0,1,0,1,0,1,1.1,2657.4496283327344,79.97899769241825,17749.63826754553,3222,0
1014.75,1.5,10.5,-2.4,2093.5156,67.95846,-0.14259999999967476,-0.0011999999996987754,0.00010000000020227162,-0.0014400000000023283,-2.0000000006348273e-05,9.999999988963282e-06,5566,0,1,0,1,0,1,0.8999999999999999,2657.3483288844977,79.976838443686,17752.15048636602,3223,0
1012.75,1.5,10.5,-2.4,2093.372,67.956985,-0.14360000000033324,-0.0010000000006584742,0.0001999999990403012,-0.001474999999999227,-3.499999999689862e-05,-1.499999999055035e-05,5567,0,1,0,1,0,1,0.8999999999999999,2657.2470400323277,79.97467970563936,17754.6625328665,3224,0
1013.0,1.5,10.5,-2.4,2093.2273,67.95549,-0.14469999999982974,-0.0010999999994965037,-9.999999883802957e-05,-0.0014950000000055752,-2.0000000006348273e-05,1.499999999055035e-05,5568,0,1,0,1,0,1,0.8999999999999999,2657.1457615729937,79.97252147441192,17757.174405726975,3225,0
1013.75,1.5,10.5,-2.4,2093.0813,67.95397,-0.14600000000018554,-0.0013000000003557943,-0.0002000000008592906,-0.0015199999999992997,-2.4999999993724487e-05,-4.9999999873762135e-06,5569,0,1,0,1,0,1,0.8999999999999999,2657.0444932675045,79.97036374524237,17759.686103387445,3226,0
1013.75,1.5,10.5,-2.4,2092.9343,67.95243,-0.14699999999993452,-0.0009999999997489795,0.00030000000060681487,-0.001539999999991437,-1.9999999992137418e-05,5.000000001587068e-06,5570,0,1,0,1,0,1,0.8999999999999999,2656.9432349308922,79.96820651427032,17762.197624647906,3227,0
1012.75,1.5,10.5,-2.4,2092.7861,67.95086,-0.14820000000008804,-0.0012000000001535227,-0.00020000000040454324,-0.0015700000000009595,-3.000000000952241e-05,-1.0000000017384991e-05,5571,0,1,0,1,0,1,0.8999999999999999,2656.8419863424265,79.9660497758435,17764.70896806836,3228,0
1013.75,1.5,10.5,-2.4,2092.637,67.949265,-0.14909999999963475,-0.0008999999995467078,0.00030000000060681487,-0.0015950000000088949,-2.500000000793534e-05,5.000000001587068e-06,5572,0,1,0,1,0,1,0.8999999999999999,2656.740747335367,79.96389352521084,17767.220132568804,3229,0
1012.75,1.5,10.5,-2.4,2092.4866,67.94765,-0.15039999999999054,-0.0013000000003557943,-0.0004000000008090865,-0.0016150000000010323,-1.9999999992137418e-05,5.000000015797923e-06,5573,0,1,0,1,0,1,0.8999999999999999,2656.639517671331,79.9617377585217,17769.731116589246,3230,0
1011.75,1.5,10.5,-2.4,2092.335,67.94601,-0.15160000000014406,-0.0012000000001535227,0.00010000000020227162,-0.0016399999999947568,-2.4999999993724487e-05,-5.000000001587068e-06,5574,0,1,0,1,0,1,0.8999999999999999,2656.538297130045,79.9595824710314,17772.241918689677,3231,0
1010.25,1.5,10.5,-2.4,2092.1826,67.944336,-0.15239999999994325,-0.0007999999997991836,0.00040000000035433914,-0.0016739999999941801,-3.399999999942338e-05,-9.000000005698894e-06,5575,0,1,0,1,0,1,0.8999999999999999,2656.4370855631273,79.9574276563845,17774.752537910103,3232,0
1011.75,1.5,10.5,-2.4,2092.0288,67.94264,-0.15380000000004657,-0.0014000000001033186,-0.000600000000304135,-0.0016960000000096898,-2.2000000015509613e-05,1.1999999983913767e-05,5576,0,1,0,1,0,1,0.8999999999999999,2656.3358827147213,79.95527331038193,17777.26297257052,3233,0
1011.5,1.5,10.5,-2.4,2091.8743,67.940926,-0.15450000000009823,-0.0007000000000516593,0.0007000000000516593,-0.0017139999999926658,-1.7999999982976078e-05,4.000000032533535e-06,5577,0,1,0,1,0,1,0.8999999999999999,2656.234688454643,79.95311942954464,17779.77322183093,3234,0
1012.25,1.5,10.5,-2.4,2091.7185,67.93918,-0.15579999999999927,-0.001299999999901047,-0.0005999999998493877,-0.0017460000000113496,-3.200000001868375e-05,-1.4000000035707671e-05,5578,0,1,0,1,0,1,0.8999999999999999,2656.133502545259,79.95096600788672,17782.283284131332,3235,0
1012.25,1.5,10.5,-2.4,2091.5618,67.937416,-0.15670000000000073,-0.0009000000000014552,0.0003999999998995918,-0.0017639999999943257,-1.7999999982976078e-05,1.4000000035707671e-05,5579,0,1,0,1,0,1,0.8999999999999999,2656.0323248207887,79.94881304193548,17784.793158391727,3236,0
1012.25,1.5,10.5,-2.4,2091.404,67.935616,-0.15779999999995198,-0.001099999999951251,-0.0001999999999497959,-0.0018000000000029104,-3.600000000858472e-05,-1.8000000025608642e-05,5580,0,1,0,1,0,1,0.8999999999999999,2655.9311550797347,79.94666052499552,17787.302843292113,3237,0
1012.5,1.5,10.5,-2.4,2091.2454,67.9338,-0.1586000000002059,-0.0008000000002539309,0.00029999999969732016,-0.001815999999990936,-1.5999999988025593e-05,2.0000000020559128e-05,5581,0,1,0,1,0,1,0.8999999999999999,2655.8299931744896,79.94450845395914,17789.812337872492,3238,0
1012.5,1.5,10.5,-2.4,2091.0854,67.93196,-0.15999999999985448,-0.0013999999996485712,-0.0005999999993946403,-0.001840000000001396,-2.40000000104601e-05,-8.000000022434506e-06,5582,0,1,0,1,0,1,0.8999999999999999,2655.7288388500806,79.94235682428801,17792.321640452865,3239,0
1014.25,1.5,10.5,-2.4,2090.9246,67.93009,-0.1608000000001084,-0.0008000000002539309,0.0005999999993946403,-0.0018699999999967076,-2.9999999995311555e-05,-5.999999984851456e-06,5583,0,1,0,1,0,1,0.8999999999999999,2655.627691959169,79.94020563037249,17794.83075007323,3240,0
1012.75,1.5,10.5,-2.4,2090.7627,67.92819,-0.16189999999960492,-0.0010999999994965037,-0.0002999999992425728,-0.00190000000000623,-3.000000000952241e-05,-1.4210854715202004e-14,5584,0,1,0,1,0,1,0.8999999999999999,2655.5265523008056,79.93805486660698,17797.339665413587,3241,0
1010.75,1.5,10.5,-2.4,2090.6,67.92628,-0.1627000000003136,-0.0008000000007086783,0.00029999999878782546,-0.0019099999999951933,-9.999999988963282e-06,2.0000000020559128e-05,5585,0,1,0,1,0,1,0.8999999999999999,2655.425419727891,79.93590453097028,17799.848385513935,3242,0
1011.75,1.5,10.5,-2.4,2090.4363,67.92433,-0.16370000000006257,-0.0009999999997489795,-0.0001999999990403012,-0.0019500000000078899,-4.0000000012696546e-05,-3.0000000023733264e-05,5586,0,1,0,1,0,1,0.8999999999999999,2655.324294057634,79.93375461607303,17802.356909174276,3243,0
1009.75,1.5,10.5,-2.4,2090.2715,67.92236,-0.16480000000001382,-0.001099999999951251,-0.00010000000020227162,-0.0019700000000000273,-1.9999999992137418e-05,2.0000000020559128e-05,5587,0,1,0,1,0,1,0.8999999999999999,2655.2231750894775,79.93160511811024,17804.86523507461,3244,0
1008.75,1.5,10.5,-2.4,2090.1057,67.92037,-0.1657999999997628,-0.0009999999997489795,0.00010000000020227162,-0.0019899999999921647,-1.9999999992137418e-05,0.0,5588,0,1,0,1,0,1,0.8999999999999999,2655.1220626409017,79.92945603327965,17807.373362014936,3245,0
1009.0,1.5,10.5,-2.4,2089.9392,67.91836,-0.1665000000002692,-0.0007000000005064066,0.0002999999992425728,-0.002009999999998513,-2.0000000006348273e-05,-1.4210854715202004e-14,5589,0,1,0,1,0,1,0.8999999999999999,2655.020956583184,79.92730735778176,17809.88128915525,3246,0
1010.25,1.5,10.5,-2.4,2089.7715,67.91631,-0.16769999999996799,-0.0011999999996987754,-0.0004999999991923687,-0.0020500000000112095,-4.0000000012696546e-05,-2.0000000006348273e-05,5590,0,1,0,1,0,1,0.8999999999999999,2654.919856698265,79.92515908424254,17812.38901505556,3247,0
1010.25,1.5,10.5,-2.4,2089.603,67.914246,-0.16849999999976717,-0.0007999999997991836,0.0003999999998995918,-0.0020639999999900738,-1.3999999978864253e-05,2.6000000033832293e-05,5591,0,1,0,1,0,1,0.8999999999999999,2654.8187628397714,79.92301120994277,17814.89653875586,3248,0
1008.75,1.5,10.5,-2.4,2089.4336,67.91215,-0.16940000000022337,-0.0009000000004562025,-0.00010000000065701897,-0.0020960000000087575,-3.200000001868375e-05,-1.8000000039819497e-05,5592,0,1,0,1,0,1,0.8999999999999999,2654.7176748435545,79.9208637289469,17817.403859176153,3249,0
1008.25,1.5,10.5,-2.4,2089.2634,67.910034,-0.17020000000002256,-0.0007999999997991836,0.00010000000065701897,-0.002116000000000895,-1.9999999992137418e-05,1.2000000026546331e-05,5593,0,1,0,1,0,1,0.8999999999999999,2654.616592563461,79.91871663746872,17819.910975356437,3250,0
1009.25,1.5,10.5,-2.4,2089.092,67.90789,-0.17139999999972133,-0.0011999999996987754,-0.0003999999998995918,-0.002144000000001256,-2.800000000036107e-05,-8.000000008223651e-06,5594,0,1,0,1,0,1,0.8999999999999999,2654.515515781948,79.91656993029491,17822.417885856714,3251,0
1010.75,1.5,10.5,-2.4,2088.92,67.90572,-0.17200000000002547,-0.000600000000304135,0.0005999999993946403,-0.0021699999999924557,-2.599999999119973e-05,2.00000000916134e-06,5595,0,1,0,1,0,1,0.8999999999999999,2654.414444388849,79.91442360257327,17824.924589956983,3252,0
1012.75,1.5,10.5,-2.4,2088.747,67.90353,-0.1730000000002292,-0.0010000000002037268,-0.0003999999998995918,-0.002189999999998804,-2.0000000006348273e-05,5.999999984851456e-06,5596,0,1,0,1,0,1,0.8999999999999999,2654.3133782026084,79.91227765052707,17827.431086457244,3253,0
1012.75,1.5,10.5,-2.4,2088.573,67.90131,-0.17399999999997817,-0.0009999999997489795,4.547473508864641e-13,-0.0022200000000083264,-3.000000000952241e-05,-1.0000000003174137e-05,5597,0,1,0,1,0,1,0.8999999999999999,2654.2123170418004,79.91013206859593,17829.937374157496,3254,0
1011.75,1.5,10.5,-2.4,2088.3984,67.89907,-0.17459999999982756,-0.0005999999998493877,0.0003999999998995918,-0.002240000000000464,-1.9999999992137418e-05,1.0000000017384991e-05,5598,0,1,0,1,0,1,0.8999999999999999,2654.111260796571,79.90798685300946,17832.44345233774,3255,0
1012.75,1.5,10.5,-2.4,2088.2227,67.8968,-0.17570000000023356,-0.0011000000004059984,-0.0005000000005566108,-0.0022699999999957754,-2.9999999995311555e-05,-1.0000000003174137e-05,5599,0,1,0,1,0,1,0.8999999999999999,2654.010209267857,79.90584199821429,17834.949319677973,3256,0
1010.75,1.5,10.5,-2.4,2088.0464,67.89451,-0.1762999999996282,-0.0005999999993946403,0.0005000000010113581,-0.0022900000000021237,-2.0000000006348273e-05,9.999999988963282e-06,5600,0,1,0,1,0,1,0.8999999999999999,2653.9091623460095,79.90369750044634,17837.4549754582,3257,0
1011.25,1.5,10.5,-2.4,2087.869,67.89219,-0.1774000000000342,-0.0011000000004059984,-0.0005000000010113581,-0.0023199999999974352,-2.9999999995311555e-05,-9.999999988963282e-06,5601,0,1,0,1,0,1,0.8999999999999999,2653.808119832203,79.90155335415923,17839.960418358416,3258,0
1011.25,1.5,10.5,-2.4,2087.691,67.88985,-0.17800000000033833,-0.000600000000304135,0.0005000000001018634,-0.0023400000000037835,-2.0000000006348273e-05,9.999999988963282e-06,5602,0,1,0,1,0,1,0.8999999999999999,2653.7070816169908,79.89940955559521,17842.465647658624,3259,0
1011.25,1.5,10.5,-2.4,2087.512,67.88748,-0.17899999999963256,-0.0009999999992942321,-0.0003999999989900971,-0.002369999999999095,-2.9999999995311555e-05,-9.999999988963282e-06,5603,0,1,0,1,0,1,0.8999999999999999,2653.606047519629,79.89726609921485,17844.970662158827,3260,0
1010.25,1.5,10.5,-2.4,2087.3323,67.885086,-0.17970000000013897,-0.0007000000005064066,0.00029999999878782546,-0.0023939999999953443,-2.3999999996249244e-05,5.999999999062311e-06,5604,0,1,0,1,0,1,0.8999999999999999,2653.5050174130242,79.89512298055308,17847.475461019018,3261,0
1010.25,1.5,10.5,-2.4,2087.1516,67.88267,-0.18069999999988795,-0.0009999999997489795,-0.0002999999992425728,-0.002415999999996643,-2.200000000129876e-05,1.9999999949504854e-06,5605,0,1,0,1,0,1,0.8999999999999999,2653.4039911166606,79.89298019550482,17849.980043039202,3262,0
1009.75,1.5,10.5,-2.4,2086.9705,67.880226,-0.1811000000002423,-0.00040000000035433914,0.0005999999993946403,-0.002444000000011215,-2.8000000014571924e-05,-6.000000013273166e-06,5606,0,1,0,1,0,1,0.8999999999999999,2653.3029685571605,79.8908377388978,17852.484407739375,3263,0
1008.25,1.5,10.5,-2.4,2086.7883,67.87776,-0.1821999999997388,-0.0010999999994965037,-0.0006999999991421646,-0.002465999999998303,-2.1999999987087904e-05,6.00000002748402e-06,5607,0,1,0,1,0,1,0.8999999999999999,2653.2019495363766,79.88869560663338,17854.988553799543,3264,0
1007.75,1.5,10.5,-2.4,2086.6055,67.87527,-0.18280000000004293,-0.000600000000304135,0.0004999999991923687,-0.002489999999994552,-2.3999999996249244e-05,-2.00000000916134e-06,5608,0,1,0,1,0,1,0.8999999999999999,2653.100933945445,79.88655379425923,17857.4924804997,3265,0
1006.25,1.5,10.5,-2.4,2086.4219,67.87275,-0.18360000000029686,-0.0008000000002539309,-0.0001999999999497959,-0.0025200000000040745,-3.000000000952241e-05,-6.000000013273166e-06,5609,0,1,0,1,0,1,0.8999999999999999,2652.9999216399287,79.88441229625668,17859.996186879845,3266,0
1006.75,1.5,10.5,-2.4,2086.2373,67.87021,-0.18460000000004584,-0.0009999999997489795,-0.00019999999949504854,-0.002539999999996212,-1.9999999992137418e-05,1.0000000017384991e-05,5610,0,1,0,1,0,1,0.8999999999999999,2652.8989124398504,79.88227110889325,17862.499671739988,3267,0
1005.75,1.5,10.5,-2.4,2086.0522,67.867645,-0.18509999999969295,-0.0004999999996471161,0.0005000000001018634,-0.0025650000000041473,-2.500000000793534e-05,-5.000000015797923e-06,5611,0,1,0,1,0,1,0.8999999999999999,2652.7979062544546,79.88013022754811,17865.00293448012,3268,0
1007.25,1.5,10.5,-2.4,2085.8665,67.86505,-0.1856999999999971,-0.000600000000304135,-0.00010000000065701897,-0.002594999999999459,-2.9999999995311555e-05,-4.9999999873762135e-06,5612,0,1,0,1,0,1,0.8999999999999999,2652.696902975236,79.87798964671298,17867.505974380238,3269,0
1009.25,1.5,10.5,-2.4,2085.68,67.862434,-0.18650000000025102,-0.0008000000002539309,-0.0001999999999497959,-0.0026160000000032824,-2.1000000003823516e-05,8.999999991488039e-06,5613,0,1,0,1,0,1,0.8999999999999999,2652.5959024581407,79.87584936248663,17870.00879048035,3270,0
1010.75,1.5,10.5,-2.4,2085.4927,67.859795,-0.1873000000000502,-0.0007999999997991836,4.547473508864641e-13,-0.0026389999999878455,-2.2999999984563146e-05,-1.9999999807396307e-06,5614,0,1,0,1,0,1,0.8999999999999999,2652.4949045592166,79.87370937061442,17872.511381820455,3271,0
1010.5,1.5,10.5,-2.4,2085.3044,67.85713,-0.18829999999979918,-0.0009999999997489795,-0.0001999999999497959,-0.002665000000007467,-2.600000001962144e-05,-3.0000000350582923e-06,5615,0,1,0,1,0,1,0.8999999999999999,2652.3939090990025,79.87156966631053,17875.013747200548,3272,0
1009.75,1.5,10.5,-2.4,2085.116,67.85444,-0.18840000000000146,-0.00010000000020227162,0.0008999999995467078,-0.0026900000000011914,-2.4999999993724487e-05,1.0000000258969521e-06,5616,0,1,0,1,0,1,0.8999999999999999,2652.292916058394,79.86943024497063,17877.515886500634,3273,0
1011.25,1.5,10.5,-2.4,2084.9265,67.85172,-0.1894999999999527,-0.001099999999951251,-0.0009999999997489795,-0.002719999999996503,-2.9999999995311555e-05,-5.000000001587068e-06,5617,0,1,0,1,0,1,0.8999999999999999,2652.191925240299,79.86729110110359,17880.017798400713,3274,0
1011.25,1.5,10.5,-2.4,2084.7363,67.848976,-0.19020000000000437,-0.0007000000000516593,0.0003999999998995918,-0.002744000000006963,-2.40000000104601e-05,5.999999984851456e-06,5618,0,1,0,1,0,1,0.8999999999999999,2652.0909365189536,79.86515223029008,17882.51948206078,3275,0
1011.75,1.5,10.5,-2.4,2084.5457,67.846214,-0.19059999999990396,-0.0003999999998995918,0.0003000000001520675,-0.002761999999989939,-1.7999999982976078e-05,6.00000002748402e-06,5619,0,1,0,1,0,1,0.8999999999999999,2651.989949822064,79.8630136291815,17885.020937000838,3276,0
1012.25,1.5,10.5,-2.4,2084.3542,67.84342,-0.1914999999999054,-0.0009000000000014552,-0.0005000000001018634,-0.002794000000008623,-3.200000001868375e-05,-1.4000000035707671e-05,5620,0,1,0,1,0,1,0.8999999999999999,2651.888964988436,79.86087529194093,17887.522162140885,3277,0
1012.25,1.5,10.5,-2.4,2084.1624,67.84061,-0.19180000000005748,-0.0003000000001520675,0.0005999999998493877,-0.0028099999999966485,-1.5999999988025593e-05,1.6000000030658157e-05,5621,0,1,0,1,0,1,0.8999999999999999,2651.787981963714,79.85873721558164,17890.023157120926,3278,0
1012.75,1.5,10.5,-2.4,2083.9697,67.83777,-0.19270000000005894,-0.0009000000000014552,-0.0005999999998493877,-0.00283999999999196,-2.9999999995311555e-05,-1.4000000007285962e-05,5622,0,1,0,1,0,1,0.8999999999999999,2651.6870005868755,79.8565993946292,17892.523920860956,3279,0
1012.25,1.5,10.5,-2.4,2083.7764,67.8349,-0.19329999999990832,-0.0005999999998493877,0.0003000000001520675,-0.0028700000000014825,-3.000000000952241e-05,-1.4210854715202004e-14,5623,0,1,0,1,0,1,0.8999999999999999,2651.5860207503556,79.8544618236131,17895.024452640977,3280,0
1011.75,1.5,10.5,-2.4,2083.5823,67.83201,-0.19410000000016225,-0.0008000000002539309,-0.00020000000040454324,-0.0028900000000078307,-2.0000000006348273e-05,1.0000000003174137e-05,5624,0,1,0,1,0,1,0.8999999999999999,2651.485042311111,79.85232449884445,17897.52475150099,3281,0
1010.25,1.5,10.5,-2.4,2083.388,67.829094,-0.19430000000011205,-0.0001999999999497959,0.000600000000304135,-0.0029159999999990305,-2.599999999119973e-05,-5.999999984851456e-06,5625,0,1,0,1,0,1,0.8999999999999999,2651.3840652328477,79.85018741557056,17900.024817200992,3282,0
1009.25,1.5,10.5,-2.4,2083.1926,67.82616,-0.1954000000000633,-0.001099999999951251,-0.0009000000000014552,-0.0029339999999962174,-1.7999999997186933e-05,7.999999994012796e-06,5626,0,1,0,1,0,1,0.8999999999999999,2651.283089319353,79.84805057046384,17902.524648420986,3283,0
1010.75,1.5,10.5,-2.4,2082.997,67.82319,-0.1956000000000131,-0.0001999999999497959,0.0009000000000014552,-0.002970000000004802,-3.600000000858472e-05,-1.8000000011397788e-05,5627,0,1,0,1,0,1,0.8999999999999999,2651.1821145344707,79.84591395700072,17905.02424492097,3284,0
1009.75,1.5,10.5,-2.4,2082.8008,67.8202,-0.19619999999986248,-0.0005999999998493877,-0.0003999999998995918,-0.0029899999999969396,-1.9999999992137418e-05,1.6000000016447302e-05,5628,0,1,0,1,0,1,0.8999999999999999,2651.081140771007,79.8437775715047,17907.523605980943,3285,0
1009.75,1.5,10.5,-2.4,2082.6038,67.817184,-0.19700000000011642,-0.0008000000002539309,-0.00020000000040454324,-0.00301600000000235,-2.6000000005410584e-05,-6.000000013273166e-06,5629,0,1,0,1,0,1,0.8999999999999999,2650.980167886323,79.84164140923623,17910.02273064091,3286,0
1010.25,1.5,10.5,-2.4,2082.4062,67.81415,-0.1975999999999658,-0.0005999999998493877,0.00020000000040454324,-0.003033999999999537,-1.7999999997186933e-05,8.000000008223651e-06,5630,0,1,0,1,0,1,0.8999999999999999,2650.879195773397,79.83950546687977,17912.521618180865,3287,0
1010.25,1.5,10.5,-2.4,2082.2083,67.81108,-0.19790000000011787,-0.0003000000001520675,0.00029999999969732016,-0.003069999999993911,-3.5999999994373866e-05,-1.7999999997186933e-05,5631,0,1,0,1,0,1,0.8999999999999999,2650.778224378551,79.83736973792614,17915.02026824081,3288,0
1011.75,1.5,10.5,-2.4,2082.0098,67.80799,-0.19849999999996726,-0.0005999999998493877,-0.00029999999969732016,-0.003090000000000259,-2.0000000006348273e-05,1.5999999988025593e-05,5632,0,1,0,1,0,1,0.8999999999999999,2650.677253594887,79.83523421871116,17917.518680100748,3289,0
1011.5,1.5,10.5,-2.4,2081.8108,67.80488,-0.19899999999961437,-0.0004999999996471161,0.00010000000020227162,-0.0031100000000066075,-2.0000000006348273e-05,0.0,5633,0,1,0,1,0,1,0.8999999999999999,2650.5762833333333,79.83309890557331,17920.016853160672,3290,0
1011.75,1.5,10.5,-2.4,2081.611,67.801735,-0.19980000000032305,-0.0008000000007086783,-0.0003000000010615622,-0.003145000000003506,-3.499999999689862e-05,-1.499999999055035e-05,5634,0,1,0,1,0,1,0.8999999999999999,2650.475313451642,79.83096379219167,17922.51478646059,3291,0
1010.75,1.5,10.5,-2.4,2081.411,67.79858,-0.1999999999998181,-0.00019999999949504854,0.0006000000012136297,-0.0031549999999924694,-9.999999988963282e-06,2.500000000793534e-05,5635,0,1,0,1,0,1,0.8999999999999999,2650.3743439141235,79.82882887668559,17925.0124797605,3292,0
1010.75,1.5,10.5,-2.4,2081.2102,67.79539,-0.20080000000007203,-0.0008000000002539309,-0.0006000000007588824,-0.003190000000003579,-3.500000001110948e-05,-2.5000000022146196e-05,5636,0,1,0,1,0,1,0.8999999999999999,2650.2733745786763,79.82669415274083,17927.509932100398,3293,0
1012.75,1.5,10.5,-2.4,2081.009,67.792175,-0.20119999999997162,-0.0003999999998995918,0.00040000000035433914,-0.0032149999999973033,-2.4999999993724487e-05,1.0000000017384991e-05,5637,0,1,0,1,0,1,0.8999999999999999,2650.1724053742464,79.82455961582122,17930.007143000286,3294,0
1014.25,1.5,10.5,-2.4,2080.8076,67.78893,-0.20139999999992142,-0.0001999999999497959,0.0001999999999497959,-0.0032450000000068258,-3.000000000952241e-05,-5.000000015797923e-06,5638,0,1,0,1,0,1,0.8999999999999999,2650.0714362652952,79.82242526050719,17932.504112220166,3295,0
1013.25,1.5,10.5,-2.4,2080.6055,67.78567,-0.20209999999997308,-0.0007000000000516593,-0.0005000000001018634,-0.003259999999997376,-1.499999999055035e-05,1.500000001897206e-05,5639,0,1,0,1,0,1,0.8999999999999999,2649.9704671276595,79.82029108404255,17935.000838920034,3296,0
1013.0,1.5,10.5,-2.4,2080.4028,67.78238,-0.20270000000027721,-0.000600000000304135,9.999999974752427e-05,-0.0032899999999926877,-2.9999999995311555e-05,-1.5000000004761205e-05,5640,0,1,0,1,0,1,0.8999999999999999,2649.86949785499,79.81815708101401,17937.49732237989,3297,0
1014.25,1.5,10.5,-2.4,2080.1997,67.77907,-0.20309999999972206,-0.00039999999944484443,0.0002000000008592906,-0.003309999999999036,-2.0000000006348273e-05,9.999999988963282e-06,5641,0,1,0,1,0,1,0.8999999999999999,2649.768528376462,79.81602324778447,17939.993562119744,3298,0
1014.25,1.5,10.5,-2.4,2079.9963,67.775734,-0.20340000000032887,-0.00030000000060681487,9.999999883802957e-05,-0.0033360000000044465,-2.6000000005410584e-05,-5.999999999062311e-06,5642,0,1,0,1,0,1,0.8999999999999999,2649.6675586390215,79.81388957965622,17942.489557779583,3299,0
1015.25,1.5,10.5,-2.4,2079.7922,67.77237,-0.20409999999992579,-0.000699999999596912,-0.0003999999989900971,-0.0033640000000048076,-2.800000000036107e-05,-1.9999999949504854e-06,5643,0,1,0,1,0,1,0.8999999999999999,2649.566588518781,79.81175607158043,17944.98530851941,3300,0
1015.75,1.5,10.5,-2.4,2079.588,67.76898,-0.2041999999996733,-9.999999974752427e-05,0.0005999999998493877,-0.0033899999999960073,-2.599999999119973e-05,2.00000000916134e-06,5644,0,1,0,1,0,1,0.8999999999999999,2649.4656179982285,79.80962271886625,17947.480814219234,3301,0
1014.75,1.5,10.5,-2.4,2079.383,67.765564,-0.205000000000382,-0.0008000000007086783,-0.000700000000961154,-0.003416000000001418,-2.6000000005410584e-05,-1.4210854715202004e-14,5645,0,1,0,1,0,1,0.8999999999999999,2649.3646469358837,79.80748951682607,17949.976073919042,3302,0
1014.5,1.5,10.5,-2.4,2079.178,67.76213,-0.20499999999992724,4.547473508864641e-13,0.0008000000011634256,-0.003433999999998605,-1.7999999997186933e-05,8.000000008223651e-06,5646,0,1,0,1,0,1,0.8999999999999999,2649.263675332035,79.80535646219232,17952.471087618844,3303,0
1013.25,1.5,10.5,-2.4,2078.9722,67.75867,-0.20579999999972642,-0.0007999999997991836,-0.0008000000002539309,-0.0034600000000040154,-2.6000000005410584e-05,-8.000000008223651e-06,5647,0,1,0,1,0,1,0.8999999999999999,2649.1627030453255,79.80322355028328,17954.965854358634,3304,0
1013.25,1.5,10.5,-2.4,2078.7664,67.75518,-0.20580000000018117,-4.547473508864641e-13,0.0007999999993444362,-0.003489999999999327,-2.9999999995311555e-05,-3.999999989900971e-06,5648,0,1,0,1,0,1,0.8999999999999999,2649.0617300761196,79.80109077571252,17957.460374138416,3305,0
1014.25,1.5,10.5,-2.4,2078.5598,67.75167,-0.20659999999998035,-0.0007999999997991836,-0.0007999999993444362,-0.0035099999999914644,-1.9999999992137418e-05,1.0000000003174137e-05,5649,0,1,0,1,0,1,0.8999999999999999,2648.9607562831857,79.79895813486725,17959.954645998187,3306,0
1015.75,1.5,10.5,-2.4,2078.353,67.74813,-0.20679999999993015,-0.0001999999999497959,0.0005999999998493877,-0.003540000000000987,-3.000000000952241e-05,-1.0000000017384991e-05,5650,0,1,0,1,0,1,0.8999999999999999,2648.8597816315696,79.79682562236772,17962.448669697947,3307,0
1014.75,1.5,10.5,-2.4,2078.146,67.74457,-0.20699999999987995,-0.0001999999999497959,0.0,-0.003560000000007335,-2.0000000006348273e-05,1.0000000003174137e-05,5651,0,1,0,1,0,1,0.8999999999999999,2648.758806086341,79.79469323460721,17964.942444997698,3308,0
1014.75,1.5,10.5,-2.4,2077.9385,67.74098,-0.2074999999999818,-0.0005000000001018634,-0.0003000000001520675,-0.0035900000000026466,-2.9999999995311555e-05,-9.999999988963282e-06,5652,0,1,0,1,0,1,0.8999999999999999,2648.657829559526,79.79256096621263,17967.43597129744,3309,0
1014.5,1.5,10.5,-2.4,2077.7305,67.73737,-0.20800000000008367,-0.0005000000001018634,0.0,-0.003609999999994784,-1.9999999992137418e-05,1.0000000003174137e-05,5653,0,1,0,1,0,1,0.8999999999999999,2648.556851963212,79.7904288135833,17969.92924799717,3310,0
1014.75,1.5,10.5,-2.4,2077.5222,67.733734,-0.20830000000023574,-0.0003000000001520675,0.0001999999999497959,-0.0036360000000001946,-2.6000000005410584e-05,-6.000000013273166e-06,5654,0,1,0,1,0,1,0.8999999999999999,2648.455873244916,79.78829677206012,17972.42227473689,3311,0
1014.75,1.5,10.5,-2.4,2077.3137,67.73008,-0.2084999999997308,-0.00019999999949504854,0.00010000000065701897,-0.0036539999999973816,-1.7999999997186933e-05,8.000000008223651e-06,5655,0,1,0,1,0,1,0.8999999999999999,2648.354893369873,79.78616483840169,17974.915051276603,3312,0
1013.75,1.5,9.5,-2.4,2077.105,67.72639,-0.20870000000013533,-0.00020000000040454324,-9.094947017729282e-13,-0.0036900000000059663,-3.600000000858472e-05,-1.8000000011397788e-05,5656,0,1,0,1,0,1,0.8999999999999999,2648.2539123033407,79.78403300618703,17977.407577376303,3313,0
1015.25,1.5,9.5,-2.4,2076.8958,67.72268,-0.2092000000002372,-0.0005000000001018634,-0.00029999999969732016,-0.0037099999999981037,-1.9999999992137418e-05,1.6000000016447302e-05,5657,0,1,0,1,0,1,0.8999999999999999,2648.1529299575823,79.78190127182751,17979.899852435992,3314,0
1016.25,1.5,9.5,-2.4,2076.6863,67.71895,-0.20949999999993452,-0.00029999999969732016,0.00020000000040454324,-0.003729999999990241,-1.9999999992137418e-05,0.0,5658,0,1,0,1,0,1,0.8999999999999999,2648.0519462802613,79.77976963173705,17982.391876095673,3315,0
1015.25,1.5,9.5,-2.4,2076.4766,67.71519,-0.2096999999998843,-0.0001999999999497959,9.999999974752427e-05,-0.0037599999999997635,-3.000000000952241e-05,-1.0000000017384991e-05,5659,0,1,0,1,0,1,0.8999999999999999,2647.950961236749,79.77763808056537,17984.883648115345,3316,0
1016.25,1.5,9.5,-2.4,2076.2664,67.7114,-0.21019999999998618,-0.0005000000001018634,-0.0003000000001520675,-0.003790000000009286,-3.000000000952241e-05,0.0,5660,0,1,0,1,0,1,0.8999999999999999,2647.8499747394453,79.77550661296591,17987.375167895007,3317,0
1016.25,1.5,9.5,-2.4,2076.0562,67.70759,-0.21019999999998618,0.0,0.0005000000001018634,-0.0038100000000014234,-1.9999999992137418e-05,1.0000000017384991e-05,5661,0,1,0,1,0,1,0.8999999999999999,2647.7489867891204,79.77337522536207,17989.86643543466,3318,0
1015.25,1.5,9.5,-2.4,2075.8455,67.70376,-0.21070000000008804,-0.0005000000001018634,-0.0005000000001018634,-0.0038299999999935608,-1.9999999992137418e-05,0.0,5662,0,1,0,1,0,1,0.8999999999999999,2647.6479972982515,79.77124391417976,17992.3574501343,3319,0
1014.25,1.5,9.5,-2.4,2075.6345,67.6999,-0.21099999999978536,-0.00029999999969732016,0.00020000000040454324,-0.003860000000003083,-3.000000000952241e-05,-1.0000000017384991e-05,5663,0,1,0,1,0,1,0.8999999999999999,2647.547006214689,79.76911267408191,17994.84821163393,3320,0
1015.25,1.5,9.5,-2.4,2075.4236,67.696014,-0.21090000000003783,9.999999974752427e-05,0.00039999999944484443,-0.003885999999994283,-2.599999999119973e-05,4.00000001832268e-06,5664,0,1,0,1,0,1,0.8999999999999999,2647.4460135569284,79.7669815004413,17997.338720053547,3321,0
1017.25,1.5,9.5,-2.4,2075.2122,67.6921,-0.2114000000001397,-0.0005000000001018634,-0.0005999999998493877,-0.003914000000008855,-2.8000000014571924e-05,-2.000000023372195e-06,5665,0,1,0,1,0,1,0.8999999999999999,2647.3450192375576,79.76485038828098,17999.82897479316,3322,0
1017.75,1.5,9.5,-2.4,2075.0005,67.68817,-0.21169999999983702,-0.00029999999969732016,0.00020000000040454324,-0.00392999999999688,-1.5999999988025593e-05,1.2000000026546331e-05,5666,0,1,0,1,0,1,0.8999999999999999,2647.2440232045174,79.76271933474501,18002.31897549276,3323,0
1018.75,1.5,9.5,-2.4,2074.7888,67.68421,-0.21170000000029177,-4.547473508864641e-13,0.0002999999992425728,-0.003960000000006403,-3.000000000952241e-05,-1.4000000021496817e-05,5667,0,1,0,1,0,1,0.8999999999999999,2647.1430254587153,79.76058833450954,18004.80872215235,3324,0
1016.75,1.5,9.5,-2.4,2074.577,67.68023,-0.21179999999958454,-9.999999929277692e-05,-9.999999883802957e-05,-0.00397999999999854,-1.9999999992137418e-05,1.0000000017384991e-05,5668,0,1,0,1,0,1,0.8999999999999999,2647.0420259834186,79.75845738401834,18007.298214651928,3325,0
1017.0,1.5,9.5,-2.4,2074.3645,67.676216,-0.21250000000009095,-0.0007000000005064066,-0.0006000000012136297,-0.004013999999997964,-3.399999999942338e-05,-1.4000000007285962e-05,5669,0,1,0,1,0,1,0.8999999999999999,2646.9410246560847,79.75632647724868,18009.787452151497,3326,0
1015.75,1.5,9.5,-2.4,2074.152,67.67219,-0.21250000000009095,0.0,0.0007000000005064066,-0.004025999999996088,-1.1999999998124622e-05,2.200000000129876e-05,5670,0,1,0,1,0,1,0.8999999999999999,2646.8400214776934,79.75419561206137,18012.276434651056,3327,0
1015.75,1.5,9.5,-2.4,2073.9397,67.66813,-0.21230000000014115,0.0001999999999497959,0.0001999999999497959,-0.004059999999995512,-3.399999999942338e-05,-2.200000000129876e-05,5671,0,1,0,1,0,1,0.8999999999999999,2646.739016484485,79.75206478244006,18014.765162390606,3328,0
1017.25,1.5,9.5,-2.4,2073.7268,67.66405,-0.21289999999999054,-0.0005999999998493877,-0.0007999999997991836,-0.00408000000000186,-2.0000000006348273e-05,1.3999999993075107e-05,5672,0,1,0,1,0,1,0.8999999999999999,2646.6380095716554,79.74993398484047,18017.253634650144,3329,0
1017.25,1.5,9.5,-2.4,2073.514,67.65994,-0.21279999999978827,0.00010000000020227162,0.0007000000000516593,-0.0041099999999971715,-2.9999999995311555e-05,-9.999999988963282e-06,5673,0,1,0,1,0,1,0.8999999999999999,2646.5370007578426,79.7478032139584,18019.741851549676,3330,0
1016.25,1.5,9.5,-2.4,2073.3008,67.65581,-0.2132000000001426,-0.00040000000035433914,-0.0005000000005566108,-0.00413000000000352,-2.0000000006348273e-05,9.999999988963282e-06,5674,0,1,0,1,0,1,0.8999999999999999,2646.435989973568,79.74567246625551,18022.229812609192,3331,0
1016.25,1.5,9.5,-2.4,2073.0876,67.65165,-0.2132000000001426,0.0,0.00040000000035433914,-0.004159999999998831,-2.9999999995311555e-05,-9.999999988963282e-06,5675,0,1,0,1,0,1,0.8999999999999999,2646.3349772198735,79.74354173643411,18024.7175178287,3332,0
1016.0,1.5,9.5,-2.4,2072.8743,67.64747,-0.21329999999989013,-9.999999974752427e-05,-9.999999974752427e-05,-0.00418000000000518,-2.0000000006348273e-05,9.999999988963282e-06,5676,0,1,0,1,0,1,0.8999999999999999,2646.233962480183,79.74141102096178,18027.204967088197,3333,0
1016.25,1.5,9.5,-2.4,2072.661,67.643265,-0.21329999999989013,0.0,9.999999974752427e-05,-0.004204999999998904,-2.4999999993724487e-05,-4.9999999873762135e-06,5677,0,1,0,1,0,1,0.8999999999999999,2646.132945755548,79.73928031542796,18029.692160387687,3334,0
1018.25,1.5,9.5,-2.4,2072.4473,67.63903,-0.21370000000024447,-0.00040000000035433914,-0.00040000000035433914,-0.004234999999994216,-2.9999999995311555e-05,-5.000000001587068e-06,5678,0,1,0,1,0,1,0.8999999999999999,2646.0319269765805,79.73714961454482,18032.179097247164,3335,0
1017.25,1.5,9.5,-2.4,2072.2336,67.63477,-0.21369999999978972,4.547473508864641e-13,0.0004000000008090865,-0.004260000000002151,-2.500000000793534e-05,4.9999999873762135e-06,5679,0,1,0,1,0,1,0.8999999999999999,2645.9309061443664,79.73501891390846,18034.665777666632,3336,0
1016.25,1.5,9.5,-2.4,2072.0198,67.63049,-0.213799999999992,-0.00010000000020227162,-0.00010000000065701897,-0.004280000000008499,-2.0000000006348273e-05,5.000000001587068e-06,5680,0,1,0,1,0,1,0.8999999999999999,2645.829883242387,79.73288820999824,18037.15220152609,3337,0
1016.75,1.5,9.5,-2.4,2071.806,67.62619,-0.213799999999992,0.0,0.00010000000020227162,-0.004300000000000637,-1.9999999992137418e-05,1.4210854715202004e-14,5681,0,1,0,1,0,1,0.8999999999999999,2645.728858271735,79.73075749929603,18039.638368825534,3338,0
1017.75,1.5,9.5,-2.4,2071.592,67.62186,-0.2139999999999418,-0.0001999999999497959,-0.0001999999999497959,-0.004329999999995948,-2.9999999995311555e-05,-1.0000000003174137e-05,5682,0,1,0,1,0,1,0.8999999999999999,2645.627831198311,79.72862677652648,18042.12427932497,3339,0
1016.75,1.5,9.5,-2.4,2071.378,67.61751,-0.2139999999999418,0.0,0.0001999999999497959,-0.0043500000000022965,-2.0000000006348273e-05,9.999999988963282e-06,5683,0,1,0,1,0,1,0.8999999999999999,2645.5268020232234,79.72649603817733,18044.609933024396,3340,0
1016.75,1.5,9.5,-2.4,2071.1638,67.61312,-0.21420000000034634,-0.00020000000040454324,-0.00020000000040454324,-0.004390000000000782,-3.999999999848569e-05,-1.9999999992137418e-05,5684,0,1,0,1,0,1,0.8999999999999999,2645.425770712401,79.72436527722076,18047.095329683812,3341,0
1016.75,1.5,9.5,-2.4,2070.9497,67.60872,-0.21409999999968932,0.00010000000065701897,0.0003000000010615622,-0.0043999999999897454,-9.999999988963282e-06,3.000000000952241e-05,5685,0,1,0,1,0,1,0.8999999999999999,2645.3247372845585,79.72223449190996,18049.580469423217,3342,0
1018.25,1.5,9.5,-2.4,2070.7354,67.604294,-0.21430000000009386,-0.00020000000040454324,-0.0003000000010615622,-0.004426000000009367,-2.600000001962144e-05,-1.6000000030658157e-05,5686,0,1,0,1,0,1,0.8999999999999999,2645.2237017056445,79.72010367768596,18052.065352002614,3343,0
1018.25,1.5,9.5,-2.4,2070.5212,67.59984,-0.2141999999998916,0.00010000000020227162,0.00030000000060681487,-0.004453999999995517,-2.7999999986150215e-05,-1.999999966528776e-06,5687,0,1,0,1,0,1,0.8999999999999999,2645.1226639943743,79.71797282964135,18054.549977542,3344,0
1017.25,1.5,9.5,-2.4,2070.307,67.59536,-0.21420000000034634,-4.547473508864641e-13,-0.00010000000065701897,-0.004480000000000928,-2.6000000005410584e-05,1.9999999807396307e-06,5688,0,1,0,1,0,1,0.8999999999999999,2645.021624151872,79.71584194322377,18057.034346041375,3345,0
1015.75,1.5,9.5,-2.4,2070.0928,67.59085,-0.2141999999998916,4.547473508864641e-13,9.094947017729282e-13,-0.004509999999996239,-2.9999999995311555e-05,-3.999999989900971e-06,5689,0,1,0,1,0,1,0.8999999999999999,2644.920582179262,79.71371101318103,18059.518457500737,3346,0
1015.75,1.5,9.5,-2.4,2069.8784,67.58633,-0.21439999999984138,-0.0001999999999497959,-0.00020000000040454324,-0.004519999999999413,-1.0000000003174137e-05,1.9999999992137418e-05,5690,0,1,0,1,0,1,0.8999999999999999,2644.819538042523,79.71158003777894,18062.00231168009,3347,0
1015.75,1.5,9.5,-2.4,2069.6643,67.58177,-0.21410000000014406,0.00029999999969732016,0.0004999999996471161,-0.004559999999997899,-3.999999999848569e-05,-2.9999999995311555e-05,5691,0,1,0,1,0,1,0.8999999999999999,2644.7184917955024,79.70944901001405,18064.485908939438,3348,0
1017.75,1.5,9.5,-2.4,2069.45,67.577194,-0.21430000000009386,-0.0001999999999497959,-0.0004999999996471161,-0.0045760000000001355,-1.6000000002236447e-05,2.3999999996249244e-05,5692,0,1,0,1,0,1,0.8999999999999999,2644.6174434041804,79.70731792710346,18066.96924903877,3349,0
1015.25,1.5,9.5,-2.4,2069.2356,67.57259,-0.21439999999984138,-9.999999974752427e-05,0.00010000000020227162,-0.004604000000000497,-2.800000000036107e-05,-1.1999999998124622e-05,5693,0,1,0,1,0,1,0.8999999999999999,2644.516392852125,79.70518678415876,18069.452331858094,3350,0
1014.75,1.5,9.5,-2.4,2069.0215,67.56796,-0.21410000000014406,0.00029999999969732016,0.00039999999944484443,-0.004630000000005907,-2.6000000005410584e-05,1.9999999949504854e-06,5694,0,1,0,1,0,1,0.8999999999999999,2644.415340193152,79.70305557664618,18071.935157757405,3351,0
1016.25,1.5,9.5,-2.4,2068.8074,67.56332,-0.21409999999968932,4.547473508864641e-13,-0.0002999999992425728,-0.0046399999999948704,-9.999999988963282e-06,1.6000000016447302e-05,5695,0,1,0,1,0,1,0.8999999999999999,2644.314285428371,79.7009243028441,18074.41772673671,3352,0
1016.0,1.5,9.5,-2.4,2068.5933,67.55864,-0.21410000000014406,-4.547473508864641e-13,-9.094947017729282e-13,-0.004680000000007567,-4.0000000012696546e-05,-3.0000000023733264e-05,5696,0,1,0,1,0,1,0.8999999999999999,2644.2132285588905,79.6987929557662,18076.900038796,3353,0
1016.0,1.5,9.5,-2.4,2068.3792,67.55393,-0.21410000000014406,0.0,4.547473508864641e-13,-0.0047100000000028786,-2.9999999995311555e-05,1.0000000017384991e-05,5697,0,1,0,1,0,1,0.8999999999999999,2644.1121695858196,79.69666153018603,18079.382093935285,3354,0
1014.75,1.5,9.5,-2.4,2068.1653,67.54921,-0.21389999999973952,0.00020000000040454324,0.00020000000040454324,-0.004719999999991842,-9.999999988963282e-06,2.0000000006348273e-05,5698,0,1,0,1,0,1,0.8999999999999999,2644.011108545359,79.69453002439025,18081.863892394555,3355,0
1015.25,1.5,9.5,-2.4,2067.9514,67.54446,-0.21390000000019427,-4.547473508864641e-13,-0.0002000000008592906,-0.004750000000001364,-3.000000000952241e-05,-2.0000000020559128e-05,5699,0,1,0,1,0,1,0.8999999999999999,2643.9100454385966,79.69239843315789,18084.345434173818,3356,0
1014.75,1.5,9.5,-2.4,2067.7375,67.53968,-0.21389999999973952,4.547473508864641e-13,9.094947017729282e-13,-0.004779999999996676,-2.9999999995311555e-05,1.4210854715202004e-14,5700,0,1,0,1,0,1,0.8999999999999999,2643.80898026662,79.69026675127171,18086.826719273067,3357,0
1013.25,1.5,9.5,-2.4,2067.524,67.53488,-0.21350000000029468,0.00039999999944484443,0.0003999999989900971,-0.004800000000003024,-2.0000000006348273e-05,9.999999988963282e-06,5701,0,1,0,1,0,1,0.8999999999999999,2643.7079131006667,79.68813497527184,18089.30774817231,3358,0
1015.25,1.5,9.5,-2.4,2067.3103,67.53006,-0.21369999999978972,-0.00019999999949504854,-0.000599999998939893,-0.0048199999999951615,-1.9999999992137418e-05,1.4210854715202004e-14,5702,0,1,0,1,0,1,0.8999999999999999,2643.6068439067158,79.68600310170085,18091.78852063154,3359,0
1014.25,1.5,9.5,-2.4,2067.0967,67.52521,-0.2136000000000422,9.999999974752427e-05,0.0002999999992425728,-0.004850000000004684,-3.000000000952241e-05,-1.0000000017384991e-05,5703,0,1,0,1,0,1,0.8999999999999999,2643.505772703366,79.68387112535063,18094.269036770762,3360,0
1015.25,1.5,9.5,-2.4,2066.8833,67.52033,-0.2134000000000924,0.0001999999999497959,0.00010000000020227162,-0.0048799999999999955,-2.9999999995311555e-05,1.4210854715202004e-14,5704,0,1,0,1,0,1,0.8999999999999999,2643.404699526731,79.68173904101666,18096.74929682997,3361,0
1015.0,1.5,9.5,-2.4,2066.6702,67.515434,-0.21309999999994034,0.0003000000001520675,0.00010000000020227162,-0.004896000000002232,-1.6000000002236447e-05,1.3999999993075107e-05,5705,0,1,0,1,0,1,0.8999999999999999,2643.3036244304244,79.67960684595162,18099.229301169173,3362,0
1014.75,1.5,9.5,-2.4,2066.457,67.51051,-0.2132000000001426,-0.00010000000020227162,-0.00040000000035433914,-0.004924000000002593,-2.800000000036107e-05,-1.1999999998124622e-05,5706,0,1,0,1,0,1,0.8999999999999999,2643.202547397932,79.67747453530751,18101.709049668363,3363,0
1014.75,1.5,9.5,-2.4,2066.2441,67.50556,-0.21289999999999054,0.0003000000001520675,0.00040000000035433914,-0.004949999999993793,-2.599999999119973e-05,2.00000000916134e-06,5707,0,1,0,1,0,1,0.8999999999999999,2643.101468482831,79.67534210459004,18104.18854268754,3364,0
1012.75,1.5,9.5,-2.4,2066.0315,67.50059,-0.21259999999983847,0.0003000000001520675,0.0,-0.004970000000000141,-2.0000000006348273e-05,5.999999984851456e-06,5708,0,1,0,1,0,1,0.8999999999999999,2643.0003877386584,79.67320955035909,18106.66778058671,3365,0
1011.75,1.5,9.5,-2.4,2065.8188,67.49559,-0.21270000000004075,-0.00010000000020227162,-0.00040000000035433914,-0.0049999999999954525,-2.9999999995311555e-05,-9.999999988963282e-06,5709,0,1,0,1,0,1,0.8999999999999999,2642.899305148862,79.67107686742557,18109.14676324587,3366,0
1013.25,1.5,9.5,-2.4,2065.6064,67.49057,-0.21239999999988868,0.0003000000001520675,0.00040000000035433914,-0.005020000000001801,-2.0000000006348273e-05,9.999999988963282e-06,5710,0,1,0,1,0,1,0.8999999999999999,2642.798220766941,79.6689440523551,18111.62549102502,3367,0
1015.75,1.4,9.5,-2.4,2065.3943,67.48552,-0.21210000000019136,0.00029999999969732016,-4.547473508864641e-13,-0.005050000000011323,-3.000000000952241e-05,-1.0000000003174137e-05,5711,0,1,0,1,0,1,1.0,2642.6971346463583,79.66681109996499,18114.103964284157,3368,0
1015.75,1.4,9.5,-2.4,2065.1821,67.480446,-0.21219999999993888,-9.999999974752427e-05,-0.00039999999944484443,-0.005073999999993362,-2.399999998203839e-05,6.00000002748402e-06,5712,0,1,0,1,0,1,1.0,2642.596046770523,79.66467800612638,18116.582182903287,3369,0
1014.75,1.4,9.5,-2.4,2064.9705,67.47535,-0.2116000000000895,0.0005999999998493877,0.000699999999596912,-0.00509599999999466,-2.200000000129876e-05,1.9999999807396307e-06,5713,0,1,0,1,0,1,1.0,2642.494957245362,79.66254476706335,18119.060147602406,3370,0
1015.0,1.4,9.5,-2.4,2064.7588,67.47023,-0.21169999999983702,-9.999999974752427e-05,-0.000699999999596912,-0.0051200000000051205,-2.40000000104601e-05,-2.00000000916134e-06,5714,0,1,0,1,0,1,1.0,2642.393866054243,79.66041137865267,18121.537858261516,3371,0
1013.25,1.4,9.5,-2.4,2064.5474,67.46508,-0.2114000000001397,0.00029999999969732016,0.00039999999944484443,-0.005150000000000432,-2.9999999995311555e-05,-5.999999984851456e-06,5715,0,1,0,1,0,1,1.0,2642.292773250525,79.65827783572428,18124.015315240613,3372,0
1013.5,1.4,9.5,-2.4,2064.3364,67.459915,-0.21099999999978536,0.00040000000035433914,0.00010000000065701897,-0.005165000000005193,-1.5000000004761205e-05,1.499999999055035e-05,5716,0,1,0,1,0,1,1.0,2642.19167890502,79.65614413573552,18126.4925190197,3373,0
1014.25,1.4,9.5,-2.4,2064.1255,67.45472,-0.21090000000003783,9.999999974752427e-05,-0.00030000000060681487,-0.005195000000000505,-2.9999999995311555e-05,-1.499999999055035e-05,5717,0,1,0,1,0,1,1.0,2642.0905830360266,79.65401027352222,18128.969469718777,3374,0
1014.25,1.4,9.5,-2.4,2063.9148,67.44949,-0.21070000000008804,0.0001999999999497959,0.00010000000020227162,-0.005229999999997403,-3.499999999689862e-05,-5.000000001587068e-06,5718,0,1,0,1,0,1,1.0,2641.9894856793144,79.65187624304949,18131.446167577848,3375,0
1016.25,1.4,9.5,-2.4,2063.7046,67.44425,-0.21019999999998618,0.0005000000001018634,0.0003000000001520675,-0.0052400000000005775,-1.0000000003174137e-05,2.4999999993724487e-05,5719,0,1,0,1,0,1,1.0,2641.888386923077,79.64974204265734,18133.922613196904,3376,0
1016.5,1.4,9.5,-2.4,2063.4944,67.43898,-0.21019999999998618,0.0,-0.0005000000001018634,-0.005269999999995889,-2.9999999995311555e-05,-1.9999999992137418e-05,5720,0,1,0,1,0,1,1.0,2641.7872867680476,79.64760766719104,18136.39880657595,3377,0
1017.25,1.4,9.5,-2.4,2063.2847,67.433685,-0.2096999999998843,0.0005000000001018634,0.0005000000001018634,-0.005295000000003824,-2.500000000793534e-05,4.9999999873762135e-06,5721,0,1,0,1,0,1,1.0,2641.6861853023415,79.6454731123733,18138.87474831499,3378,0
1016.25,1.4,9.5,-2.4,2063.0752,67.42837,-0.20949999999993452,0.0001999999999497959,-0.0003000000001520675,-0.005314999999995962,-1.9999999992137418e-05,5.000000015797923e-06,5722,0,1,0,1,0,1,1.0,2641.5850825615935,79.64333837480342,18141.35043865402,3379,0
1015.75,1.4,9.5,-2.4,2062.866,67.42303,-0.2092000000002372,0.00029999999969732016,9.999999974752427e-05,-0.005340000000003897,-2.500000000793534e-05,-5.000000015797923e-06,5723,0,1,0,1,0,1,1.0,2641.483978598882,79.64120345020964,18143.825877953033,3380,0
1015.75,1.4,9.5,-2.4,2062.657,67.417656,-0.20899999999983265,0.00020000000040454324,-9.999999929277692e-05,-0.0053740000000033206,-3.399999999942338e-05,-8.999999991488039e-06,5724,0,1,0,1,0,1,1.0,2641.3828734497815,79.6390683327511,18146.30106645204,3381,0
1015.25,1.4,9.5,-2.4,2062.4485,67.41226,-0.20850000000018554,0.0004999999996471161,0.0002999999992425728,-0.0053959999999904085,-2.1999999987087904e-05,1.2000000012335477e-05,5725,0,1,0,1,0,1,1.0,2641.2817672022356,79.63693301868669,18148.77600475104,3382,0
1015.5,1.4,9.5,-2.4,2062.2402,67.406845,-0.208299999999781,0.00020000000040454324,-0.0002999999992425728,-0.0054149999999992815,-1.900000000887303e-05,2.9999999782148734e-06,5726,0,1,0,1,0,1,1.0,2641.180659891741,79.63479750480182,18151.250693090027,3383,0
1016.25,1.4,9.5,-2.4,2062.0325,67.401405,-0.20770000000038635,0.0005999999993946403,0.0003999999989900971,-0.005440000000007217,-2.500000000793534e-05,-5.999999999062311e-06,5727,0,1,0,1,0,1,1.0,2641.0795516236035,79.6326617868366,18153.725132189003,3384,0
1014.75,1.4,9.5,-2.4,2061.825,67.395935,-0.2074999999999818,0.00020000000040454324,-0.0003999999989900971,-0.005470000000002528,-2.9999999995311555e-05,-4.9999999873762135e-06,5728,0,1,0,1,0,1,1.0,2640.9784424332342,79.63052585966138,18156.199322287972,3385,0
1013.75,1.4,9.5,-2.4,2061.6177,67.39044,-0.20730000000003201,0.0001999999999497959,-4.547473508864641e-13,-0.005494999999996253,-2.4999999993724487e-05,5.000000001587068e-06,5729,0,1,0,1,0,1,1.0,2640.877332356021,79.62838971902269,18158.67326362693,3386,0
1013.25,1.4,9.5,-2.4,2061.411,67.384926,-0.20669999999972788,0.000600000000304135,0.00040000000035433914,-0.005514000000005126,-1.900000000887303e-05,5.999999984851456e-06,5730,0,1,0,1,0,1,1.0,2640.776221497121,79.62625336171698,18161.146956925877,3387,0
1014.25,1.4,9.5,-2.4,2061.2043,67.37939,-0.20670000000018263,-4.547473508864641e-13,-0.0006000000007588824,-0.005535999999992214,-2.1999999987087904e-05,-2.9999999782148734e-06,5731,0,1,0,1,0,1,1.0,2640.6751098569434,79.62411678401953,18163.620402184817,3388,0
1016.25,1.4,9.5,-2.4,2060.9983,67.37382,-0.20599999999967622,0.0007000000005064066,0.000700000000961154,-0.005570000000005848,-3.4000000013634235e-05,-1.2000000026546331e-05,5732,0,1,0,1,0,1,1.0,2640.5739975579977,79.62197998011513,18166.093600243745,3389,0
1015.25,1.4,9.5,-2.4,2060.7927,67.36823,-0.20560000000023138,0.00039999999944484443,-0.0003000000010615622,-0.0055899999999979855,-1.9999999992137418e-05,1.4000000021496817e-05,5733,0,1,0,1,0,1,1.0,2640.4728846703874,79.61984294663411,18168.566551582662,3390,0
1016.25,1.4,9.5,-2.4,2060.5874,67.36262,-0.2053000000000793,0.0003000000001520675,-9.999999929277692e-05,-0.005609999999990123,-1.9999999992137418e-05,0.0,5734,0,1,0,1,0,1,1.0,2640.3717712467305,79.61770568020924,18171.03925656157,3391,0
1016.75,1.4,9.5,-2.4,2060.3826,67.35697,-0.20479999999997744,0.0005000000001018634,0.0001999999999497959,-0.005650000000002819,-4.0000000012696546e-05,-2.0000000020559128e-05,5735,0,1,0,1,0,1,1.0,2640.270657374477,79.61556817398883,18173.511715780467,3392,0
1017.25,1.4,9.5,-2.4,2060.1782,67.35131,-0.20440000000007785,0.0003999999998995918,-0.00010000000020227162,-0.005660000000005994,-1.0000000003174137e-05,3.000000000952241e-05,5736,0,1,0,1,0,1,1.0,2640.169543123584,79.61343042635524,18175.983929719358,3393,0
1016.25,1.4,9.5,-2.4,2059.974,67.34562,-0.2041999999996733,0.00020000000040454324,-0.00019999999949504854,-0.005690000000001305,-2.9999999995311555e-05,-1.9999999992137418e-05,5737,0,1,0,1,0,1,1.0,2640.068428529104,79.61129243220634,18178.455898618235,3394,0
1016.25,1.4,9.5,-2.4,2059.7708,67.339905,-0.20320000000037908,0.0009999999992942321,0.0007999999988896889,-0.00571499999999503,-2.4999999993724487e-05,5.000000001587068e-06,5738,0,1,0,1,0,1,1.0,2639.9673137654645,79.60915418731487,18180.927623677104,3395,0
1014.75,1.4,9.5,-2.4,2059.5676,67.33417,-0.20319999999992433,4.547473508864641e-13,-0.0009999999988394848,-0.005735000000001378,-2.0000000006348273e-05,4.9999999873762135e-06,5739,0,1,0,1,0,1,1.0,2639.8661988327526,79.60701568832752,18183.399104895965,3396,0
1014.75,1.4,9.5,-2.4,2059.365,67.32841,-0.20260000000007494,0.0005999999998493877,0.0005999999993946403,-0.005759999999995102,-2.4999999993724487e-05,-4.9999999873762135e-06,5740,0,1,0,1,0,1,1.0,2639.765083835569,79.60487693102247,18185.870342994815,3397,0
1015.25,1.4,9.5,-2.4,2059.1628,67.32262,-0.2021999999997206,0.00040000000035433914,-0.00019999999949504854,-0.005790000000004625,-3.000000000952241e-05,-5.000000015797923e-06,5741,0,1,0,1,0,1,1.0,2639.6639688436085,79.60273791031,18188.341338453654,3398,0
1015.75,1.4,9.5,-2.4,2058.9612,67.3168,-0.20159999999987122,0.0005999999998493877,0.00019999999949504854,-0.005819999999999936,-2.9999999995311555e-05,1.4210854715202004e-14,5742,0,1,0,1,0,1,1.0,2639.5628539613444,79.60059862110396,18190.812091992484,3399,0
1016.0,1.4,9.5,-2.4,2058.76,67.31097,-0.20119999999997162,0.0003999999998995918,-0.0001999999999497959,-0.0058300000000031105,-1.0000000003174137e-05,1.9999999992137418e-05,5743,0,1,0,1,0,1,1.0,2639.4617392583564,79.59845906180362,18193.282604091302,3400,0
1016.25,1.4,9.5,-2.4,2058.5593,67.30511,-0.2007000000003245,0.0004999999996471161,9.999999974752427e-05,-0.005859999999998422,-2.9999999995311555e-05,-1.9999999992137418e-05,5744,0,1,0,1,0,1,1.0,2639.3606248215838,79.59631922732811,18195.752875350114,3401,0
1016.25,1.4,9.5,-2.4,2058.3591,67.299225,-0.2001999999997679,0.0005000000005566108,9.094947017729282e-13,-0.0058849999999921465,-2.4999999993724487e-05,5.000000001587068e-06,5745,0,1,0,1,0,1,1.0,2639.2595107379047,79.59417911347025,18198.222906368916,3402,0
1016.0,1.4,9.5,-2.4,2058.1594,67.29331,-0.19970000000012078,0.0004999999996471161,-9.094947017729282e-13,-0.005915000000001669,-3.000000000952241e-05,-5.000000015797923e-06,5746,0,1,0,1,0,1,1.0,2639.158397094136,79.59203871515574,18200.69269774771,3403,0
1017.25,1.4,9.5,-2.4,2057.9604,67.28738,-0.19900000000006912,0.0007000000000516593,0.00020000000040454324,-0.00593000000000643,-1.5000000004761205e-05,1.5000000004761205e-05,5747,0,1,0,1,0,1,1.0,2639.0572840118302,79.58989802992345,18203.16225032649,3404,0
1017.75,1.4,9.5,-2.4,2057.7617,67.28142,-0.19869999999991705,0.0003000000001520675,-0.0003999999998995918,-0.005960000000001742,-2.9999999995311555e-05,-1.499999999055035e-05,5748,0,1,0,1,0,1,1.0,2638.956171542877,79.58775705270482,18205.631564465264,3405,0
1016.75,1.4,9.5,-2.4,2057.5637,67.27543,-0.1979999999998654,0.0007000000000516593,0.0003999999998995918,-0.005989999999997053,-2.9999999995311555e-05,0.0,5749,0,1,0,1,0,1,1.0,2638.855059808696,79.58561577843479,18208.100641004025,3406,0
1016.5,1.4,9.5,-2.4,2057.3662,67.269424,-0.19750000000021828,0.0004999999996471161,-0.00020000000040454324,-0.00600599999999929,-1.6000000002236447e-05,1.3999999993075107e-05,5750,0,1,0,1,0,1,1.0,2638.753948895844,79.58347420448617,18210.569480542777,3407,0
1017.25,1.4,9.5,-2.4,2057.1694,67.26339,-0.19679999999971187,0.0007000000005064066,0.0002000000008592906,-0.006033999999999651,-2.800000000036107e-05,-1.1999999998124622e-05,5751,0,1,0,1,0,1,1.0,2638.652838925591,79.58133232614743,18213.038083921525,3408,0
1017.75,1.4,9.5,-2.4,2056.973,67.25733,-0.19640000000026703,0.00039999999944484443,-0.0003000000010615622,-0.006060000000005061,-2.6000000005410584e-05,1.9999999949504854e-06,5752,0,1,0,1,0,1,1.0,2638.5517299669737,79.57919013905789,18215.50645162026,3409,0
1019.25,1.4,9.5,-2.4,2056.7773,67.25124,-0.19569999999976062,0.0007000000005064066,0.0003000000010615622,-0.006090000000000373,-2.9999999995311555e-05,-3.999999989900971e-06,5753,0,1,0,1,0,1,1.0,2638.4506221411193,79.57704763816476,18217.974584478983,3410,0
1019.75,1.4,9.5,-2.4,2056.582,67.24514,-0.19530000000031578,0.00039999999944484443,-0.0003000000010615622,-0.006099999999989336,-9.999999988963282e-06,2.0000000006348273e-05,5754,0,1,0,1,0,1,1.0,2638.3495155169417,79.574904821894,18220.442482977698,3411,0
1019.75,1.4,9.5,-2.4,2056.3875,67.239006,-0.19450000000006185,0.0008000000002539309,0.0004000000008090865,-0.00613400000000297,-3.4000000013634235e-05,-2.4000000024670953e-05,5755,0,1,0,1,0,1,1.0,2638.248410232801,79.57276168450313,18222.910148076407,3412,0
1018.75,1.4,9.5,-2.4,2056.1936,67.23285,-0.1938999999997577,0.000600000000304135,-0.0001999999999497959,-0.006156000000004269,-2.200000000129876e-05,1.2000000012335477e-05,5756,0,1,0,1,0,1,1.0,2638.147306392218,79.57061822233803,18225.377580495104,3413,0
1020.75,1.4,9.5,-2.4,2056.0002,67.22667,-0.1934000000001106,0.0004999999996471161,-0.00010000000065701897,-0.006180000000000518,-2.3999999996249244e-05,-1.9999999949504854e-06,5757,0,1,0,1,0,1,1.0,2638.046204081278,79.56847443139979,18227.84478083379,3414,0
1021.25,1.4,9.5,-2.4,2055.8074,67.22046,-0.19279999999980646,0.000600000000304135,0.00010000000065701897,-0.00620999999999583,-2.9999999995311555e-05,-5.999999999062311e-06,5758,0,1,0,1,0,1,1.0,2637.9451034033686,79.56633030665046,18230.31174981247,3415,0
1022.75,1.4,9.5,-2.4,2055.6155,67.214226,-0.19190000000025975,0.0008999999995467078,0.0002999999992425728,-0.00623400000000629,-2.40000000104601e-05,5.999999984851456e-06,5759,0,1,0,1,0,1,1.0,2637.844004513889,79.56418584409722,18232.77848851114,3416,0
1021.75,1.4,9.5,-2.4,2055.424,67.20797,-0.1914999999999054,0.00040000000035433914,-0.0004999999991923687,-0.006255999999993378,-2.1999999987087904e-05,2.000000023372195e-06,5760,0,1,0,1,0,1,1.0,2637.7429074813404,79.5620410400972,18235.244997409798,3417,0
1020.75,1.4,9.5,-2.4,2055.2332,67.20169,-0.19079999999985375,0.0007000000000516593,0.00029999999969732016,-0.006280000000003838,-2.40000000104601e-05,-2.000000023372195e-06,5761,0,1,0,1,0,1,1.0,2637.641812426241,79.55989589066296,18237.71127734845,3418,0
1019.75,1.4,9.5,-2.4,2055.0432,67.19539,-0.19000000000005457,0.0007999999997991836,9.999999974752427e-05,-0.0062999999999959755,-1.9999999992137418e-05,4.00000001832268e-06,5762,0,1,0,1,0,1,1.0,2637.5407194863787,79.5577503925039,18240.177329287093,3419,0
1020.75,1.4,9.5,-2.4,2054.8538,67.18906,-0.18940000000020518,0.0005999999998493877,-0.0001999999999497959,-0.006330000000005498,-3.000000000952241e-05,-1.0000000017384991e-05,5763,0,1,0,1,0,1,1.0,2637.4396287647464,79.5556045405968,18242.643153945726,3420,0
1021.0,1.4,9.5,-2.4,2054.665,67.18271,-0.18879999999990105,0.000600000000304135,4.547473508864641e-13,-0.006349999999997635,-1.9999999992137418e-05,1.0000000017384991e-05,5764,0,1,0,1,0,1,1.0,2637.3385403642674,79.55345833165656,18245.10875204435,3421,0
1021.0,1.4,9.5,-2.4,2054.4768,67.17633,-0.18820000000005166,0.0005999999998493877,-4.547473508864641e-13,-0.006380000000007158,-3.000000000952241e-05,-1.0000000017384991e-05,5765,0,1,0,1,0,1,1.0,2637.2374543877904,79.55131176066598,18247.574124302966,3422,0
1022.25,1.4,9.5,-2.4,2054.2896,67.16992,-0.18719999999984793,0.0010000000002037268,0.00040000000035433914,-0.006409999999988258,-2.99999999811007e-05,2.842170943040401e-14,5766,0,1,0,1,0,1,1.0,2637.136371007456,79.5491648226114,18250.03927192157,3423,0
1022.0,1.4,9.5,-2.4,2054.103,67.1635,-0.18659999999999854,0.0005999999998493877,-0.00040000000035433914,-0.006420000000005643,-1.0000000017384991e-05,1.999999996371571e-05,5767,0,1,0,1,0,1,1.0,2637.0352903259363,79.54701751595007,18252.504195620168,3424,0
1022.25,1.4,9.5,-2.4,2053.917,67.15704,-0.18600000000014916,0.0005999999998493877,0.0,-0.006460000000004129,-3.999999999848569e-05,-2.99999999811007e-05,5768,0,1,0,1,0,1,1.0,2636.9342124458312,79.54486983394003,18254.968896118757,3425,0
1020.25,1.4,9.5,-2.4,2053.732,67.150566,-0.18499999999994543,0.0010000000002037268,0.00040000000035433914,-0.006473999999997204,-1.3999999993075107e-05,2.6000000005410584e-05,5769,0,1,0,1,0,1,1.0,2636.833137538995,79.54272177435008,18257.433374617336,3426,0
1020.75,1.4,9.5,-2.4,2053.5474,67.144066,-0.18460000000004584,0.0003999999998995918,-0.000600000000304135,-0.006500000000002615,-2.6000000005410584e-05,-1.2000000012335477e-05,5770,0,1,0,1,0,1,1.0,2636.7320656731936,79.54057333287125,18259.897631595904,3427,0
1020.75,1.4,9.5,-2.4,2053.3638,67.13754,-0.1835999999998421,0.0010000000002037268,0.000600000000304135,-0.0065259999999938145,-2.599999999119973e-05,1.4210854715202004e-14,5771,0,1,0,1,0,1,1.0,2636.6309970200973,79.53842450519751,18262.361668254467,3428,0
1019.75,1.4,9.5,-2.4,2053.181,67.13099,-0.18280000000004293,0.0007999999997991836,-0.00020000000040454324,-0.006550000000004275,-2.40000000104601e-05,1.9999999807396307e-06,5772,0,1,0,1,0,1,1.0,2636.529931716612,79.53627528737225,18264.825485553018,3429,0
1018.75,1.4,9.5,-2.4,2052.9988,67.12441,-0.18220000000019354,0.0005999999998493877,-0.0001999999999497959,-0.006579999999999586,-2.9999999995311555e-05,-5.999999984851456e-06,5773,0,1,0,1,0,1,1.0,2636.4288698649116,79.53412567440249,18267.289084211563,3430,0
1018.25,1.4,9.5,-2.4,2052.8174,67.11781,-0.1813999999999396,0.0008000000002539309,0.00020000000040454324,-0.006599999999991724,-1.9999999992137418e-05,1.0000000003174137e-05,5774,0,1,0,1,0,1,1.0,2636.3278116017314,79.53197566303031,18269.752465190097,3431,0
1018.5,1.4,9.5,-2.4,2052.6367,67.11119,-0.18069999999988795,0.0007000000000516593,-0.00010000000020227162,-0.006620000000012283,-2.0000000020559128e-05,-2.842170943040401e-14,5775,0,1,0,1,0,1,1.0,2636.226757046399,79.52982525,18272.215629328624,3432,0
1019.75,1.4,9.5,-2.4,2052.457,67.10454,-0.17970000000013897,0.0009999999997489795,0.00029999999969732016,-0.006649999999993383,-2.99999999811007e-05,-9.999999960541572e-06,5776,0,1,0,1,0,1,1.0,2636.125706370088,79.52767443032717,18274.678577827144,3433,0
1020.25,1.4,9.5,-2.4,2052.278,67.09787,-0.1790000000000873,0.0007000000000516593,-0.00029999999969732016,-0.006669999999999732,-2.0000000006348273e-05,9.999999974752427e-06,5777,0,1,0,1,0,1,1.0,2636.024659691935,79.52552320076151,18277.14131152565,3434,0
1021.25,1.4,9.5,-2.4,2052.0999,67.09117,-0.1780999999996311,0.0009000000004562025,0.00020000000040454324,-0.006699999999995043,-2.9999999995311555e-05,-9.999999988963282e-06,5778,0,1,0,1,0,1,1.0,2635.9236171655994,79.52337155632462,18279.60383150415,3435,0
1019.75,1.4,9.5,-2.4,2051.9226,67.08445,-0.17730000000028667,0.0007999999993444362,-0.00010000000111176632,-0.0067200000000013915,-2.0000000006348273e-05,9.999999988963282e-06,5779,0,1,0,1,0,1,1.0,2635.8225789273356,79.52121949377162,18282.066138722646,3436,0
1019.5,1.4,9.5,-2.4,2051.746,67.0777,-0.17659999999978027,0.0007000000005064066,-9.999999883802957e-05,-0.006750000000010914,-3.000000000952241e-05,-1.0000000003174137e-05,5780,0,1,0,1,0,1,1.0,2635.7215450960043,79.51906700813008,18284.52823402113,3437,0
1020.25,1.4,9.5,-2.4,2051.5703,67.07093,-0.17570000000023356,0.0008999999995467078,0.0001999999990403012,-0.0067699999999888405,-1.9999999977926564e-05,1.0000000031595846e-05,5781,0,1,0,1,0,1,1.0,2635.620515824974,79.5169140961605,18286.990118479604,3438,0
1020.25,1.4,9.5,-2.4,2051.3955,67.06413,-0.17479999999977736,0.0009000000004562025,9.094947017729282e-13,-0.006799999999998363,-3.000000000952241e-05,-1.0000000031595846e-05,5782,0,1,0,1,0,1,1.0,2635.5194912675083,79.51476075289642,18289.451793178072,3439,0
1020.0,1.4,9.5,-2.4,2051.2217,67.05731,-0.17380000000002838,0.0009999999997489795,9.999999929277692e-05,-0.006820000000004711,-2.0000000006348273e-05,1.0000000003174137e-05,5783,0,1,0,1,0,1,1.0,2635.4184715940523,79.51260697510374,18291.91325931653,3440,0
1019.25,1.4,9.5,-2.4,2051.0486,67.05047,-0.17309999999997672,0.0007000000000516593,-0.00029999999969732016,-0.006839999999996849,-1.9999999992137418e-05,1.4210854715202004e-14,5784,0,1,0,1,0,1,1.0,2635.317456923077,79.51045275955056,18294.37451773498,3441,0
1020.25,1.4,9.5,-2.4,2050.8765,67.043594,-0.17210000000022774,0.0009999999997489795,0.00029999999969732016,-0.006876000000005433,-3.600000000858472e-05,-1.6000000016447302e-05,5785,0,1,0,1,0,1,1.0,2635.2164474248184,79.50829810024197,18296.835569633422,3442,0
1019.25,1.4,9.5,-2.4,2050.705,67.036705,-0.1714999999999236,0.000600000000304135,-0.00039999999944484443,-0.006889000000001033,-1.2999999995599865e-05,2.3000000012984856e-05,5786,0,1,0,1,0,1,1.0,2635.115443200277,79.50614299516157,18299.296415731857,3443,0
1020.75,1.4,9.5,-2.4,2050.5347,67.029785,-0.17029999999977008,0.0012000000001535227,0.0005999999998493877,-0.00691999999999382,-3.09999999927868e-05,-1.7999999997186933e-05,5787,0,1,0,1,0,1,1.0,2635.014444454043,79.50398743918453,18301.75705747028,3444,0
1020.75,1.4,9.5,-2.4,2050.3652,67.02284,-0.1694999999999709,0.0007999999997991836,-0.00040000000035433914,-0.006945000000001755,-2.500000000793534e-05,5.999999984851456e-06,5788,0,1,0,1,0,1,1.0,2634.9134513214717,79.50183142822596,18304.217495808698,3445,0
1020.5,1.4,9.5,-2.4,2050.1965,67.01587,-0.1687000000001717,0.0007999999997991836,0.0,-0.00696999999999548,-2.4999999993724487e-05,1.4210854715202004e-14,5789,0,1,0,1,0,1,1.0,2634.812463937824,79.4996749582038,18306.67773170711,3446,0
1020.75,1.4,9.5,-2.4,2050.029,67.00888,-0.1675000000000182,0.0012000000001535227,0.00040000000035433914,-0.006990000000001828,-2.0000000006348273e-05,4.9999999873762135e-06,5790,0,1,0,1,0,1,1.0,2634.711482507339,79.49751802590227,18309.13776660551,3447,0
1020.5,1.4,9.5,-2.4,2049.8623,67.00186,-0.166700000000219,0.0007999999997991836,-0.00040000000035433914,-0.0070200000000113505,-3.000000000952241e-05,-1.0000000003174137e-05,5791,0,1,0,1,0,1,1.0,2634.610507165055,79.49536062638121,18311.597601463905,3448,0
1018.75,1.4,9.5,-2.4,2049.6965,66.99482,-0.1657999999997628,0.0009000000004562025,0.00010000000065701897,-0.007039999999989277,-1.9999999977926564e-05,1.0000000031595846e-05,5792,0,1,0,1,0,1,1.0,2634.5095380631797,79.49320275643016,18314.05723736229,3449,0
1018.75,1.4,9.5,-2.4,2049.5317,66.987755,-0.16480000000001382,0.0009999999997489795,9.999999929277692e-05,-0.007064999999997212,-2.500000000793534e-05,-5.000000030008778e-06,5793,0,1,0,1,0,1,1.0,2634.4085753710738,79.49104441197791,18316.51667550067,3450,0
1018.75,1.4,9.5,-2.4,2049.368,66.98067,-0.16370000000006257,0.001099999999951251,0.00010000000020227162,-0.007085000000003561,-2.0000000006348273e-05,5.000000001587068e-06,5794,0,1,0,1,0,1,1.0,2634.3076192752374,79.4888855898188,18318.975917199037,3451,0
1020.75,1.4,9.5,-2.4,2049.205,66.97355,-0.16300000000001091,0.0007000000000516593,-0.0003999999998995918,-0.007120000000000459,-3.499999999689862e-05,-1.499999999055035e-05,5795,0,1,0,1,0,1,1.0,2634.20666989303,79.48672628416149,18321.434963297397,3452,0
1020.75,1.4,9.5,-2.4,2049.0432,66.96641,-0.1617999999998574,0.0012000000001535227,0.0005000000001018634,-0.007140000000006808,-2.0000000006348273e-05,1.499999999055035e-05,5796,0,1,0,1,0,1,1.0,2634.10572742798,79.4845664918061,18323.89381523575,3453,0
1020.5,1.4,9.5,-2.4,2048.8823,66.95924,-0.16089999999985594,0.0009000000000014552,-0.0003000000001520675,-0.007170000000002119,-2.9999999995311555e-05,-9.999999988963282e-06,5797,0,1,0,1,0,1,1.0,2634.004792031735,79.48240620783028,18326.3524740941,3454,0
1020.75,1.4,9.5,-2.4,2048.7224,66.95206,-0.15990000000010696,0.0009999999997489795,9.999999974752427e-05,-0.007179999999991082,-9.999999988963282e-06,2.0000000006348273e-05,5798,0,1,0,1,0,1,1.0,2633.9038638730817,79.48024543076392,18328.81094107244,3455,0
1023.75,1.4,9.5,-2.4,2048.5635,66.94484,-0.15889999999990323,0.0010000000002037268,4.547473508864641e-13,-0.007220000000003779,-4.0000000012696546e-05,-3.0000000023733264e-05,5799,0,1,0,1,0,1,1.0,2633.8029431206896,79.47808415396551,18331.26921737077,3456,0
1024.75,1.4,9.5,-2.4,2048.4058,66.93761,-0.15770000000020445,0.0011999999996987754,0.00019999999949504854,-0.007229999999992742,-9.999999988963282e-06,3.0000000023733264e-05,5800,0,1,0,1,0,1,1.0,2633.70202997759,79.47592237596966,18333.727304429092,3457,0
1024.75,1.4,9.5,-2.4,2048.2488,66.93034,-0.1570000000001528,0.0007000000000516593,-0.0004999999996471161,-0.007270000000005439,-4.0000000012696546e-05,-3.0000000023733264e-05,5801,0,1,0,1,0,1,1.0,2633.6011245604964,79.47376009014133,18336.185203087407,3458,0
1026.25,1.4,9.5,-2.4,2048.093,66.92306,-0.15579999999999927,0.0012000000001535227,0.0005000000001018634,-0.007279999999994402,-9.999999988963282e-06,3.0000000023733264e-05,5802,0,1,0,1,0,1,1.0,2633.5002270722043,79.47159729501982,18338.642914785716,3459,0
1027.75,1.4,9.5,-2.4,2047.9384,66.91574,-0.15459999999984575,0.0012000000001535227,0.0,-0.007320000000007099,-4.0000000012696546e-05,-3.0000000023733264e-05,5803,0,1,0,1,0,1,1.0,2633.399337715369,79.46943398397657,18341.10044096402,3460,0
1029.75,1.4,9.5,-2.4,2047.7848,66.90841,-0.15360000000009677,0.0009999999997489795,-0.00020000000040454324,-0.007329999999996062,-9.999999988963282e-06,3.0000000023733264e-05,5804,0,1,0,1,0,1,1.0,2633.2984566580535,79.46727015555555,18343.55778282231,3461,0
1029.25,1.4,9.5,-2.4,2047.6322,66.90105,-0.15259999999989304,0.0010000000002037268,4.547473508864641e-13,-0.007360000000005584,-3.000000000952241e-05,-2.0000000020559128e-05,5805,0,1,0,1,0,1,1.0,2633.1975840682053,79.46510580485705,18346.0149415606,3462,0
1028.75,1.4,9.5,-2.4,2047.4806,66.89366,-0.1515999999999167,0.0009999999999763531,-2.2737367544323206e-13,-0.007390000000000896,-2.9999999995311555e-05,1.4210854715202004e-14,5806,0,1,0,1,0,1,1.0,2633.096720113656,79.46294092698467,18348.471918378877,3463,0
1028.25,1.4,9.5,-2.4,2047.3302,66.88625,-0.15039999999999054,0.001199999999926149,0.0001999999999497959,-0.007409999999993033,-1.9999999992137418e-05,1.0000000003174137e-05,5807,0,1,0,1,0,1,1.0,2632.9958649965565,79.46077551876722,18350.92871471715,3464,0
1027.25,1.3,9.5,-2.4,2047.1809,66.87882,-0.1493000000000393,0.001099999999951251,-9.999999997489795e-05,-0.0074299999999993815,-2.0000000006348273e-05,-1.4210854715202004e-14,5808,0,1,0,1,0,1,1.0999999999999999,2632.895018901704,79.45860957703563,18353.385331895413,3465,0
1028.75,1.3,9.5,-2.4,2047.0326,66.87136,-0.14830000000006294,0.0009999999999763531,-9.999999997489795e-05,-0.007460000000008904,-3.000000000952241e-05,-1.0000000003174137e-05,5809,0,1,0,1,0,1,1.0999999999999999,2632.7941819965577,79.45644309690189,18355.84177111367,3466,0
1027.75,1.3,9.5,-2.4,2046.8855,66.86388,-0.14709999999990941,0.0012000000001535227,0.00020000000017716957,-0.007480000000001041,-1.9999999992137418e-05,1.0000000017384991e-05,5810,0,1,0,1,0,1,1.0999999999999999,2632.6933544828776,79.4542760752022,18358.29803381192,3467,0
1027.25,1.3,9.5,-2.4,2046.7395,66.85637,-0.14600000000018554,0.0010999999997238774,-0.0001000000004296453,-0.007509999999996353,-2.9999999995311555e-05,-1.0000000003174137e-05,5811,0,1,0,1,0,1,1.0999999999999999,2632.592536545079,79.45210850705436,18360.754121310165,3468,0
1028.25,1.3,9.5,-2.4,2046.5947,66.84884,-0.14479999999980464,0.0012000000003808964,0.00010000000065701897,-0.007530000000002701,-2.0000000006348273e-05,9.999999988963282e-06,5812,0,1,0,1,0,1,1.0999999999999999,2632.491728384655,79.44994038929984,18363.2100350484,3469,0
1029.25,1.3,9.5,-2.4,2046.4509,66.841286,-0.14380000000005566,0.0009999999997489795,-0.00020000000063191692,-0.0075539999999989504,-2.3999999996249244e-05,-3.999999989900971e-06,5813,0,1,0,1,0,1,1.0999999999999999,2632.390930168559,79.44777171809426,18365.66577622663,3470,0
1028.25,1.3,9.5,-2.4,2046.3083,66.8337,-0.1426000000001295,0.001199999999926149,0.00020000000017716957,-0.007586000000003423,-3.2000000004472895e-05,-8.000000008223651e-06,5814,0,1,0,1,0,1,1.0999999999999999,2632.2901420980224,79.44560248822012,18368.121346284854,3471,0
1030.75,1.3,9.5,-2.4,2046.167,66.826096,-0.1413000000000011,0.0013000000001284207,0.00010000000020227162,-0.007603999999986399,-1.7999999982976078e-05,1.4000000021496817e-05,5815,0,1,0,1,0,1,1.0999999999999999,2632.189364391334,79.4434326968707,18370.57674678307,3472,0
1032.25,1.3,9.5,-2.4,2046.0267,66.81847,-0.14030000000002474,0.0009999999999763531,-0.0003000000001520675,-0.007626000000001909,-2.2000000015509613e-05,-4.000000032533535e-06,5816,0,1,0,1,0,1,1.0999999999999999,2632.088597215059,79.44126234055355,18373.031978921277,3473,0
1031.75,1.3,9.5,-2.4,2045.8877,66.810814,-0.13899999999989632,0.0013000000001284207,0.0003000000001520675,-0.0076560000000114314,-3.000000000952241e-05,-7.999999994012796e-06,5817,0,1,0,1,0,1,1.0999999999999999,2631.987840787212,79.43909141440358,18375.48704425948,3474,0
1031.5,1.3,9.5,-2.4,2045.7499,66.80313,-0.13779999999997017,0.001199999999926149,-0.00010000000020227162,-0.007683999999997582,-2.7999999986150215e-05,2.000000023372195e-06,5818,0,1,0,1,0,1,1.0999999999999999,2631.8870953084725,79.43691991390273,18377.94194423768,3475,0
1033.25,1.3,9.5,-2.4,2045.6132,66.795425,-0.13670000000001892,0.001099999999951251,-9.999999997489795e-05,-0.007705000000001405,-2.1000000003823516e-05,6.999999982326699e-06,5819,0,1,0,1,0,1,1.0999999999999999,2631.786360962199,79.43474783573883,18380.39668017587,3476,0
1033.25,1.3,9.5,-2.4,2045.4778,66.787704,-0.13540000000011787,0.001299999999901047,0.0001999999999497959,-0.007720999999989431,-1.5999999988025593e-05,5.000000015797923e-06,5820,0,1,0,1,0,1,1.0999999999999999,2631.6856379659853,79.43257517746092,18382.85125363405,3477,0
1033.25,1.3,9.5,-2.4,2045.3435,66.779945,-0.13429999999993925,0.0011000000001786248,-0.00019999999972242222,-0.007759000000007177,-3.800000001774606e-05,-2.2000000029720468e-05,5821,0,1,0,1,0,1,1.0999999999999999,2631.58492650292,79.43040193284095,18385.305665932225,3478,0
1032.25,1.3,9.5,-2.4,2045.2106,66.77217,-0.13289999999983593,0.0014000000001033186,0.00029999999992469384,-0.007774999999995202,-1.5999999988025593e-05,2.2000000029720468e-05,5822,0,1,0,1,0,1,1.0999999999999999,2631.4842268074876,79.42822809943328,18387.7599187504,3479,0
1032.5,1.3,9.5,-2.4,2045.0787,66.76437,-0.13190000000008695,0.0009999999997489795,-0.00040000000035433914,-0.007800000000003138,-2.500000000793534e-05,-9.000000019909749e-06,5823,0,1,0,1,0,1,1.0999999999999999,2631.3835390453296,79.42605367324862,18390.21401328856,3480,0
1032.25,1.3,9.5,-2.4,2044.9482,66.756546,-0.13049999999998363,0.0014000000001033186,0.00040000000035433914,-0.007823999999999387,-2.3999999996249244e-05,1.0000000116860974e-06,5824,0,1,0,1,0,1,1.0999999999999999,2631.2828634506436,79.4238786504721,18392.66795122672,3481,0
1030.75,1.3,9.5,-2.4,2044.819,66.748695,-0.12920000000008258,0.001299999999901047,-0.00010000000020227162,-0.007851000000002273,-2.7000000002885827e-05,-3.000000006636583e-06,5825,0,1,0,1,0,1,1.0999999999999999,2631.1822002403023,79.42170302677653,18395.12173412487,3482,0
1030.25,1.3,9.5,-2.4,2044.6909,66.74082,-0.12809999999990396,0.0011000000001786248,-0.00019999999972242222,-0.007874999999998522,-2.3999999996249244e-05,3.000000006636583e-06,5826,0,1,0,1,0,1,1.0999999999999999,2631.081549596705,79.4195267983525,18397.575363303014,3483,0
1030.25,1.3,9.5,-2.4,2044.5642,66.73292,-0.126700000000028,0.001399999999875945,0.00029999999969732016,-0.007900000000006457,-2.500000000793534e-05,-1.0000000116860974e-06,5827,0,1,0,1,0,1,1.0999999999999999,2630.9809117536033,79.41734996122169,18400.028840441155,3484,0
1030.75,1.3,9.5,-2.4,2044.4387,66.725,-0.12550000000010186,0.001199999999926149,-0.0001999999999497959,-0.007919999999998595,-1.9999999992137418e-05,5.000000015797923e-06,5828,0,1,0,1,0,1,1.0999999999999999,2630.880286910276,79.41517251226625,18402.482166979287,3485,0
1030.5,1.3,9.5,-2.4,2044.3146,66.71705,-0.12409999999999854,0.0014000000001033186,0.00020000000017716957,-0.007949999999993906,-2.9999999995311555e-05,-1.0000000003174137e-05,5829,0,1,0,1,0,1,1.0999999999999999,2630.779675300171,79.41299444665523,18404.935344597412,3486,0
1031.25,1.3,9.5,-2.4,2044.1918,66.709076,-0.12279999999987012,0.0013000000001284207,-9.999999997489795e-05,-0.007974000000004366,-2.40000000104601e-05,5.999999984851456e-06,5830,0,1,0,1,0,1,1.0999999999999999,2630.679077139427,79.41081576058995,18407.388374855534,3487,0
1031.75,1.3,9.5,-2.4,2044.0702,66.70108,-0.12159999999994398,0.001199999999926149,-0.00010000000020227162,-0.007995999999991454,-2.1999999987087904e-05,2.000000023372195e-06,5831,0,1,0,1,0,1,1.0999999999999999,2630.578492626886,79.40863645061728,18409.84125919365,3488,0
1030.25,1.3,9.5,-2.4,2043.95,66.69306,-0.12020000000006803,0.001399999999875945,0.0001999999999497959,-0.008020000000001914,-2.40000000104601e-05,-2.000000023372195e-06,5832,0,1,0,1,0,1,1.0999999999999999,2630.4779219955426,79.40645651294359,18412.29399929176,3489,0
1031.25,1.3,9.5,-2.4,2043.831,66.68501,-0.11900000000014188,0.001199999999926149,-0.0001999999999497959,-0.008049999999997226,-2.9999999995311555e-05,-5.999999984851456e-06,5833,0,1,0,1,0,1,1.0999999999999999,2630.377365443949,79.4042759427494,18414.746596589863,3490,0
1030.75,1.3,9.5,-2.4,2043.7135,66.67694,-0.11749999999983629,0.0015000000003055902,0.0003000000003794412,-0.008070000000003574,-2.0000000006348273e-05,9.999999988963282e-06,5834,0,1,0,1,0,1,1.0999999999999999,2630.2768232219364,79.40209473693231,18417.19905288796,3491,0
1031.25,1.3,9.5,-2.4,2043.5973,66.668846,-0.11620000000016262,0.0012999999996736733,-0.00020000000063191692,-0.008093999999999824,-2.3999999996249244e-05,-3.999999989900971e-06,5835,0,1,0,1,0,1,1.0999999999999999,2630.176295544894,79.39991289170665,18419.651369746054,3492,0
1029.75,1.3,9.5,-2.4,2043.4824,66.66073,-0.11489999999980682,0.0013000000003557943,6.821210263296962e-13,-0.008116000000001122,-2.200000000129876e-05,1.9999999949504854e-06,5836,0,1,0,1,0,1,1.0999999999999999,2630.0757826280624,79.39773040363201,18422.103548724142,3493,0
1031.75,1.3,9.5,-2.4,2043.369,66.65259,-0.11340000000018335,0.0014999999996234692,0.00019999999926767487,-0.008139999999997372,-2.3999999996249244e-05,-1.9999999949504854e-06,5837,0,1,0,1,0,1,1.0999999999999999,2629.975284720795,79.39554726892771,18424.555591622222,3494,0
1032.75,1.3,9.5,-2.4,2043.2568,66.64442,-0.11219999999980246,0.0012000000003808964,-0.0002999999992425728,-0.008170000000006894,-3.000000000952241e-05,-6.000000013273166e-06,5838,0,1,0,1,0,1,1.0999999999999999,2629.874802020894,79.39336348278815,18427.0074998803,3495,0
1033.25,1.3,9.5,-2.4,2043.1461,66.63622,-0.11070000000017899,0.0014999999996234692,0.0002999999992425728,-0.008200000000002206,-2.9999999995311555e-05,1.4210854715202004e-14,5839,0,1,0,1,0,1,1.0999999999999999,2629.774334777397,79.39117904041096,18429.45927529837,3496,0
1034.75,1.3,9.5,-2.4,2043.0369,66.628006,-0.1091999999998734,0.0015000000003055902,6.821210263296962e-13,-0.00821399999999528,-1.3999999993075107e-05,1.6000000002236447e-05,5840,0,1,0,1,0,1,1.0999999999999999,2629.6738832391716,79.38899393973635,18431.910919676437,3497,0
1034.5,1.3,9.5,-2.4,2042.929,66.61977,-0.10789999999997235,0.001299999999901047,-0.00020000000040454324,-0.00823599999999658,-2.200000000129876e-05,-8.000000008223651e-06,5841,0,1,0,1,0,1,1.0999999999999999,2629.573447620678,79.38680817733653,18434.362434574497,3498,0
1034.75,1.3,9.5,-2.4,2042.8224,66.6115,-0.1066000000000713,0.001299999999901047,0.0,-0.008269999999996003,-3.399999999942338e-05,-1.1999999998124622e-05,5842,0,1,0,1,0,1,1.0999999999999999,2629.4730281362313,79.38462174773233,18436.813821552554,3499,0
1033.75,1.3,9.5,-2.4,2042.7173,66.60321,-0.10509999999999309,0.0015000000000782165,0.00020000000017716957,-0.008290000000002351,-2.0000000006348273e-05,1.3999999993075107e-05,5843,0,1,0,1,0,1,1.0999999999999999,2629.372625034223,79.38243464784395,18439.265082410602,3500,0
1033.75,1.3,9.5,-2.4,2042.6136,66.594894,-0.10370000000011714,0.001399999999875945,-0.00010000000020227162,-0.008316000000007762,-2.6000000005410584e-05,-5.999999999062311e-06,5844,0,1,0,1,0,1,1.0999999999999999,2629.2722385457655,79.38024687356715,18441.71621882865,3501,0
1032.25,1.3,9.5,-2.4,2042.5115,66.586555,-0.10209999999983665,0.0016000000002804882,0.00020000000040454324,-0.008338999999992325,-2.2999999984563146e-05,3.0000000208474376e-06,5845,0,1,0,1,0,1,1.0999999999999999,2629.1718689360246,79.37805842131371,18444.16723272669,3502,0
1032.25,1.3,9.5,-2.4,2042.4106,66.57819,-0.10090000000013788,0.0011999999996987754,-0.0004000000005817128,-0.008364999999997735,-2.6000000005410584e-05,-3.0000000208474376e-06,5846,0,1,0,1,0,1,1.0999999999999999,2629.0715164015737,79.37586928698478,18446.618125544726,3503,0
1032.0,1.3,9.5,-2.4,2042.3114,66.5698,-0.0991999999998825,0.0017000000002553861,0.0005000000005566108,-0.00839000000000567,-2.500000000793534e-05,9.999999974752427e-07,5847,0,1,0,1,0,1,1.0999999999999999,2628.9711812243504,79.37367946665528,18449.068899322756,3504,0
1030.75,1.3,9.5,-2.4,2042.2135,66.56139,-0.09789999999998145,0.001299999999901047,-0.00040000000035433914,-0.008409999999997808,-1.9999999992137418e-05,5.000000015797923e-06,5848,0,1,0,1,0,1,1.0999999999999999,2628.8708636177125,79.37148895725765,18451.519555620784,3505,0
1030.75,1.3,9.5,-2.4,2042.1172,66.552956,-0.0963000000001557,0.0015999999998257408,0.00029999999992469384,-0.008434000000008268,-2.40000000104601e-05,-4.00000001832268e-06,5849,0,1,0,1,0,1,1.0999999999999999,2628.770563846154,79.36929775504274,18453.970096358804,3506,0
1031.0,1.3,9.5,-2.4,2042.0223,66.544495,-0.09489999999982501,0.0014000000003306923,-0.00019999999949504854,-0.008460999999996943,-2.6999999988674972e-05,-2.9999999782148734e-06,5850,0,1,0,1,0,1,1.0999999999999999,2628.6702821398053,79.36710585575115,18456.42052321682,3507,0
1031.0,1.3,9.5,-2.4,2041.929,66.53601,-0.09329999999999927,0.0015999999998257408,0.00019999999949504854,-0.008484999999993192,-2.3999999996249244e-05,2.999999992425728e-06,5851,0,1,0,1,0,1,1.0999999999999999,2628.5700187628163,79.3649132556391,18458.87083811483,3508,0
1031.0,1.3,9.5,-2.4,2041.837,66.5275,-0.09200000000009823,0.001299999999901047,-0.00029999999992469384,-0.008510000000001128,-2.500000000793534e-05,-1.0000000116860974e-06,5852,0,1,0,1,0,1,1.0999999999999999,2628.4697739279,79.36271995079447,18461.321042612843,3509,0
1031.25,1.3,9.5,-2.4,2041.7467,66.51897,-0.09030000000007021,0.0017000000000280124,0.00040000000012696546,-0.008530000000007476,-2.0000000006348273e-05,5.000000001587068e-06,5853,0,1,0,1,0,1,1.0999999999999999,2628.369547915955,79.36052593816194,18463.771138750846,3510,0
1029.75,1.3,9.5,-2.4,2041.658,66.51041,-0.0887000000000171,0.0016000000000531145,-9.999999997489795e-05,-0.008560000000002788,-2.9999999995311555e-05,-9.999999988963282e-06,5854,0,1,0,1,0,1,1.0999999999999999,2628.2693409906065,79.35833121298036,18466.221128448844,3511,0
1028.75,1.3,9.5,-2.4,2041.5707,66.50182,-0.08729999999991378,0.0014000000001033186,-0.0001999999999497959,-0.0085899999999981,-2.9999999995311555e-05,0.0,5855,0,1,0,1,0,1,1.0999999999999999,2628.1691533811477,79.3561357704918,18468.67101338684,3512,0
1030.25,1.3,9.5,-2.4,2041.4849,66.49322,-0.08580000000006294,0.0014999999998508429,9.999999974752427e-05,-0.008600000000001273,-1.0000000003174137e-05,1.9999999992137418e-05,5856,0,1,0,1,0,1,1.0999999999999999,2628.0689853337885,79.35393960935632,18471.12079536483,3513,0
1030.25,1.3,9.5,-2.4,2041.4006,66.48458,-0.08429999999998472,0.0015000000000782165,2.2737367544323206e-13,-0.008639999999999759,-3.999999999848569e-05,-2.9999999995311555e-05,5857,0,1,0,1,0,1,1.0999999999999999,2627.9688370945714,79.35174272311369,18473.57047618282,3514,0
1030.25,1.3,9.5,-2.4,2041.3181,66.47593,-0.08249999999998181,0.0018000000000029104,0.00029999999992469384,-0.008649999999988722,-9.999999988963282e-06,3.000000000952241e-05,5858,0,1,0,1,0,1,1.0999999999999999,2627.8687089605733,79.3495451104284,18476.020058000802,3515,0
1030.25,1.3,9.5,-2.4,2041.237,66.46725,-0.08109999999987849,0.0014000000001033186,-0.0003999999998995918,-0.008679999999998245,-3.000000000952241e-05,-2.0000000020559128e-05,5859,0,1,0,1,0,1,1.0999999999999999,2627.7686011604096,79.3473467665529,18478.46954249878,3516,0
1031.25,1.3,9.5,-2.4,2041.1576,66.45854,-0.07940000000007785,0.0016999999998006388,0.00029999999969732016,-0.008710000000007767,-3.000000000952241e-05,0.0,5860,0,1,0,1,0,1,1.0999999999999999,2627.6685139737247,79.34514768674288,18480.91893171676,3517,0
1029.75,1.3,9.5,-2.4,2041.0797,66.449814,-0.07789999999999964,0.0015000000000782165,-0.00019999999972242222,-0.008725999999995793,-1.5999999988025593e-05,1.4000000021496817e-05,5861,0,1,0,1,0,1,1.0999999999999999,2627.5684476458546,79.34294786864551,18483.36822745473,3518,0
1030.75,1.3,9.5,-2.4,2041.0034,66.441055,-0.07629999999994652,0.0016000000000531145,9.999999997489795e-05,-0.00875899999999774,-3.300000000194814e-05,-1.7000000013922545e-05,5862,0,1,0,1,0,1,1.0999999999999999,2627.4684024390244,79.34074730701006,18485.8174316327,3519,0
1029.75,1.3,9.5,-2.4,2040.9287,66.43228,-0.07470000000012078,0.0015999999998257408,-2.2737367544323206e-13,-0.008774999999999977,-1.6000000002236447e-05,1.699999999971169e-05,5863,0,1,0,1,0,1,1.0999999999999999,2627.3683786152797,79.3385459994884,18488.26654617066,3520,0
1030.75,1.3,9.5,-2.4,2040.8557,66.42348,-0.0729999999998654,0.0017000000002553861,0.0001000000004296453,-0.008800000000007913,-2.500000000793534e-05,-9.000000005698894e-06,5864,0,1,0,1,0,1,1.0999999999999999,2627.2683764535377,79.33634394219949,18490.715573108624,3521,0
1031.75,1.3,9.5,-2.4,2040.7842,66.41465,-0.07150000000001455,0.0014999999998508429,-0.00020000000040454324,-0.008830000000003224,-2.9999999995311555e-05,-4.9999999873762135e-06,5865,0,1,0,1,0,1,1.0999999999999999,2627.1683961984318,79.33414113041255,18493.16451424658,3522,0
1031.25,1.3,9.5,-2.4,2040.7145,66.4058,-0.06970000000001164,0.0018000000000029104,0.0003000000001520675,-0.008849999999995362,-1.9999999992137418e-05,1.0000000003174137e-05,5866,0,1,0,1,0,1,1.0999999999999999,2627.06843814556,79.33193756110448,18495.613371744534,3523,0
1032.25,1.3,9.5,-2.4,2040.6462,66.39692,-0.0683000000001357,0.001399999999875945,-0.00040000000012696546,-0.008880000000004884,-3.000000000952241e-05,-1.0000000017384991e-05,5867,0,1,0,1,0,1,1.0999999999999999,2626.9685025221543,79.3297332295501,18498.062147282486,3524,0
1033.25,1.3,9.5,-2.4,2040.5798,66.38802,-0.06639999999993051,0.001900000000205182,0.0005000000003292371,-0.008899999999997021,-1.9999999992137418e-05,1.0000000017384991e-05,5868,0,1,0,1,0,1,1.0999999999999999,2626.8685896404836,79.3275281327313,18500.510843140433,3525,0
1033.75,1.3,9.5,-2.4,2040.515,66.3791,-0.0647999999998774,0.0016000000000531145,-0.0003000000001520675,-0.00892000000000337,-2.0000000006348273e-05,-1.4210854715202004e-14,5869,0,1,0,1,0,1,1.0999999999999999,2626.768699761499,79.32532226763203,18502.959461238377,3526,0
1034.25,1.3,9.5,-2.4,2040.4519,66.37015,-0.06310000000007676,0.0016999999998006388,9.999999974752427e-05,-0.008949999999998681,-2.9999999995311555e-05,-9.999999988963282e-06,5870,0,1,0,1,0,1,1.0999999999999999,2626.6688331630044,79.323115629535,18505.40800361632,3527,0
1035.25,1.3,9.5,-2.4,2040.3904,66.361176,-0.06150000000002365,0.0016000000000531145,-9.999999974752427e-05,-0.00897399999999493,-2.3999999996249244e-05,5.999999999062311e-06,5871,0,1,0,1,0,1,1.0999999999999999,2626.5689901055857,79.32090821474796,18507.85647219426,3528,0
1036.75,1.3,9.5,-2.4,2040.3306,66.35217,-0.059799999999995634,0.0017000000000280124,9.999999997489795e-05,-0.009005999999999403,-3.2000000004472895e-05,-8.000000008223651e-06,5872,0,1,0,1,0,1,1.0999999999999999,2626.4691708666783,79.31870001821896,18510.304869012194,3529,0
1036.25,1.3,9.5,-2.4,2040.2726,66.343155,-0.057999999999992724,0.0018000000000029104,9.999999997489795e-05,-0.009015000000005102,-9.000000005698894e-06,2.2999999998774e-05,5873,0,1,0,1,0,1,1.0999999999999999,2626.3693757405513,79.31649103881512,18512.75319623013,3530,0
1035.75,1.3,9.5,-2.4,2040.2162,66.33411,-0.05639999999993961,0.0016000000000531145,-0.0001999999999497959,-0.009045000000000414,-2.9999999995311555e-05,-2.099999998961266e-05,5874,0,1,0,1,0,1,1.0999999999999999,2626.2696049872343,79.31428127182978,18515.20145576806,3531,0
1037.25,1.3,9.5,-2.4,2040.1616,66.325035,-0.05460000000016407,0.0017999999997755367,0.00019999999972242222,-0.009074999999995725,-2.9999999995311555e-05,0.0,5875,0,1,0,1,0,1,1.0999999999999999,2626.169858900613,79.31207071255956,18517.649649785984,3532,0
1035.25,1.3,9.5,-2.4,2040.1086,66.31594,-0.052999999999883585,0.0016000000002804882,-0.00019999999949504854,-0.009095000000002074,-2.0000000006348273e-05,9.999999988963282e-06,5876,0,1,0,1,0,1,1.0999999999999999,2626.070137740344,79.30985935800578,18520.097780203912,3533,0
1036.75,1.3,9.5,-2.4,2040.0575,66.30682,-0.05110000000013315,0.0018999999997504347,0.0002999999994699465,-0.009119999999995798,-2.4999999993724487e-05,-4.9999999873762135e-06,5877,0,1,0,1,0,1,1.0999999999999999,2625.9704418169445,79.3076472043212,18522.545849301834,3534,0
1039.25,1.3,9.5,-2.4,2040.008,66.297676,-0.04949999999985266,0.0016000000002804882,-0.0002999999994699465,-0.009144000000006258,-2.40000000104601e-05,9.99999983264388e-07,5878,0,1,0,1,0,1,1.0999999999999999,2625.8707713896924,79.30543424783127,18524.993858999755,3535,0
1039.75,1.3,9.5,-2.4,2039.9604,66.288506,-0.04760000000010223,0.0018999999997504347,0.0002999999994699465,-0.009169999999997458,-2.599999999119973e-05,-1.9999999807396307e-06,5879,0,1,0,1,0,1,1.0999999999999999,2625.7711267687077,79.3032204845238,18527.44181157767,3536,0
1040.25,1.3,9.5,-2.4,2039.9146,66.27931,-0.04579999999987194,0.001800000000230284,-9.99999995201506e-05,-0.009196000000002869,-2.6000000005410584e-05,-1.4210854715202004e-14,5880,0,1,0,1,0,1,1.0999999999999999,2625.671508246897,79.30100591038939,18529.889709195588,3537,0
1041.25,1.3,9.5,-2.4,2039.8705,66.270096,-0.044100000000071304,0.0016999999998006388,-0.0001000000004296453,-0.009214000000000055,-1.7999999997186933e-05,8.000000008223651e-06,5881,0,1,0,1,0,1,1.0999999999999999,2625.571916099966,79.29879052278136,18532.337553893503,3538,0
1042.25,1.3,9.5,-2.4,2039.8281,66.26086,-0.04240000000004329,0.0017000000000280124,2.2737367544323206e-13,-0.009236000000001354,-2.200000000129876e-05,-4.0000000041118255e-06,5882,0,1,0,1,0,1,1.0999999999999999,2625.472350603434,79.29657431837498,18534.785347711415,3539,0
1042.25,1.3,9.5,-2.4,2039.7876,66.251595,-0.04049999999983811,0.001900000000205182,0.00020000000017716957,-0.00926499999999919,-2.8999999997836312e-05,-6.999999996537554e-06,5883,0,1,0,1,0,1,1.0999999999999999,2625.3728120666215,79.29435729265805,18537.233092929324,3540,0
1042.75,1.3,9.5,-2.4,2039.7489,66.2423,-0.03870000000006257,0.0017999999997755367,-0.0001000000004296453,-0.009294999999994502,-2.9999999995311555e-05,-9.999999974752427e-07,5884,0,1,0,1,0,1,1.0999999999999999,2625.2733007816482,79.29213944095157,18539.680791707233,3541,0
1041.75,1.3,9.5,-2.4,2039.712,66.23299,-0.03690000000005966,0.0018000000000029104,2.2737367544323206e-13,-0.009309999999999263,-1.5000000004761205e-05,1.499999999055035e-05,5885,0,1,0,1,0,1,1.0999999999999999,2625.1738170404346,79.2899207611281,18542.128446205137,3542,0
1041.25,1.3,9.5,-2.4,2039.6769,66.22365,-0.03510000000005675,0.0018000000000029104,0.0,-0.009339999999994575,-2.9999999995311555e-05,-1.499999999055035e-05,5886,0,1,0,1,0,1,1.0999999999999999,2625.074361134704,79.28770124851368,18544.576058583043,3543,0
1041.75,1.3,9.5,-2.4,2039.6437,66.21429,-0.03319999999985157,0.001900000000205182,0.00010000000020227162,-0.009360000000000923,-2.0000000006348273e-05,9.999999988963282e-06,5887,0,1,0,1,0,1,1.0999999999999999,2624.974933372962,79.28548090013587,18547.023631120945,3544,0
1041.75,1.3,9.5,-2.4,2039.6123,66.204895,-0.031400000000076034,0.0017999999997755367,-0.0001000000004296453,-0.009395000000012033,-3.500000001110948e-05,-1.5000000004761205e-05,5888,0,1,0,1,0,1,1.0999999999999999,2624.8755340465273,79.28325971047715,18549.471165978848,3545,0
1040.75,1.3,9.5,-2.4,2039.5828,66.19549,-0.029500000000098225,0.0018999999999778083,0.00010000000020227162,-0.009404999999986785,-9.999999974752427e-06,2.500000003635705e-05,5889,0,1,0,1,0,1,1.0999999999999999,2624.7761634634976,79.28103767826825,18551.918665436748,3546,0
1039.75,1.3,9.5,-2.4,2039.555,66.18605,-0.02779999999984284,0.0017000000002553861,-0.00019999999972242222,-0.009440000000012105,-3.500000002532033e-05,-2.5000000050567905e-05,5890,0,1,0,1,0,1,1.0999999999999999,2624.6768218978104,79.27881479799694,18554.366131534644,3547,0
1039.5,1.3,9.5,-2.4,2039.5292,66.17659,-0.025800000000117507,0.0019999999997253326,0.0002999999994699465,-0.009459999999990032,-1.9999999977926564e-05,1.5000000047393769e-05,5891,0,1,0,1,0,1,1.0999999999999999,2624.5775096741345,79.2765910667006,18556.813566672543,3548,0
1039.5,1.3,9.5,-2.4,2039.5052,66.16711,-0.023999999999887223,0.001800000000230284,-0.00019999999949504854,-0.009480000000010591,-2.0000000020559128e-05,-4.263256414560601e-14,5892,0,1,0,1,0,1,1.0999999999999999,2624.4782270829796,79.27436648141862,18559.260973010438,3549,0
1038.75,1.3,9.5,-2.4,2039.4833,66.15759,-0.02189999999995962,0.0020999999999276042,0.00029999999969732016,-0.009519999999994866,-3.9999999984274837e-05,-1.999999996371571e-05,5893,0,1,0,1,0,1,1.0999999999999999,2624.3789744655583,79.27214103579912,18561.708353068334,3550,0
1039.75,1.3,9.5,-2.4,2039.4631,66.14806,-0.02020000000015898,0.0016999999998006388,-0.00040000000012696546,-0.00952999999999804,-1.0000000003174137e-05,2.99999999811007e-05,5894,0,1,0,1,0,1,1.0999999999999999,2624.2797520949957,79.26991472858354,18564.15570888623,3551,0
1041.25,1.3,9.5,-2.4,2039.4448,66.138504,-0.018299999999953798,0.001900000000205182,0.00020000000040454324,-0.00955600000000345,-2.6000000005410584e-05,-1.6000000002236447e-05,5895,0,1,0,1,0,1,1.0999999999999999,2624.1805602781546,79.26768755580055,18566.603042744122,3552,0
1041.75,1.3,9.5,-2.4,2039.4285,66.12892,-0.01630000000000109,0.0019999999999527063,9.999999974752427e-05,-0.009584000000003812,-2.800000000036107e-05,-1.9999999949504854e-06,5896,0,1,0,1,0,1,1.0999999999999999,2624.081399338647,79.26545951314228,18569.050357042015,3553,0
1041.75,1.3,9.5,-2.4,2039.4141,66.119316,-0.014400000000023283,0.0018999999999778083,-9.999999997489795e-05,-0.009603999999995949,-1.9999999992137418e-05,8.000000008223651e-06,5897,0,1,0,1,0,1,1.0999999999999999,2623.98226958291,79.26323059766023,18571.497654059905,3554,0
1040.75,1.3,9.5,-2.4,2039.4016,66.10969,-0.012500000000045475,0.0018999999999778083,0.0,-0.009625999999997248,-2.200000000129876e-05,-2.00000000916134e-06,5898,0,1,0,1,0,1,1.0999999999999999,2623.8831713171726,79.26100080606884,18573.944936077798,3555,0
1042.75,1.3,9.5,-2.4,2039.3911,66.10003,-0.010499999999865395,0.00200000000018008,0.00010000000020227162,-0.009659999999996671,-3.399999999942338e-05,-1.1999999998124622e-05,5899,0,1,0,1,0,1,1.0999999999999999,2623.784104864407,79.25877013305085,18576.39220549569,3556,0
1040.25,1.3,9.5,-2.4,2039.3826,66.09035,-0.008500000000140062,0.0019999999997253326,-4.547473508864641e-13,-0.00968000000000302,-2.0000000006348273e-05,1.3999999993075107e-05,5900,0,1,0,1,0,1,1.0999999999999999,2623.685070547365,79.25653857566515,18578.83946471358,3557,0
1040.0,1.3,8.5,-2.4,2039.376,66.08065,-0.00659999999993488,0.001900000000205182,-9.99999995201506e-05,-0.009699999999995157,-1.9999999992137418e-05,1.4210854715202004e-14,5901,0,1,0,1,0,1,1.0999999999999999,2623.5860686716364,79.25430613097255,18581.28671601147,3558,0
1040.0,1.3,8.5,-2.4,2039.3713,66.07092,-0.004699999999957072,0.0018999999999778083,-2.2737367544323206e-13,-0.00973000000000468,-3.000000000952241e-05,-1.0000000017384991e-05,5902,0,1,0,1,0,1,1.0999999999999999,2623.4870995426054,79.25207279434186,18583.733961669357,3559,0
1039.75,1.3,8.5,-2.4,2039.3687,66.061165,-0.0026000000000294676,0.0020999999999276042,0.0001999999999497959,-0.009754999999998404,-2.4999999993724487e-05,5.000000015797923e-06,5903,0,1,0,1,0,1,1.0999999999999999,2623.388163499322,79.24983856199188,18586.18120420725,3560,0
1039.25,1.3,8.5,-2.4,2039.368,66.05139,-0.0007000000000516593,0.0018999999999778083,-0.0001999999999497959,-0.009775000000004752,-2.0000000006348273e-05,4.9999999873762135e-06,5904,0,1,0,1,0,1,1.0999999999999999,2623.28926084674,79.24760343099068,18588.62844590514,3561,0
1039.75,1.3,8.5,-2.4,2039.3694,66.04159,0.0014000000001033186,0.002100000000154978,0.00020000000017716957,-0.009799999999998477,-2.4999999993724487e-05,-4.9999999873762135e-06,5905,0,1,0,1,0,1,1.0999999999999999,2623.190391923468,79.2453673975618,18591.07568928303,3562,0
1040.75,1.3,8.5,-2.4,2039.3728,66.03176,0.003400000000056025,0.0019999999999527063,-0.00010000000020227162,-0.009829999999993788,-2.9999999995311555e-05,-5.000000001587068e-06,5906,0,1,0,1,0,1,1.0999999999999999,2623.0915570509565,79.24313045708482,18593.522936740916,3563,0
1039.25,1.3,8.5,-2.4,2039.3782,66.02191,0.005400000000008731,0.0019999999999527063,0.0,-0.009850000000000136,-2.0000000006348273e-05,9.999999988963282e-06,5907,0,1,0,1,0,1,1.0999999999999999,2622.9927565504404,79.24089260663507,18595.970190678807,3564,0
1039.25,1.3,8.5,-2.4,2039.3856,66.01204,0.007399999999961437,0.0019999999999527063,0.0,-0.009870000000006485,-2.0000000006348273e-05,0.0,5908,0,1,0,1,0,1,1.0999999999999999,2622.8939907429344,79.2386538432899,18598.4174534967,3565,0
1039.5,1.3,8.5,-2.4,2039.395,66.002144,0.009399999999914144,0.0019999999999527063,0.0,-0.009895999999997684,-2.599999999119973e-05,-5.999999984851456e-06,5909,0,1,0,1,0,1,1.0999999999999999,2622.7952599492387,79.23641416311337,18600.864727594588,3566,0
1039.5,1.3,8.5,-2.4,2039.4065,65.99222,0.011500000000069122,0.002100000000154978,0.00010000000020227162,-0.009923999999998045,-2.800000000036107e-05,-2.00000000916134e-06,5910,0,1,0,1,0,1,1.0999999999999999,2622.6965645068517,79.23417356183387,18603.31201549248,3567,0
1040.25,1.3,8.5,-2.4,2039.42,65.98228,0.013500000000021828,0.0019999999999527063,-0.00010000000020227162,-0.009940000000000282,-1.6000000002236447e-05,1.1999999998124622e-05,5911,0,1,0,1,0,1,1.0999999999999999,2622.5979047361297,79.23193203721245,18605.759319590372,3568,0
1040.25,1.3,8.5,-2.4,2039.4357,65.972305,0.01569999999992433,0.002199999999902502,0.0001999999999497959,-0.00997499999999718,-3.499999999689862e-05,-1.8999999994662176e-05,5912,0,1,0,1,0,1,1.0999999999999999,2622.499280991037,79.22968958379842,18608.206642528265,3569,0
1040.25,1.3,8.5,-2.4,2039.4534,65.96231,0.01770000000010441,0.00200000000018008,-0.00019999999972242222,-0.009995000000003529,-2.0000000006348273e-05,1.499999999055035e-05,5913,0,1,0,1,0,1,1.0999999999999999,2622.4006935914776,79.2274461986811,18610.65398670616,3570,0
1040.25,1.3,8.5,-2.4,2039.4731,65.952286,0.019699999999829743,0.0019999999997253326,-4.547473508864641e-13,-0.010024000000001365,-2.8999999997836312e-05,-8.999999991488039e-06,5914,0,1,0,1,0,1,1.0999999999999999,2622.302142857143,79.22520187743027,18613.101354524053,3571,0
1040.25,1.3,8.5,-2.4,2039.495,65.942245,0.02189999999995962,0.002200000000129876,0.00020000000040454324,-0.010041000000001077,-1.699999999971169e-05,1.1999999998124622e-05,5915,0,1,0,1,0,1,1.0999999999999999,2622.2036291413115,79.22295661764706,18615.54874862195,3572,0
1040.0,1.3,8.5,-2.4,2039.519,65.932175,0.024000000000114596,0.002100000000154978,-9.999999997489795e-05,-0.010069999999998913,-2.8999999997836312e-05,-1.1999999998124622e-05,5916,0,1,0,1,0,1,1.0999999999999999,2622.105152780125,79.22071041490621,18617.996171519848,3573,0
1041.25,1.3,8.5,-2.4,2039.5452,65.92208,0.0262000000000171,0.002199999999902502,9.999999974752427e-05,-0.010095000000006848,-2.500000000793534e-05,3.999999989900971e-06,5917,0,1,0,1,0,1,1.0999999999999999,2622.0067141263944,79.21846326546131,18620.443625857744,3574,0
1041.0,1.3,8.5,-2.4,2039.5734,65.911964,0.028199999999969805,0.0019999999999527063,-0.0001999999999497959,-0.010115999999996461,-2.099999998961266e-05,4.00000001832268e-06,5918,0,1,0,1,0,1,1.0999999999999999,2621.908313498902,79.2162151662443,18622.891114035643,3575,0
1042.25,1.3,8.5,-2.4,2039.6038,65.901825,0.03040000000009968,0.002200000000129876,0.00020000000017716957,-0.010138999999995235,-2.2999999998774e-05,-2.00000000916134e-06,5919,0,1,0,1,0,1,1.0999999999999999,2621.80995125,79.21396611385134,18625.338638693545,3576,0
1040.75,1.3,8.5,-2.4,2039.6362,65.89166,0.03239999999982501,0.0019999999997253326,-0.00020000000040454324,-0.010165000000000646,-2.6000000005410584e-05,-3.000000006636583e-06,5920,0,1,0,1,0,1,1.0999999999999999,2621.7116276980237,79.21171610437426,18627.786202231448,3577,0
1040.75,1.3,8.5,-2.4,2039.6708,65.88147,0.03460000000018226,0.0022000000003572495,0.00020000000063191692,-0.010190000000008581,-2.500000000793534e-05,9.999999974752427e-07,5921,0,1,0,1,0,1,1.0999999999999999,2621.6133431948665,79.20946513407632,18630.23380728935,3578,0
1042.75,1.3,8.5,-2.4,2039.7076,65.87126,0.03679999999985739,0.0021999999996751285,-6.821210263296962e-13,-0.010209999999986508,-1.9999999977926564e-05,5.000000030008778e-06,5922,0,1,0,1,0,1,1.0999999999999999,2621.515098092183,79.20721320006753,18632.681456507256,3579,0
1042.25,1.3,8.5,-2.4,2039.7466,65.86102,0.03899999999998727,0.002200000000129876,4.547473508864641e-13,-0.010240000000010241,-3.0000000023733264e-05,-1.00000000458067e-05,5923,0,1,0,1,0,1,1.0999999999999999,2621.4168927413907,79.20496029777178,18635.129152525165,3580,0
1042.0,1.3,8.5,-2.4,2039.7877,65.85076,0.041100000000142245,0.002100000000154978,-9.999999997489795e-05,-0.010260000000002378,-1.9999999992137418e-05,1.0000000031595846e-05,5924,0,1,0,1,0,1,1.0999999999999999,2621.3187274767934,79.2027064243038,18637.576897863077,3581,0
1042.0,1.3,8.5,-2.4,2039.831,65.84047,0.04329999999981737,0.0021999999996751285,9.99999995201506e-05,-0.01028999999999769,-2.9999999995311555e-05,-1.0000000003174137e-05,5925,0,1,0,1,0,1,1.0999999999999999,2621.220602649342,79.20045157509281,18640.024695160988,3582,0
1042.25,1.3,8.5,-2.4,2039.8766,65.83016,0.04560000000014952,0.0023000000003321475,0.00010000000065701897,-0.010309999999989827,-1.9999999992137418e-05,1.0000000003174137e-05,5926,0,1,0,1,0,1,1.0999999999999999,2621.122518626624,79.19819574725831,18642.472547178902,3583,0
1041.25,1.3,8.5,-2.4,2039.9243,65.819824,0.04769999999984975,0.0020999999997002305,-0.00020000000063191692,-0.010336000000009449,-2.600000001962144e-05,-6.00000002748402e-06,5927,0,1,0,1,0,1,1.0999999999999999,2621.02447574224,79.19593893690958,18644.92045643682,3584,0
1042.75,1.3,8.5,-2.4,2039.9744,65.80946,0.0501000000001568,0.0024000000003070454,0.00030000000060681487,-0.010363999999995599,-2.7999999986150215e-05,-1.999999966528776e-06,5928,0,1,0,1,0,1,1.0999999999999999,2620.9264743801655,79.19368113982122,18647.368425814737,3585,0
1043.75,1.3,8.5,-2.4,2040.0265,65.79909,0.05209999999988213,0.0019999999997253326,-0.0004000000005817128,-0.010369999999994661,-5.999999999062311e-06,2.1999999987087904e-05,5929,0,1,0,1,0,1,1.0999999999999999,2620.828514856661,79.1914223554806,18649.81645771266,3586,0
1044.75,1.3,8.5,-2.4,2040.0809,65.78867,0.0543999999999869,0.002300000000104774,0.0003000000003794412,-0.010420000000010532,-5.000000001587068e-05,-4.400000001680837e-05,5930,0,1,0,1,0,1,1.0999999999999999,2620.730597538358,79.18916257595684,18652.264554890582,3587,0
1044.25,1.3,8.5,-2.4,2040.1376,65.778244,0.05670000000009168,0.002300000000104774,0.0,-0.010425999999995383,-5.999999984851456e-06,4.4000000031019226e-05,5931,0,1,0,1,0,1,1.0999999999999999,2620.6327227916386,79.18690180074174,18654.71272010851,3588,0
1044.5,1.3,8.5,-2.4,2040.1965,65.767784,0.05889999999999418,0.002199999999902502,-0.00010000000020227162,-0.010459999999994807,-3.399999999942338e-05,-2.8000000014571924e-05,5932,0,1,0,1,0,1,1.0999999999999999,2620.5348909657846,79.18464002460811,18657.16095600644,3589,0
1045.25,1.3,8.5,-2.4,2040.2577,65.75731,0.06120000000009895,0.002300000000104774,0.00010000000020227162,-0.010474000000002093,-1.4000000007285962e-05,1.9999999992137418e-05,5933,0,1,0,1,0,1,1.0999999999999999,2620.4371024266934,79.18237724570272,18659.60926534437,3590,0
1045.25,1.3,8.5,-2.4,2040.3212,65.7468,0.06349999999997635,0.0022999999998774,-2.2737367544323206e-13,-0.010510000000010677,-3.600000000858472e-05,-2.200000000129876e-05,5934,0,1,0,1,0,1,1.0999999999999999,2620.339357540017,79.18011345846672,18662.057650882307,3591,0
1044.25,1.3,8.5,-2.4,2040.3868,65.736275,0.06559999999990396,0.0020999999999276042,-0.0001999999999497959,-0.010524999999987017,-1.4999999976339495e-05,2.1000000032245225e-05,5935,0,1,0,1,0,1,1.0999999999999999,2620.2416566374663,79.17784866088274,18664.506115140244,3592,0
1042.75,1.3,8.5,-2.4,2040.455,65.72572,0.06819999999993342,0.0026000000000294676,0.0005000000001018634,-0.01055500000001075,-3.0000000023733264e-05,-1.5000000047393769e-05,5936,0,1,0,1,0,1,1.0999999999999999,2620.1440001347482,79.1755828484083,18666.954661238186,3593,0
1042.75,1.3,8.5,-2.4,2040.5253,65.71514,0.0703000000000884,0.002100000000154978,-0.0004999999998744897,-0.010579999999990264,-2.4999999979513632e-05,5.000000044219632e-06,5937,0,1,0,1,0,1,1.0999999999999999,2620.046388363085,79.17331601734591,18669.403291696133,3594,0
1042.5,1.3,8.5,-2.4,2040.5979,65.704544,0.0725999999999658,0.0022999999998774,0.00019999999972242222,-0.010596000000006711,-1.6000000016447302e-05,8.99999996306633e-06,5938,0,1,0,1,0,1,1.0999999999999999,2619.9488216871528,79.17104816551608,18671.85200927408,3595,0
1042.25,1.3,8.5,-2.4,2040.6729,65.69392,0.07500000000004547,0.0024000000000796717,0.00010000000020227162,-0.010623999999992861,-2.7999999986150215e-05,-1.1999999969702912e-05,5939,0,1,0,1,0,1,1.0999999999999999,2619.8513004882157,79.16877928872053,18674.300816852032,3596,0
1042.25,1.3,8.5,-2.4,2040.7501,65.683266,0.07719999999994798,0.002199999999902502,-0.00020000000017716957,-0.010654000000002384,-3.000000000952241e-05,-2.000000023372195e-06,5940,0,1,0,1,0,1,1.0999999999999999,2619.753825113617,79.1665093824272,18676.74971706999,3597,0
1043.25,1.3,8.5,-2.4,2040.8297,65.67259,0.07960000000002765,0.0024000000000796717,0.00020000000017716957,-0.010676000000003683,-2.200000000129876e-05,8.000000008223651e-06,5941,0,1,0,1,0,1,1.0999999999999999,2619.6563959441264,79.16423844345339,18679.19871280795,3598,0
1043.5,1.3,8.5,-2.4,2040.9116,65.661896,0.08189999999990505,0.0022999999998774,-0.00010000000020227162,-0.01069400000000087,-1.7999999997186933e-05,4.0000000041118255e-06,5942,0,1,0,1,0,1,1.0999999999999999,2619.5590133434293,79.1619664692916,18681.647806825913,3599,0
1042.25,1.3,8.5,-2.4,2040.996,65.65117,0.08440000000018699,0.0025000000002819434,0.00020000000040454324,-0.010726000000005342,-3.2000000004472895e-05,-1.4000000007285962e-05,5943,0,1,0,1,0,1,1.0999999999999999,2619.461677708614,79.15969345508076,18684.09700212388,3600,0
1042.5,1.3,8.5,-2.4,2041.0826,65.64043,0.08659999999986212,0.0021999999996751285,-0.00030000000060681487,-0.010739999999998417,-1.3999999993075107e-05,1.8000000011397788e-05,5944,0,1,0,1,0,1,1.0999999999999999,2619.3643893860385,79.15741939899075,18686.546301341852,3601,0
1041.25,1.3,8.5,-2.4,2041.1718,65.629654,0.08920000000011896,0.0026000000002568413,0.0004000000005817128,-0.010775999999992791,-3.5999999994373866e-05,-2.200000000129876e-05,5945,0,1,0,1,0,1,1.0999999999999999,2619.267148789102,79.15514429549276,18688.995707599828,3602,0
1041.25,1.3,8.5,-2.4,2041.2632,65.61886,0.09140000000002146,0.002199999999902502,-0.00040000000035433914,-0.010794000000004189,-1.8000000011397788e-05,1.7999999982976078e-05,5946,0,1,0,1,0,1,1.0999999999999999,2619.1699562636622,79.15286814208844,18691.44522353781,3603,0
1041.5,1.3,8.5,-2.4,2041.357,65.60804,0.09379999999987376,0.002399999999852298,0.0001999999999497959,-0.010819999999995389,-2.599999999119973e-05,-7.999999979801942e-06,5947,0,1,0,1,0,1,1.0999999999999999,2619.072812188971,79.1505909349361,18693.894852035795,3604,0
1042.75,1.3,8.5,-2.4,2041.4532,65.59719,0.09619999999995343,0.0024000000000796717,2.2737367544323206e-13,-0.010850000000004911,-3.000000000952241e-05,-4.00000001832268e-06,5948,0,1,0,1,0,1,1.0999999999999999,2618.9757169440245,79.14831266952429,18696.344595973784,3605,0
1041.75,1.3,8.5,-2.4,2041.5519,65.58633,0.098700000000008,0.0025000000000545697,9.999999997489795e-05,-0.010859999999993875,-9.999999988963282e-06,2.0000000020559128e-05,5949,0,1,0,1,0,1,1.0999999999999999,2618.87867092437,79.14603334470588,18698.79445835178,3606,0
1041.25,1.3,8.5,-2.4,2041.653,65.57543,0.10110000000008768,0.0024000000000796717,-9.999999997489795e-05,-0.010900000000006571,-4.0000000012696546e-05,-3.0000000023733264e-05,5950,0,1,0,1,0,1,1.0999999999999999,2618.781674508486,79.14375295429339,18701.244442049778,3607,0
1039.75,1.3,8.5,-2.4,2041.7565,65.564514,0.10349999999993997,0.002399999999852298,-2.2737367544323206e-13,-0.010915999999994597,-1.5999999988025593e-05,2.4000000024670953e-05,5951,0,1,0,1,0,1,1.0999999999999999,2618.6847280745965,79.14147149613575,18703.69454994778,3608,0
1040.75,1.3,8.5,-2.4,2041.8624,65.55357,0.10590000000001965,0.0024000000000796717,2.2737367544323206e-13,-0.010944000000009169,-2.8000000014571924e-05,-1.2000000026546331e-05,5952,0,1,0,1,0,1,1.0999999999999999,2618.587832000672,79.13918896606752,18706.144784925793,3609,0
1039.75,1.3,8.5,-2.4,2041.9708,65.54261,0.10840000000007421,0.0025000000000545697,9.999999997489795e-05,-0.010959999999997194,-1.5999999988025593e-05,1.2000000026546331e-05,5953,0,1,0,1,0,1,1.0999999999999999,2618.4909866812227,79.13690536194156,18708.595149983805,3610,0
1038.75,1.3,8.5,-2.4,2042.0817,65.531624,0.11089999999990141,0.002499999999827196,-2.2737367544323206e-13,-0.010986000000002605,-2.6000000005410584e-05,-1.0000000017384991e-05,5954,0,1,0,1,0,1,1.0999999999999999,2618.3941925104955,79.13462067993282,18711.045648121824,3611,0
1039.75,1.3,8.5,-2.4,2042.195,65.52061,0.11329999999998108,0.0024000000000796717,-9.999999974752427e-05,-0.011013999999988755,-2.7999999986150215e-05,-1.9999999807396307e-06,5955,0,1,0,1,0,1,1.0999999999999999,2618.2974498656818,79.13233491588315,18713.49628221985,3612,0
1038.75,1.3,8.5,-2.4,2042.3108,65.50957,0.11580000000003565,0.0025000000000545697,9.999999997489795e-05,-0.011040000000008376,-2.600000001962144e-05,1.999999966528776e-06,5956,0,1,0,1,0,1,1.0999999999999999,2618.2007591405068,79.1300480659728,18715.94705527788,3613,0
1039.25,1.3,8.5,-2.4,2042.4291,65.49851,0.11830000000009022,0.0025000000000545697,0.0,-0.011060000000000514,-1.9999999992137418e-05,6.00000002748402e-06,5957,0,1,0,1,0,1,1.0999999999999999,2618.1041207284325,79.12776012739174,18718.39797029592,3614,0
1039.75,1.3,8.5,-2.4,2042.5498,65.48743,0.12069999999994252,0.002399999999852298,-0.00010000000020227162,-0.011079999999992651,-1.9999999992137418e-05,0.0,5958,0,1,0,1,0,1,1.0999999999999999,2618.0075350058737,79.12547109733177,18720.84903015396,3615,0
1041.25,1.3,8.5,-2.4,2042.6731,65.47631,0.12329999999997199,0.0026000000000294676,0.00020000000017716957,-0.011120000000005348,-4.0000000012696546e-05,-2.0000000020559128e-05,5959,0,1,0,1,0,1,1.0999999999999999,2617.9110023825506,79.12318096963087,18723.30023797201,3616,0
1041.0,1.3,8.5,-2.4,2042.799,65.46518,0.12590000000000146,0.0026000000000294676,0.0,-0.011129999999994311,-9.999999988963282e-06,3.0000000023733264e-05,5960,0,1,0,1,0,1,1.0999999999999999,2617.814523267908,79.1208897431639,18725.751596870065,3617,0
1041.75,1.3,8.5,-2.4,2042.9272,65.45402,0.12820000000010623,0.002300000000104774,-0.00029999999992469384,-0.011160000000003834,-3.000000000952241e-05,-2.0000000020559128e-05,5961,0,1,0,1,0,1,1.0999999999999999,2617.7180980207986,79.11859741345187,18728.203109608123,3618,0
1042.75,1.3,8.5,-2.4,2043.0581,65.44284,0.13089999999988322,0.002699999999776992,0.0003999999996722181,-0.011179999999995971,-1.9999999992137418e-05,1.0000000017384991e-05,5962,0,1,0,1,0,1,1.0999999999999999,2617.6217270669126,79.1163039776958,18730.65477942619,3619,0
1041.75,1.3,8.5,-2.4,2043.1915,65.43163,0.1333999999999378,0.0025000000000545697,-0.00019999999972242222,-0.011210000000005493,-3.000000000952241e-05,-1.0000000017384991e-05,5963,0,1,0,1,0,1,1.0999999999999999,2617.5254107981223,79.11400943142186,18733.106609324263,3620,0
1040.75,1.3,8.5,-2.4,2043.3274,65.4204,0.13589999999999236,0.0025000000000545697,0.0,-0.01122999999999763,-1.9999999992137418e-05,1.0000000017384991e-05,5964,0,1,0,1,0,1,1.0999999999999999,2617.429149606035,79.11171377183571,18735.558602302342,3621,0
1039.75,1.3,8.5,-2.4,2043.466,65.40914,0.13859999999999673,0.0027000000000043656,0.0001999999999497959,-0.011260000000007153,-3.000000000952241e-05,-1.0000000017384991e-05,5965,0,1,0,1,0,1,1.0999999999999999,2617.3329439155214,79.10941699446865,18738.01076160043,3622,0
1040.75,1.3,8.5,-2.4,2043.607,65.397865,0.1410000000000764,0.0024000000000796717,-0.00029999999992469384,-0.011274999999997704,-1.499999999055035e-05,1.500000001897206e-05,5966,0,1,0,1,0,1,1.0999999999999999,2617.2367941008883,79.10711909736885,18740.463090098525,3623,0
1042.25,1.3,8.5,-2.4,2043.7507,65.38656,0.14370000000008076,0.0027000000000043656,0.00029999999992469384,-0.011304999999993015,-2.9999999995311555e-05,-1.5000000004761205e-05,5967,0,1,0,1,0,1,1.0999999999999999,2617.140700586461,79.10482007607239,18742.915591036624,3624,0
1039.75,1.2,8.5,-2.4,2043.897,65.37524,0.14629999999988286,0.002599999999802094,-0.00010000000020227162,-0.011319999999997776,-1.5000000004761205e-05,1.499999999055035e-05,5968,0,1,0,1,0,1,1.2,2617.0446637795276,79.10251992863127,18745.36826753473,3625,0
1038.75,1.2,8.5,-2.4,2044.0458,65.363884,0.1488000000001648,0.0025000000002819434,-9.99999995201506e-05,-0.011356000000006361,-3.600000000858472e-05,-2.1000000003823516e-05,5969,0,1,0,1,0,1,1.2,2616.9486840703516,79.10021864958124,18747.821122592846,3626,0
1039.75,1.2,8.5,-2.4,2044.1973,65.35251,0.1514999999999418,0.002699999999776992,0.00019999999949504854,-0.011374000000003548,-1.7999999997186933e-05,1.8000000011397788e-05,5970,0,1,0,1,0,1,1.2,2616.852761882432,79.09791623647631,18750.274159450968,3627,0
1039.5,1.2,8.5,-2.4,2044.3513,65.34111,0.15399999999999636,0.0025000000000545697,-0.00019999999972242222,-0.011399999999994748,-2.599999999119973e-05,-7.999999994012796e-06,5971,0,1,0,1,0,1,1.2,2616.756897605492,79.09561268553249,18752.727381109096,3628,0
1040.25,1.2,8.5,-2.4,2044.508,65.32968,0.15670000000000073,0.0027000000000043656,0.0001999999999497959,-0.01143000000000427,-3.000000000952241e-05,-4.00000001832268e-06,5972,0,1,0,1,0,1,1.2,2616.6610916624813,79.09330799229868,18755.18079080723,3629,0
1042.75,1.2,8.5,-2.4,2044.6674,65.31824,0.1594000000000051,0.0027000000000043656,0.0,-0.011439999999993233,-9.999999988963282e-06,2.0000000020559128e-05,5973,0,1,0,1,0,1,1.2,2616.5653444760633,79.09100215567459,18757.634391785374,3630,0
1043.25,1.2,8.5,-2.4,2044.8293,65.30676,0.16190000000005966,0.0025000000000545697,-0.0001999999999497959,-0.01148000000000593,-4.0000000012696546e-05,-3.0000000023733264e-05,5974,0,1,0,1,0,1,1.2,2616.4696564351466,79.08869516953975,18760.088187043526,3631,0
1044.25,1.2,8.5,-2.4,2044.994,65.295265,0.16469999999981155,0.00279999999975189,0.00029999999969732016,-0.01149499999999648,-1.499999999055035e-05,2.5000000022146196e-05,5975,0,1,0,1,0,1,1.2,2616.3740279785807,79.08638703196118,18762.542179941687,3632,0
1042.25,1.2,8.5,-2.4,2045.1613,65.283745,0.1673000000000684,0.0026000000002568413,-0.00019999999949504854,-0.011520000000004416,-2.500000000793534e-05,-1.0000000017384991e-05,5976,0,1,0,1,0,1,1.2,2616.2784595114604,79.08407773933412,18764.996373599854,3633,0
1039.75,1.2,8.5,-2.4,2045.3313,65.2722,0.17000000000007276,0.0027000000000043656,9.999999974752427e-05,-0.01154499999999814,-2.4999999993724487e-05,1.4210854715202004e-14,5977,0,1,0,1,0,1,1.2,2616.1829514553365,79.08176728805621,18767.45077125803,3634,0
1039.75,1.2,8.5,-2.4,2045.5039,65.26063,0.17259999999987485,0.002599999999802094,-0.00010000000020227162,-0.011569999999991865,-2.4999999993724487e-05,0.0,5978,0,1,0,1,0,1,1.2,2616.087504214752,79.07945567452751,18769.905376036215,3635,0
1040.0,1.2,8.5,-2.4,2045.6793,65.24904,0.1754000000000815,0.002800000000206637,0.00020000000040454324,-0.011590000000012424,-2.0000000020559128e-05,4.999999973165359e-06,5979,0,1,0,1,0,1,1.2,2615.9921182274247,79.07714289598663,18772.360191294407,3636,0
1040.75,1.2,8.5,-2.4,2045.8573,65.23742,0.17799999999988358,0.002599999999802094,-0.00020000000040454324,-0.011619999999993524,-2.99999999811007e-05,-9.999999960541572e-06,5980,0,1,0,1,0,1,1.2,2615.896793897342,79.07482894800201,18774.81522015261,3637,0
1040.75,1.2,8.5,-2.4,2046.0381,65.22578,0.18080000000009022,0.002800000000206637,0.00020000000040454324,-0.011639999999999873,-2.0000000006348273e-05,9.999999974752427e-06,5981,0,1,0,1,0,1,1.2,2615.8015316616516,79.07251382781678,18777.270465970818,3638,0
1039.75,1.2,8.5,-2.4,2046.2216,65.21411,0.1835000000000946,0.0027000000000043656,-0.00010000000020227162,-0.011669999999995184,-2.9999999995311555e-05,-9.999999988963282e-06,5982,0,1,0,1,0,1,1.2,2615.706331940498,79.07019753100451,18779.725931989036,3639,0
1039.75,1.2,8.5,-2.4,2046.4078,65.20242,0.18619999999987158,0.002699999999776992,-2.2737367544323206e-13,-0.011690000000001532,-2.0000000006348273e-05,9.999999988963282e-06,5983,0,1,0,1,0,1,1.2,2615.611195153743,79.06788005481283,18782.181621447264,3640,0
1040.25,1.2,8.5,-2.4,2046.5968,65.190704,0.18900000000007822,0.002800000000206637,0.0001000000004296453,-0.011716000000006943,-2.6000000005410584e-05,-5.999999999062311e-06,5984,0,1,0,1,0,1,1.2,2615.5161217376776,79.06556139548871,18784.6375377055,3641,0
1039.25,1.2,8.5,-2.4,2046.7885,65.17897,0.19170000000008258,0.0027000000000043656,-0.00010000000020227162,-0.01173399999998992,-1.7999999982976078e-05,8.000000022434506e-06,5985,0,1,0,1,0,1,1.2,2615.4211121115936,79.06324155061812,18787.093684003747,3642,0
1040.75,1.2,8.5,-2.4,2046.9829,65.167206,0.19439999999985957,0.002699999999776992,-2.2737367544323206e-13,-0.011764000000013652,-3.0000000023733264e-05,-1.2000000040757186e-05,5986,0,1,0,1,0,1,1.2,2615.3261666945045,79.0609205157842,18789.550063582003,3643,0
1042.25,1.2,8.5,-2.4,2047.1802,65.15542,0.1973000000000411,0.002900000000181535,0.00020000000040454324,-0.01178599999998653,-2.199999997287705e-05,8.000000050856215e-06,5987,0,1,0,1,0,1,1.2,2615.231285938544,79.05859828790915,18792.00667992027,3644,0
1042.25,1.2,8.5,-2.4,2047.3801,65.14361,0.19990000000007058,0.0026000000000294676,-0.0003000000001520675,-0.0118100000000112,-2.4000000024670953e-05,-2.0000000517939043e-06,5988,0,1,0,1,0,1,1.2,2615.13647024545,79.05627486358324,18794.46353613854,3645,0
1040.25,1.2,8.5,-2.4,2047.5829,65.131775,0.20280000000002474,0.0028999999999541615,0.00029999999992469384,-0.011834999999990714,-2.4999999979513632e-05,-9.999999548426786e-07,5989,0,1,0,1,0,1,1.2,2615.041720066778,79.05395023923205,18796.920635716826,3646,0
1039.25,1.2,8.5,-2.4,2047.7885,65.11992,0.205600000000004,0.0027999999999792635,-9.999999997489795e-05,-0.011855000000011273,-2.0000000020559128e-05,4.999999958954504e-06,5990,0,1,0,1,0,1,1.2,2614.947035837089,79.05162441211817,18799.377982015118,3647,0
1039.25,1.2,8.5,-2.4,2047.9968,65.10803,0.208299999999781,0.002699999999776992,-0.00010000000020227162,-0.011889999999993961,-3.499999998268777e-05,-1.499999996212864e-05,5991,0,1,0,1,0,1,1.2,2614.852417973965,79.04929737700267,18801.83557827342,3648,0
1041.25,1.2,8.5,-2.4,2048.208,65.09612,0.2112000000001899,0.002900000000408909,0.00020000000063191692,-0.01191000000000031,-2.0000000006348273e-05,1.4999999976339495e-05,5992,0,1,0,1,0,1,1.2,2614.757866928083,79.046969131153,18804.293427971737,3649,0
1041.0,1.2,8.5,-2.4,2048.422,65.08419,0.2139999999999418,0.00279999999975189,-0.00010000000065701897,-0.011929999999992447,-1.9999999992137418e-05,1.4210854715202004e-14,5993,0,1,0,1,0,1,1.2,2614.663383133133,79.04463967183851,18806.751534470062,3650,0
1041.75,1.2,8.5,-2.4,2048.639,65.072235,0.21700000000009823,0.003000000000156433,0.00020000000040454324,-0.011955000000000382,-2.500000000793534e-05,-5.000000015797923e-06,5994,0,1,0,1,0,1,1.2,2614.56896705588,79.04230899549624,18809.209901368395,3651,0
1043.25,1.2,8.5,-2.4,2048.8586,65.06026,0.21959999999990032,0.002599999999802094,-0.00040000000035433914,-0.01197500000000673,-2.0000000006348273e-05,5.000000001587068e-06,5995,0,1,0,1,0,1,1.2,2614.474619096064,79.0399770993996,18811.66853178674,3652,0
1043.75,1.2,8.5,-2.4,2049.081,65.048256,0.22240000000010696,0.002800000000206637,0.00020000000040454324,-0.012004000000004567,-2.8999999997836312e-05,-8.999999991488039e-06,5996,0,1,0,1,0,1,1.2,2614.38033968651,79.037643979323,18814.127429085096,3653,0
1044.25,1.2,8.5,-2.4,2049.3066,65.036224,0.22559999999975844,0.0031999999996514816,0.00039999999944484443,-0.012031999999990717,-2.7999999986150215e-05,1.0000000116860974e-06,5997,0,1,0,1,0,1,1.2,2614.2861293264423,79.03530963121041,18816.586597103465,3654,0
1044.25,1.2,8.5,-2.4,2049.535,65.02418,0.22839999999996508,0.002800000000206637,-0.00039999999944484443,-0.012044000000003052,-1.2000000012335477e-05,1.5999999973814738e-05,5998,0,1,0,1,0,1,1.2,2614.191988448075,79.03297405367562,18819.046039201843,3655,0
1044.5,1.2,8.5,-2.4,2049.7659,65.0121,0.23090000000001965,0.0025000000000545697,-0.0003000000001520675,-0.012079999999997426,-3.5999999994373866e-05,-2.399999998203839e-05,5999,0,1,0,1,0,1,1.2,2614.0979174333334,79.03063724133334,18821.50575838023,3656,0
1044.25,1.2,8.5,-2.4,2050.0,65.0,0.23410000000012587,0.003200000000106229,0.0007000000000516593,-0.012100000000003774,-2.0000000006348273e-05,1.5999999988025593e-05,6000,0,1,0,1,0,1,1.2,2614.0039167805367,79.0282991914681,18823.96575847863,3657,0
1044.5,1.2,8.5,-2.4,2050.2368,64.98788,0.23680000000013024,0.0027000000000043656,-0.0005000000001018634,-0.012119999999995912,-1.9999999992137418e-05,1.4210854715202004e-14,6001,0,1,0,1,0,1,1.2,2613.9099869043653,79.0259599013662,18826.426042737043,3658,0
1043.25,1.2,8.5,-2.4,2050.4768,64.97573,0.23999999999978172,0.0031999999996514816,0.0004999999996471161,-0.012150000000005434,-3.000000000952241e-05,-1.0000000017384991e-05,6002,0,1,0,1,0,1,1.2,2613.8161283025156,79.02361936665001,18828.886614995463,3659,0
1042.25,1.2,8.5,-2.4,2050.7195,64.963554,0.24270000000024083,0.002700000000459113,-0.0004999999991923687,-0.012175999999996634,-2.599999999119973e-05,4.00000001832268e-06,6003,0,1,0,1,0,1,1.2,2613.722341389074,79.02127758361092,18831.3474784939,3660,0
1041.75,1.2,8.5,-2.4,2050.965,64.95136,0.24549999999999272,0.00279999999975189,9.999999929277692e-05,-0.012194000000008032,-1.8000000011397788e-05,7.999999979801942e-06,6004,0,1,0,1,0,1,1.2,2613.6286265945046,79.01893454987511,18833.808636592345,3661,0
1040.75,1.2,8.5,-2.4,2051.2134,64.93914,0.24839999999994689,0.0028999999999541615,0.00010000000020227162,-0.012219999999999231,-2.599999999119973e-05,-7.999999979801942e-06,6005,0,1,0,1,0,1,1.2,2613.5349843656345,79.01659026173826,18836.270092770803,3662,0
1040.75,1.2,8.5,-2.4,2051.4646,64.9269,0.2511999999996988,0.00279999999975189,-0.00010000000020227162,-0.012239999999991369,-1.9999999992137418e-05,5.999999999062311e-06,6006,0,1,0,1,0,1,1.2,2613.441415132346,79.01424471649742,18838.731850389275,3663,0
1040.25,1.2,8.5,-2.4,2051.7185,64.914635,0.2539000000001579,0.002700000000459113,-9.999999929277692e-05,-0.012264999999999304,-2.500000000793534e-05,-5.000000015797923e-06,6007,0,1,0,1,0,1,1.2,2613.34791930759,79.01189791061917,18841.193912687755,3664,0
1041.25,1.2,8.5,-2.4,2051.9753,64.90235,0.25680000000011205,0.0028999999999541615,0.00019999999949504854,-0.012285000000005653,-2.0000000006348273e-05,5.000000001587068e-06,6008,0,1,0,1,0,1,1.2,2613.2544973373274,79.00954984140456,18843.65628314625,3665,0
1041.75,1.2,8.5,-2.4,2052.235,64.89004,0.2597000000000662,0.0028999999999541615,0.0,-0.012309999999999377,-2.4999999993724487e-05,-4.9999999873762135e-06,6009,0,1,0,1,0,1,1.2,2613.1611496672213,79.00720050532446,18846.118965244757,3666,0
1041.75,1.2,8.5,-2.4,2052.4976,64.87771,0.2626000000000204,0.0028999999999541615,0.0,-0.012330000000005725,-2.0000000006348273e-05,4.9999999873762135e-06,6010,0,1,0,1,0,1,1.2,2613.0678767426384,79.0048498996839,18848.58196246328,3667,0
1041.75,1.2,8.5,-2.4,2052.7627,64.86535,0.26510000000007494,0.0025000000000545697,-0.0003999999998995918,-0.012359999999986826,-2.99999999811007e-05,-9.999999974752427e-06,6011,0,1,0,1,0,1,1.2,2612.9746789421156,79.00249802012642,18851.04527780181,3668,0
1042.75,1.2,8.5,-2.4,2053.0305,64.852974,0.26779999999962456,0.0026999999995496182,0.00019999999949504854,-0.012376000000003273,-1.6000000016447302e-05,1.3999999964653398e-05,6012,0,1,0,1,0,1,1.2,2612.8815566771996,79.00014486462665,18853.508914500355,3669,0
1042.25,1.2,8.5,-2.4,2053.3013,64.840576,0.27080000000023574,0.0030000000006111804,0.0003000000010615622,-0.012398000000004572,-2.200000000129876e-05,-5.999999984851456e-06,6013,0,1,0,1,0,1,1.2,2612.7885104090456,78.99779043016295,18855.972876158914,3670,0
1043.75,1.2,8.5,-2.4,2053.5745,64.828156,0.27320000000008804,0.002399999999852298,-0.0006000000007588824,-0.01241999999999166,-2.1999999987087904e-05,1.4210854715202004e-14,6014,0,1,0,1,0,1,1.2,2612.6955404987534,78.99543471371571,18858.437165657488,3671,0
1043.5,1.2,8.5,-2.4,2053.8506,64.81572,0.2761000000000422,0.0028999999999541615,0.0005000000001018634,-0.012436000000008107,-1.6000000016447302e-05,5.9999999706406015e-06,6015,0,1,0,1,0,1,1.2,2612.6026473902925,78.99307771326463,18860.90178647607,3672,0
1043.5,1.2,8.5,-2.4,2054.1294,64.80325,0.2787999999995918,0.0026999999995496182,-0.00020000000040454324,-0.01246999999999332,-3.3999999985212526e-05,-1.7999999968765223e-05,6016,0,1,0,1,0,1,1.2,2612.5098314941,78.99071942379923,18863.36674185467,3673,0
1043.75,1.2,8.5,-2.4,2054.411,64.79077,0.2816000000002532,0.0028000000006613845,0.00010000000111176632,-0.012480000000010705,-1.0000000017384991e-05,2.3999999967827534e-05,6017,0,1,0,1,0,1,1.2,2612.4170932369557,78.98835984430043,18865.832035153282,3674,0
1044.0,1.2,8.5,-2.4,2054.695,64.77827,0.2840000000001055,0.002399999999852298,-0.0004000000008090865,-0.012499999999988631,-1.9999999977926564e-05,-9.999999960541572e-06,6018,0,1,0,1,0,1,1.2,2612.3244329789,78.98599897208838,18868.297669251908,3675,0
1045.75,1.2,8.5,-2.4,2054.9817,64.76575,0.2866999999996551,0.0026999999995496182,0.00029999999969732016,-0.01252000000000919,-2.0000000020559128e-05,-4.263256414560601e-14,6019,0,1,0,1,0,1,1.2,2612.231851129568,78.98363680448504,18870.763647390544,3676,0
1044.25,1.2,8.5,-2.4,2055.2712,64.7532,0.2895000000003165,0.0028000000006613845,0.00010000000111176632,-0.012549999999990291,-2.99999999811007e-05,-9.999999960541572e-06,6020,0,1,0,1,0,1,1.2,2612.139348114931,78.9812733371533,18873.2299729292,3677,0
1044.75,1.2,8.5,-2.4,2055.5632,64.74063,0.2919999999999163,0.0024999999995998223,-0.0003000000010615622,-0.01257000000001085,-2.0000000020559128e-05,9.999999960541572e-06,6021,0,1,0,1,0,1,1.2,2612.04692431086,78.97890856741947,18875.696648867866,3678,0
1045.0,1.2,8.5,-2.4,2055.858,64.72805,0.29480000000012296,0.002800000000206637,0.00030000000060681487,-0.012579999999999814,-9.999999988963282e-06,1.0000000031595846e-05,6022,0,1,0,1,0,1,1.2,2611.954580142786,78.97654249427197,18878.163678566547,3679,0
1045.0,1.2,8.5,-2.4,2056.1553,64.71545,0.2972999999997228,0.0024999999995998223,-0.00030000000060681487,-0.012599999999991951,-1.9999999992137418e-05,-1.0000000003174137e-05,6023,0,1,0,1,0,1,1.2,2611.862315986056,78.97417511503984,18880.63106502524,3680,0
1046.25,1.2,8.5,-2.4,2056.455,64.70282,0.29970000000002983,0.0024000000003070454,-9.999999929277692e-05,-0.012630000000001473,-3.000000000952241e-05,-1.0000000017384991e-05,6024,0,1,0,1,0,1,1.2,2611.77013219917,78.97180642539419,18883.098811123953,3681,0
1044.25,1.2,8.5,-2.4,2056.7576,64.69018,0.302599999999984,0.0028999999999541615,0.0004999999996471161,-0.012640000000004648,-1.0000000003174137e-05,2.0000000006348273e-05,6025,0,1,0,1,0,1,1.2,2611.6780292233652,78.96943642432791,18885.566920342677,3682,0
1044.75,1.2,8.5,-2.4,2057.0625,64.67751,0.30490000000008877,0.002300000000104774,-0.0005999999998493877,-0.012669999999999959,-2.9999999995311555e-05,-1.9999999992137418e-05,6026,0,1,0,1,0,1,1.2,2611.586007400033,78.96706510751618,18888.035395441417,3683,0
1045.0,1.2,8.5,-2.4,2057.37,64.66483,0.30749999999989086,0.002599999999802094,0.00029999999969732016,-0.012680000000003133,-1.0000000003174137e-05,1.9999999992137418e-05,6027,0,1,0,1,0,1,1.2,2611.494067120106,78.96469247395488,18890.50423954017,3684,0
1043.75,1.2,8.5,-2.4,2057.6802,64.65213,0.3101999999998952,0.0027000000000043656,0.00010000000020227162,-0.01269999999999527,-1.9999999992137418e-05,-9.999999988963282e-06,6028,0,1,0,1,0,1,1.2,2611.4022087908443,78.96231852098192,18892.97345587894,3685,0
1042.75,1.2,8.5,-2.4,2057.9927,64.63941,0.3125,0.002300000000104774,-0.0003999999998995918,-0.012720000000001619,-2.0000000006348273e-05,-1.4210854715202004e-14,6029,0,1,0,1,0,1,1.2,2611.310432752902,78.95994324593698,18895.443047217723,3686,0
1042.75,1.2,8.5,-2.4,2058.3079,64.62667,0.31520000000000437,0.0027000000000043656,0.0003999999998995918,-0.012739999999993756,-1.9999999992137418e-05,1.4210854715202004e-14,6030,0,1,0,1,0,1,1.2,2611.2187394130324,78.95756664616151,18897.91301679652,3687,0
1044.75,1.2,8.5,-2.4,2058.6255,64.613914,0.3176000000003114,0.0024000000003070454,-0.00029999999969732016,-0.012756000000010204,-1.6000000016447302e-05,3.999999975690116e-06,6031,0,1,0,1,0,1,1.2,2611.127129127984,78.9551887196618,18900.383367495335,3688,0
1046.75,1.2,8.5,-2.4,2058.9456,64.60114,0.32009999999991123,0.0024999999995998223,9.999999929277692e-05,-0.01277399999999318,-1.7999999982976078e-05,-1.999999966528776e-06,6032,0,1,0,1,0,1,1.2,2611.035602270844,78.95280946411404,18902.854102314162,3689,0
1045.75,1.2,8.5,-2.4,2059.268,64.58835,0.322400000000016,0.002300000000104774,-0.00019999999949504854,-0.012789999999995416,-1.6000000002236447e-05,1.9999999807396307e-06,6033,0,1,0,1,0,1,1.2,2610.944159181306,78.95042887752734,18905.32522401301,3690,0
1045.25,1.2,8.5,-2.4,2059.593,64.57554,0.3249999999998181,0.002599999999802094,0.00029999999969732016,-0.012810000000001764,-2.0000000006348273e-05,-4.0000000041118255e-06,6034,0,1,0,1,0,1,1.2,2610.85280024855,78.94804695724939,18907.79673571187,3691,0
1043.75,1.2,8.5,-2.4,2059.9204,64.56271,0.32740000000012515,0.0024000000003070454,-0.00019999999949504854,-0.012830000000008113,-2.0000000006348273e-05,0.0,6035,0,1,0,1,0,1,1.2,2610.761525828363,78.94566370062955,18910.268640290746,3692,0
1043.75,1.2,8.5,-2.4,2060.2502,64.549866,0.32979999999997744,0.002399999999852298,-4.547473508864641e-13,-0.012844000000001188,-1.3999999993075107e-05,6.000000013273166e-06,6036,0,1,0,1,0,1,1.2,2610.670336276296,78.94327910601292,18912.74094062964,3693,0
1043.5,1.2,8.5,-2.4,2060.5825,64.537,0.332300000000032,0.0025000000000545697,0.00010000000020227162,-0.012865999999988276,-2.1999999987087904e-05,-7.999999994012796e-06,6037,0,1,0,1,0,1,1.2,2610.5792319642264,78.94089317042068,18915.213639728547,3694,0
1042.75,1.2,8.5,-2.4,2060.9172,64.524124,0.3346999999998843,0.002399999999852298,-0.00010000000020227162,-0.01287600000000566,-1.0000000017384991e-05,1.1999999969702912e-05,6038,0,1,0,1,0,1,1.2,2610.4882132472267,78.93850589286306,18917.68674046747,3695,0
1043.0,1.2,8.5,-2.4,2061.2544,64.51123,0.3371999999999389,0.0025000000000545697,0.00010000000020227162,-0.012894000000002848,-1.7999999997186933e-05,-7.999999979801942e-06,6039,0,1,0,1,0,1,1.2,2610.397280496689,78.93611727102649,18920.16024584641,3696,0
1041.75,1.2,8.5,-2.4,2061.5938,64.49832,0.33940000000029613,0.0022000000003572495,-0.00029999999969732016,-0.012909999999990873,-1.5999999988025593e-05,2.00000000916134e-06,6040,0,1,0,1,0,1,1.2,2610.3064340341,78.93372730292998,18922.634158505367,3697,0
1041.75,1.2,8.5,-2.4,2061.9355,64.48539,0.34169999999994616,0.0022999999996500264,9.999999929277692e-05,-0.012930000000011432,-2.0000000020559128e-05,-4.000000032533535e-06,6041,0,1,0,1,0,1,1.2,2610.2156741972854,78.93133598593181,18925.108481204337,3698,0
1040.75,1.2,8.5,-2.4,2062.2798,64.47245,0.34429999999974825,0.002599999999802094,0.0003000000001520675,-0.012940000000000396,-9.999999988963282e-06,1.0000000031595846e-05,6042,0,1,0,1,0,1,1.2,2610.1250013734902,78.92894331904684,18927.58321706333,3699,0
1040.75,1.2,8.5,-2.4,2062.6262,64.45949,0.346400000000358,0.0021000000006097252,-0.0004999999991923687,-0.012959999999992533,-1.9999999992137418e-05,-1.0000000003174137e-05,6043,0,1,0,1,0,1,1.2,2610.0344158669755,78.92654929963601,18930.058368602335,3700,0
1041.75,1.2,8.5,-2.4,2062.975,64.44651,0.34879999999975553,0.0023999999993975507,0.00029999999878782546,-0.012979999999998881,-2.0000000006348273e-05,-1.4210854715202004e-14,6044,0,1,0,1,0,1,1.2,2609.943918031431,78.92415392506203,18932.53393870136,3701,0
1042.25,1.2,8.5,-2.4,2063.3262,64.43352,0.3512000000000626,0.0024000000003070454,9.094947017729282e-13,-0.012990000000002055,-1.0000000003174137e-05,1.0000000003174137e-05,6045,0,1,0,1,0,1,1.2,2609.8535082203107,78.92175719434337,18935.009930240398,3702,0
1042.5,1.2,8.5,-2.4,2063.6794,64.42052,0.3532000000000153,0.0019999999999527063,-0.00040000000035433914,-0.01300000000000523,-1.0000000003174137e-05,0.0,6046,0,1,0,1,0,1,1.2,2609.763186720688,78.91935910649909,18937.486345619454,3703,0
1044.25,1.2,8.5,-2.4,2064.0352,64.40749,0.3557999999998174,0.002599999999802094,0.0005999999998493877,-0.013030000000000541,-2.9999999995311555e-05,-1.9999999992137418e-05,6047,0,1,0,1,0,1,1.2,2609.672953918651,78.91695965724206,18939.96318795853,3704,0
1044.5,1.2,8.5,-2.4,2064.393,64.394455,0.3578000000002248,0.0020000000004074536,-0.0005999999993946403,-0.013035000000002128,-5.000000001587068e-06,2.4999999993724487e-05,6048,0,1,0,1,0,1,1.2,2609.582810100843,78.91455884642089,18942.440459657617,3705,0
1044.25,1.2,8.5,-2.4,2064.7534,64.3814,0.3604000000000269,0.002599999999802094,0.0005999999993946403,-0.013054999999994266,-1.9999999992137418e-05,-1.499999999055035e-05,6049,0,1,0,1,0,1,1.2,2609.492755652893,78.91215667140496,18944.918163836726,3706,0
1044.75,1.2,8.5,-2.4,2065.1157,64.36834,0.36229999999977736,0.0018999999997504347,-0.0007000000000516593,-0.013059999999995853,-5.000000001587068e-06,1.499999999055035e-05,6050,0,1,0,1,0,1,1.2,2609.4027908444887,78.90975313204429,18947.39630277585,3707,0
1044.75,1.2,8.5,-2.4,2065.4805,64.355255,0.3648000000002867,0.002500000000509317,0.0006000000007588824,-0.013085000000003788,-2.500000000793534e-05,-2.0000000006348273e-05,6051,0,1,0,1,0,1,1.2,2609.3129160442827,78.90734822488433,18949.874879474995,3708,0
1044.5,1.2,8.5,-2.4,2065.8474,64.34216,0.3668999999999869,0.0020999999997002305,-0.0004000000008090865,-0.013094999999992751,-9.999999988963282e-06,1.500000001897206e-05,6052,0,1,0,1,0,1,1.2,2609.223131554601,78.90494194895093,18952.353896454155,3709,0
1044.75,1.2,8.5,-2.4,2066.2166,64.329056,0.3692000000000917,0.002300000000104774,0.00020000000040454324,-0.013104000000012661,-9.000000019909749e-06,9.999999690535333e-07,6053,0,1,0,1,0,1,1.2,2609.1334377106045,78.90253430343574,18954.833356473333,3710,0
1045.25,1.2,8.5,-2.4,2066.5876,64.31593,0.37099999999963984,0.001799999999548163,-0.0005000000005566108,-0.013125999999999749,-2.1999999987087904e-05,-1.2999999967178155e-05,6054,0,1,0,1,0,1,1.2,2609.0438347646573,78.90012528538398,18957.31326169253,3711,0
1045.0,1.2,8.5,-2.4,2066.9612,64.302795,0.37360000000035143,0.0026000000007115887,0.0008000000011634256,-0.013134999999991237,-8.999999991488039e-06,1.2999999995599865e-05,6055,0,1,0,1,0,1,1.2,2608.9543231010566,78.89771489398943,18959.793615231745,3712,0
1044.75,1.2,8.5,-2.4,2067.3367,64.28965,0.3754999999996471,0.0018999999992956873,-0.0007000000014159014,-0.013145000000008622,-1.0000000017384991e-05,-1.0000000258969521e-06,6056,0,1,0,1,0,1,1.2,2608.864902988278,78.89530312828133,18962.274419370977,3713,0
1043.75,1.2,8.5,-2.4,2067.7144,64.27649,0.37770000000000437,0.0022000000003572495,0.0003000000010615622,-0.013159999999999172,-1.499999999055035e-05,-4.999999973165359e-06,6057,0,1,0,1,0,1,1.2,2608.77557474414,78.89288998646418,18964.75567675023,3714,0
1043.25,1.2,8.5,-2.4,2068.0942,64.26331,0.37980000000015934,0.002100000000154978,-0.00010000000020227162,-0.01317999999999131,-1.9999999992137418e-05,-5.000000001587068e-06,6058,0,1,0,1,0,1,1.2,2608.686338669748,78.89047546591847,18967.237389889495,3715,0
1043.0,1.2,8.5,-2.4,2068.4763,64.25012,0.38209999999980937,0.0022999999996500264,0.00019999999949504854,-0.013190000000008695,-1.0000000017384991e-05,9.999999974752427e-06,6059,0,1,0,1,0,1,1.2,2608.5971950990097,78.88805956567657,18969.719561548784,3716,0
1043.0,1.2,8.5,-2.4,2068.8604,64.23692,0.3841000000002168,0.0020000000004074536,-0.0002999999992425728,-0.013199999999997658,-9.999999988963282e-06,2.842170943040401e-14,6060,0,1,0,1,0,1,1.2,2608.5081443161193,78.88564228477149,18972.202194128087,3717,0
1043.75,1.2,8.5,-2.4,2069.2466,64.22371,0.38619999999991705,0.0020999999997002305,9.999999929277692e-05,-0.013210000000000832,-1.0000000003174137e-05,-1.4210854715202004e-14,6061,0,1,0,1,0,1,1.2,2608.419186621577,78.88322362223688,18974.685290147412,3718,0
1043.5,1.2,8.5,-2.4,2069.6348,64.21049,0.38819999999986976,0.0019999999999527063,-9.999999974752427e-05,-0.013220000000004006,-1.0000000003174137e-05,0.0,6062,0,1,0,1,0,1,1.2,2608.3303222991917,78.88080357710705,18977.168852006755,3719,0
1042.25,1.2,8.5,-2.4,2070.0251,64.19725,0.39030000000002474,0.002100000000154978,0.00010000000020227162,-0.013239999999996144,-1.9999999992137418e-05,-9.999999988963282e-06,6063,0,1,0,1,0,1,1.2,2608.241551649077,78.8783821467678,18979.652882226113,3720,0
1042.5,1.2,8.5,-2.4,2070.4175,64.184,0.3924000000001797,0.002100000000154978,0.0,-0.013249999999999318,-1.0000000003174137e-05,9.999999988963282e-06,6064,0,1,0,1,0,1,1.2,2608.152874971146,78.87595933025557,18982.137383325495,3721,0
1041.25,1.2,8.5,-2.4,2070.812,64.17074,0.39449999999987995,0.0020999999997002305,-4.547473508864641e-13,-0.013260000000002492,-1.0000000003174137e-05,0.0,6065,0,1,0,1,0,1,1.2,2608.0642925651173,78.87353512660732,18984.622357824894,3722,0
1040.25,1.2,8.5,-2.4,2071.2083,64.15747,0.39629999999988286,0.0018000000000029104,-0.00029999999969732016,-0.013269999999991455,-9.999999988963282e-06,1.4210854715202004e-14,6066,0,1,0,1,0,1,1.2,2607.9758046810616,78.87110953486072,18987.107807884313,3723,0
1041.25,1.2,8.5,-2.4,2071.6067,64.14419,0.39840000000003783,0.002100000000154978,0.0003000000001520675,-0.01328000000000884,-1.0000000017384991e-05,-2.842170943040401e-14,6067,0,1,0,1,0,1,1.2,2607.8874116183256,78.86868255405406,18989.593736023748,3724,0
1041.25,1.2,8.5,-2.4,2072.0073,64.13089,0.4006000000003951,0.0022000000003572495,0.00010000000020227162,-0.013300000000000978,-1.9999999992137418e-05,-9.999999974752427e-06,6068,0,1,0,1,0,1,1.2,2607.799113692536,78.86625418157851,18992.080144883206,3725,0
1041.75,1.2,8.5,-2.4,2072.4097,64.117584,0.40239999999994325,0.001799999999548163,-0.0004000000008090865,-0.01330600000000004,-5.999999999062311e-06,1.3999999993075107e-05,6069,0,1,0,1,0,1,1.2,2607.7109111532122,78.86382441713344,18994.56703662268,3726,0
1042.75,1.2,8.5,-2.4,2072.814,64.10427,0.4042999999996937,0.0018999999997504347,0.00010000000020227162,-0.013313999999994053,-7.999999994012796e-06,-1.9999999949504854e-06,6070,0,1,0,1,0,1,1.2,2607.6228042661837,78.86139326008895,18997.054413522175,3727,0
1041.25,1.2,8.5,-2.4,2073.2205,64.09094,0.40650000000005093,0.0022000000003572495,0.00030000000060681487,-0.01332999999999629,-1.6000000002236447e-05,-8.000000008223651e-06,6071,0,1,0,1,0,1,1.2,2607.5347933465086,78.85896070849803,18999.542278221692,3728,0
1040.75,1.2,8.5,-2.4,2073.6287,64.07761,0.4082000000003063,0.0017000000002553861,-0.0005000000001018634,-0.01332999999999629,0.0,1.6000000002236447e-05,6072,0,1,0,1,0,1,1.2,2607.4468786267084,78.85652676304956,19002.030632761223,3729,0
1042.25,1.2,8.5,-2.4,2074.0388,64.06426,0.410099999999602,0.0018999999992956873,0.0001999999990403012,-0.013350000000002638,-2.0000000006348273e-05,-2.0000000006348273e-05,6073,0,1,0,1,0,1,1.2,2607.3590603720777,78.85409142113929,19004.51947942078,3730,0
1041.75,1.2,8.5,-2.4,2074.451,64.0509,0.41220000000021173,0.0021000000006097252,0.00020000000131403795,-0.013360000000005812,-1.0000000003174137e-05,1.0000000003174137e-05,6074,0,1,0,1,0,1,1.2,2607.2713388806583,78.8516546818107,19007.00882072035,3731,0
1039.25,1.2,8.5,-2.4,2074.865,64.037544,0.4139999999997599,0.001799999999548163,-0.0003000000010615622,-0.0133560000000017,4.0000000041118255e-06,1.4000000007285962e-05,6075,0,1,0,1,0,1,1.2,2607.183714400922,78.84921654641211,19009.498658819946,3732,0
1038.25,1.2,8.5,-2.4,2075.281,64.02416,0.41600000000016735,0.0020000000004074536,0.0002000000008592906,-0.013384000000002061,-2.800000000036107e-05,-3.2000000004472895e-05,6076,0,1,0,1,0,1,1.2,2607.096187214086,78.84677701102518,19011.98899611956,3733,0
1038.75,1.2,8.5,-2.4,2075.6987,64.01078,0.417699999999968,0.0016999999998006388,-0.00030000000060681487,-0.013379999999997949,4.0000000041118255e-06,3.2000000004472895e-05,6077,0,1,0,1,0,1,1.2,2607.008757551826,78.84433607699901,19014.479834659192,3734,0
1039.75,1.2,8.5,-2.4,2076.1184,63.997387,0.4196999999999207,0.0019999999999527063,0.0003000000001520675,-0.013392999999993549,-1.2999999995599865e-05,-1.699999999971169e-05,6078,0,1,0,1,0,1,1.2,2606.9214256950154,78.84189374288535,19016.971176838848,3735,0
1038.75,1.2,8.5,-2.4,2076.54,63.983986,0.4216000000001259,0.001900000000205182,-9.999999974752427e-05,-0.013401000000001773,-8.000000008223651e-06,4.9999999873762135e-06,6079,0,1,0,1,0,1,1.2,2606.834191907895,78.83945000805922,19019.46302493852,3736,0
1039.75,1.2,8.5,-2.4,2076.9634,63.970573,0.4234000000001288,0.0018000000000029104,-0.00010000000020227162,-0.013412999999999897,-1.1999999998124622e-05,-3.999999989900971e-06,6080,0,1,0,1,0,1,1.2,2606.7470564380856,78.83700487123829,19021.955381118216,3737,0
1038.25,1.2,8.5,-2.4,2077.3887,63.957157,0.4252999999998792,0.0018999999997504347,9.999999974752427e-05,-0.013415999999999428,-2.9999999995311555e-06,8.999999998593466e-06,6081,0,1,0,1,0,1,1.2,2606.6600195494902,78.83455833262084,19024.44824765793,3738,0
1038.0,1.2,8.5,-2.4,2077.8157,63.94373,0.4270000000001346,0.0017000000002553861,-0.00019999999949504854,-0.013427000000000078,-1.100000000064938e-05,-8.000000001118224e-06,6082,0,1,0,1,0,1,1.2,2606.5730814729577,78.83211039108993,19026.941626597665,3739,0
1038.75,1.2,8.5,-2.4,2078.2444,63.93029,0.42869999999993524,0.0016999999998006388,-4.547473508864641e-13,-0.013440000000002783,-1.3000000002705292e-05,-2.0000000020559128e-06,6083,0,1,0,1,0,1,1.2,2606.486242439185,78.82966104520052,19029.43551997742,3740,0
1039.75,1.2,8.5,-2.4,2078.6748,63.916847,0.4303999999997359,0.0016999999998006388,0.0,-0.013443000000002314,-2.9999999995311555e-06,1.0000000003174137e-05,6084,0,1,0,1,0,1,1.2,2606.399502678718,78.82721029515201,19031.929929837195,3741,0
1040.75,1.2,8.5,-2.4,2079.1072,63.903397,0.43240000000014334,0.0020000000004074536,0.00030000000060681487,-0.013449999999998852,-6.999999996537554e-06,-3.999999997006398e-06,6085,0,1,0,1,0,1,1.2,2606.3128624712454,78.82475814048635,19034.424858576993,3742,0
1041.75,1.2,8.5,-2.4,2079.5413,63.88994,0.434099999999944,0.0016999999998006388,-0.00030000000060681487,-0.01345699999999539,-6.999999996537554e-06,0.0,6086,0,1,0,1,0,1,1.2,2606.2263220469854,78.82230458074585,19036.92030823681,3743,0
1042.75,1.2,8.5,-2.4,2079.977,63.876472,0.4356999999999971,0.0016000000000531145,-9.999999974752427e-05,-0.013468000000003144,-1.1000000007754807e-05,-4.000000011217253e-06,6087,0,1,0,1,0,1,1.2,2606.1398816195797,78.81984961481602,19039.416280736652,3744,0
1041.25,1.2,8.5,-2.4,2080.4148,63.863,0.43780000000015207,0.002100000000154978,0.0005000000001018634,-0.01347200000000015,-3.999999997006398e-06,7.000000010748408e-06,6088,0,1,0,1,0,1,1.2,2606.0535414846445,78.81739324273279,19041.91277859651,3745,0
1040.75,1.2,8.5,-2.4,2080.854,63.849518,0.43919999999980064,0.0013999999996485712,-0.0007000000005064066,-0.01348199999999622,-9.999999996068709e-06,-5.999999999062311e-06,6089,0,1,0,1,0,1,1.2,2605.9673018226604,78.8149354635468,19044.409803496394,3746,0
1040.75,1.2,8.5,-2.4,2081.295,63.83603,0.4410000000002583,0.0018000000004576577,0.0004000000008090865,-0.013488000000002387,-6.000000006167738e-06,3.999999989900971e-06,6090,0,1,0,1,0,1,1.2,2605.8811628796584,78.81247627696602,19046.907357596294,3747,0
1040.75,1.2,8.5,-2.4,2081.7375,63.822536,0.44250000000010914,0.0014999999998508429,-0.00030000000060681487,-0.01349400000000145,-5.999999999062311e-06,7.105427357601002e-15,6091,0,1,0,1,0,1,1.2,2605.795124852265,78.81001568269862,19049.405442696218,3748,0
1040.25,1.2,8.5,-2.4,2082.182,63.809036,0.4444999999996071,0.001999999999497959,0.0004999999996471161,-0.013500000000000512,-5.999999999062311e-06,0.0,6092,0,1,0,1,0,1,1.2,2605.7091880190383,78.80755368045298,19051.90406119616,3749,0
1040.5,1.2,8.5,-2.4,2082.628,63.795532,0.44600000000036744,0.0015000000007603376,-0.0004999999987376214,-0.013503999999997518,-3.999999997006398e-06,2.0000000020559128e-06,6093,0,1,0,1,0,1,1.2,2605.6233525763046,78.80509027026584,19054.403214896127,3750,0
1040.25,1.2,8.5,-2.4,2083.0757,63.78202,0.4476999999997133,0.0016999999993458914,0.00019999999858555384,-0.013511999999998636,-8.000000001118224e-06,-4.0000000041118255e-06,6094,0,1,0,1,0,1,1.2,2605.5376187530765,78.80262545151764,19056.902905836116,3751,0
1040.25,1.2,8.5,-2.4,2083.525,63.7685,0.4493000000002212,0.0016000000005078618,-9.999999883802957e-05,-0.013519999999999754,-8.000000001118224e-06,0.0,6095,0,1,0,1,0,1,1.2,2605.451986761811,78.80015922358925,19059.403135936125,3752,0
1041.25,1.2,8.5,-2.4,2083.9758,63.75498,0.45080000000007203,0.0014999999998508429,-0.00010000000065701897,-0.013519999999999754,0.0,8.000000001118224e-06,6096,0,1,0,1,0,1,1.2,2605.3664567984256,78.79769158717401,19061.903906996155,3753,0
1042.25,1.2,8.5,-2.4,2084.4282,63.74145,0.4523999999996704,0.0015999999995983671,9.999999974752427e-05,-0.013530000000002929,-1.0000000003174137e-05,-1.0000000003174137e-05,6097,0,1,0,1,0,1,1.2,2605.2810290751063,78.79522254132503,19064.40522093621,3754,0
1041.75,1.2,8.5,-2.4,2084.8823,63.727917,0.45410000000038053,0.0017000000007101335,0.00010000000111176632,-0.01353300000000246,-2.9999999995311555e-06,7.000000003642981e-06,6098,0,1,0,1,0,1,1.2,2605.1957038202986,78.79275208624364,19066.90707979628,3755,0
1040.75,1.2,8.5,-2.4,2085.3381,63.71438,0.4557999999997264,0.0016999999993458914,-1.3642420526593924e-12,-0.013536999999999466,-3.999999997006398e-06,-9.999999974752427e-07,6099,0,1,0,1,0,1,1.2,2605.110481262295,78.79028022196721,19069.40948561638,3756,0
1040.5,1.2,8.5,-2.4,2085.7954,63.700836,0.457300000000032,0.0015000000003055902,-0.0001999999990403012,-0.013543999999996004,-6.999999996537554e-06,-2.9999999995311555e-06,6100,0,1,0,1,0,1,1.2,2605.02536159646,78.78780694804131,19071.9124401965,3757,0
1041.25,1.2,8.5,-2.4,2086.2542,63.687286,0.45879999999988286,0.0014999999998508429,-4.547473508864641e-13,-0.013550000000002171,-6.000000006167738e-06,9.999999903698154e-07,6101,0,1,0,1,0,1,1.2,2604.940345018027,78.78533226417568,19074.415945336637,3758,0
1041.0,1.2,8.5,-2.4,2086.7146,63.673733,0.46039999999993597,0.0016000000000531145,0.00010000000020227162,-0.013553000000001703,-2.9999999995311555e-06,3.000000006636583e-06,6102,0,1,0,1,0,1,1.2,2604.855431738489,78.78285617057186,19076.9200029568,3759,0
1038.75,1.2,8.5,-2.4,2087.1765,63.66018,0.46190000000024156,0.0015000000003055902,-9.999999974752427e-05,-0.013553000000001703,0.0,2.9999999995311555e-06,6103,0,1,0,1,0,1,1.2,2604.7706219528177,78.78037866792268,19079.424614856984,3760,0
1039.75,1.2,8.5,-2.4,2087.64,63.646618,0.46349999999983993,0.0015999999995983671,9.999999929277692e-05,-0.013562000000000296,-8.999999998593466e-06,-8.999999998593466e-06,6104,0,1,0,1,0,1,1.2,2604.685915872236,78.77789975544636,19081.92978295719,3761,0
1039.25,1.2,8.5,-2.4,2088.1047,63.633053,0.46469999999999345,0.0012000000001535227,-0.00039999999944484443,-0.013564999999999827,-2.9999999995311555e-06,5.999999999062311e-06,6105,0,1,0,1,0,1,1.2,2604.601313642319,78.77541943334425,19084.43550869742,3762,0
1039.25,1.2,8.5,-2.4,2088.571,63.619484,0.46630000000004657,0.0016000000000531145,0.0003999999998995918,-0.013568999999996834,-3.999999997006398e-06,-9.999999974752427e-07,6106,0,1,0,1,0,1,1.2,2604.5168154740463,78.77293770165385,19086.94179399767,3763,0
1039.25,1.2,8.5,-2.4,2089.0388,63.605915,0.4677999999998974,0.0014999999998508429,-0.00010000000020227162,-0.013568999999996834,0.0,3.999999997006398e-06,6107,0,1,0,1,0,1,1.2,2604.4324215618863,78.77045456106745,19089.448640657945,3764,0
1040.75,1.2,8.5,-2.4,2089.5083,63.59234,0.4695000000001528,0.0017000000002553861,0.00020000000040454324,-0.013575000000003001,-6.000000006167738e-06,-6.000000006167738e-06,6108,0,1,0,1,0,1,1.2,2604.3481321329186,78.76797001129482,19091.956050718243,3765,0
1041.25,1.2,8.5,-2.4,2089.979,63.578762,0.47069999999985157,0.0011999999996987754,-0.0005000000005566108,-0.013578000000002532,-2.9999999995311555e-06,3.000000006636583e-06,6109,0,1,0,1,0,1,1.2,2604.2639473322424,78.76548405253682,19094.46402561856,3766,0
1041.0,1.2,8.5,-2.4,2090.4512,63.56518,0.47220000000015716,0.0015000000003055902,0.00030000000060681487,-0.013581999999999539,-3.999999997006398e-06,-9.999999974752427e-07,6110,0,1,0,1,0,1,1.2,2604.1798673539515,78.76299668483064,19096.972567158904,3767,0
1040.75,1.2,8.5,-2.4,2090.9248,63.551598,0.47359999999980573,0.0013999999996485712,-0.00010000000065701897,-0.013581999999999539,0.0,3.999999997006398e-06,6111,0,1,0,1,0,1,1.2,2604.0958923756543,78.76050790886781,19099.481677019266,3768,0
1040.75,1.2,8.5,-2.4,2091.3997,63.538013,0.4749000000001615,0.0013000000003557943,-9.999999929277692e-05,-0.01358499999999907,-2.9999999995311555e-06,-2.9999999995311555e-06,6112,0,1,0,1,0,1,1.2,2604.012022558482,78.75801772484868,19101.991356759652,3769,0
1042.25,1.2,8.5,-2.4,2091.8762,63.524426,0.47650000000021464,0.0016000000000531145,0.00029999999969732016,-0.013587000000001126,-2.0000000020559128e-06,9.999999974752427e-07,6113,0,1,0,1,0,1,1.2,2603.928258112529,78.75552613313707,19104.501608300063,3770,0
1042.75,1.2,8.5,-2.4,2092.354,63.510834,0.47779999999966094,0.0012999999994462996,-0.00030000000060681487,-0.013591999999995608,-4.999999994481641e-06,-2.999999992425728e-06,6114,0,1,0,1,0,1,1.2,2603.8445991986914,78.7530331336059,19107.012433200496,3771,0
1044.25,1.2,8.5,-2.4,2092.833,63.497246,0.4790000000002692,0.00120000000060827,-9.999999883802957e-05,-0.013588000000005707,3.999999989900971e-06,8.999999984382612e-06,6115,0,1,0,1,0,1,1.2,2603.7610459614125,78.75053872759975,19109.52383290095,3772,0
1042.75,1.2,8.5,-2.4,2093.3135,63.48365,0.48050000000012005,0.0014999999998508429,0.0002999999992425728,-0.01359599999999972,-7.999999994012796e-06,-1.1999999983913767e-05,6116,0,1,0,1,0,1,1.2,2603.677598594082,78.74804291450057,19112.035809201432,3773,0
1041.25,1.2,8.5,-2.4,2093.7954,63.470055,0.4818999999997686,0.0013999999996485712,-0.00010000000020227162,-0.013594999999995139,1.00000000458067e-06,8.999999998593466e-06,6117,0,1,0,1,0,1,1.2,2603.5942572736185,78.74554569516182,19114.548363781934,3774,0
1041.75,1.2,8.5,-2.4,2094.2786,63.45646,0.4832000000001244,0.0013000000003557943,-9.999999929277692e-05,-0.013595000000002244,-7.105427357601002e-15,-1.0000000116860974e-06,6118,0,1,0,1,0,1,1.2,2603.5110221604837,78.74304707027292,19117.06149820246,3775,0
1042.75,1.2,8.5,-2.4,2094.7632,63.442863,0.484599999999773,0.0013999999996485712,9.999999929277692e-05,-0.013596999999997195,-1.9999999949504854e-06,-1.999999987845058e-06,6119,0,1,0,1,0,1,1.2,2603.427893431373,78.74054704019608,19119.57521414301,3776,0
1042.25,1.2,8.5,-2.4,2095.2488,63.429264,0.4855999999999767,0.0010000000002037268,-0.00039999999944484443,-0.01359899999999925,-2.0000000020559128e-06,-7.105427357601002e-15,6120,0,1,0,1,0,1,1.2,2603.3448711975166,78.73804560529325,19122.08951280358,3777,0
1043.25,1.2,8.5,-2.4,2095.7358,63.41567,0.48700000000008004,0.0014000000001033186,0.0003999999998995918,-0.013594000000004769,4.999999994481641e-06,6.999999996537554e-06,6121,0,1,0,1,0,1,1.2,2603.261955635413,78.73554276706959,19124.604395864175,3778,0
1044.25,1.2,8.5,-2.4,2096.224,63.40207,0.48820000000023356,0.0012000000001535227,-0.0001999999999497959,-0.013599999999996726,-5.999999991956884e-06,-1.0999999986438525e-05,6122,0,1,0,1,0,1,1.2,2603.17914688878,78.73303852523273,19127.119864764794,3779,0
1045.25,1.2,8.5,-2.4,2096.7139,63.38847,0.4899000000000342,0.0016999999998006388,0.0004999999996471161,-0.013600000000003831,-7.105427357601002e-15,5.999999984851456e-06,6123,0,1,0,1,0,1,1.2,2603.0964451828872,78.73053288047028,19129.635921545436,3780,0
1045.5,1.2,8.5,-2.4,2097.2046,63.37487,0.4906999999998334,0.0007999999997991836,-0.0009000000000014552,-0.013599999999996726,7.105427357601002e-15,1.4210854715202004e-14,6124,0,1,0,1,0,1,1.2,2603.013850595918,78.72802583346939,19132.152567166104,3781,0
1045.5,1.2,8.5,-2.4,2097.6968,63.36127,0.49220000000013897,0.0015000000003055902,0.0007000000005064066,-0.013600000000003831,-7.105427357601002e-15,-1.4210854715202004e-14,6125,0,1,0,1,0,1,1.2,2602.931363320274,78.72551738491674,19134.66980342679,3782,0
1043.75,1.2,8.5,-2.4,2098.19,63.34767,0.49319999999988795,0.0009999999997489795,-0.0005000000005566108,-0.013599999999996726,7.105427357601002e-15,1.4210854715202004e-14,6126,0,1,0,1,0,1,1.2,2602.848983466623,78.72300753549861,19137.187631527504,3783,0
1044.25,1.2,8.5,-2.4,2098.6846,63.334072,0.49459999999999127,0.0014000000001033186,0.00040000000035433914,-0.013598000000001775,1.9999999949504854e-06,1.999999987845058e-06,6127,0,1,0,1,0,1,1.2,2602.7667112108356,78.72049628622715,19139.706053148242,3784,0
1044.5,1.2,8.5,-2.4,2099.1802,63.320477,0.49559999999974025,0.0009999999997489795,-0.00040000000035433914,-0.013595000000002244,2.9999999995311555e-06,1.00000000458067e-06,6128,0,1,0,1,0,1,1.2,2602.6845466634036,78.71798363827705,19142.225069489003,3785,0
1046.75,1.2,8.5,-2.4,2099.677,63.30688,0.4968000000003485,0.00120000000060827,0.0002000000008592906,-0.013596999999997195,-1.9999999949504854e-06,-4.999999994481641e-06,6129,0,1,0,1,0,1,1.2,2602.6024899673735,78.71546959200653,19144.74468198979,3786,0
1046.75,1.2,8.5,-2.4,2100.175,63.293285,0.4980000000000473,0.0011999999996987754,-9.094947017729282e-13,-0.013595000000002244,1.9999999949504854e-06,3.999999989900971e-06,6130,0,1,0,1,0,1,1.2,2602.5205412656987,78.71295414842604,19147.264892090596,3787,0
1047.25,1.2,8.5,-2.4,2100.6743,63.27969,0.49929999999994834,0.001299999999901047,0.00010000000020227162,-0.013594999999995139,7.105427357601002e-15,-1.999999987845058e-06,6131,0,1,0,1,0,1,1.2,2602.4387007175474,78.71043730821918,19149.78570135143,3788,0
1047.0,1.2,8.5,-2.4,2101.1746,63.266098,0.5002999999996973,0.0009999999997489795,-0.0003000000001520675,-0.013592000000002713,2.999999992425728e-06,2.9999999853203008e-06,6132,0,1,0,1,0,1,1.2,2602.356968433067,78.7079190725583,19152.307110972284,3789,0
1048.25,1.2,8.5,-2.4,2101.676,63.252506,0.5014000000001033,0.0011000000004059984,0.00010000000065701897,-0.013592000000002713,0.0,-2.999999992425728e-06,6133,0,1,0,1,0,1,1.2,2602.275344538637,78.70539944212585,19154.829122273164,3790,0
1048.25,1.2,8.5,-2.4,2102.1785,63.238914,0.5025000000000546,0.001099999999951251,-4.547473508864641e-13,-0.013591999999995608,7.105427357601002e-15,7.105427357601002e-15,6134,0,1,0,1,0,1,1.2,2602.1938291605543,78.70287841760391,19157.35173657407,3791,0
1048.25,1.2,8.5,-2.4,2102.6821,63.22533,0.5036000000000058,0.001099999999951251,0.0,-0.013584000000001595,7.999999994012796e-06,7.999999986907369e-06,6135,0,1,0,1,0,1,1.2,2602.1124224250325,78.70035600097783,19159.874955195,3792,0
1048.25,1.2,8.5,-2.4,2103.1868,63.211742,0.5046999999999571,0.001099999999951251,0.0,-0.013587999999998601,-3.999999997006398e-06,-1.1999999991019195e-05,6136,0,1,0,1,0,1,1.2,2602.0311244582044,78.69783219227635,19162.39877945595,3793,0
1048.0,1.2,8.5,-2.4,2103.6926,63.198162,0.5057999999999083,0.001099999999951251,0.0,-0.013579999999997483,8.000000001118224e-06,1.1999999998124622e-05,6137,0,1,0,1,0,1,1.2,2601.9499353861193,78.69530699348321,19164.923210676927,3794,0
1048.75,1.2,8.5,-2.4,2104.1995,63.18458,0.5069000000003143,0.0011000000004059984,4.547473508864641e-13,-0.013582000000006644,-2.00000000916134e-06,-1.0000000010279564e-05,6138,0,1,0,1,0,1,1.2,2601.868855334745,78.69278040495195,19167.44825017793,3795,0
1047.75,1.2,8.5,-2.4,2104.7075,63.171005,0.5079999999998108,0.0010999999994965037,-9.094947017729282e-13,-0.013574999999995896,7.000000010748408e-06,9.000000019909749e-06,6139,0,1,0,1,0,1,1.2,2601.7878844299676,78.69025242850162,19169.973899278957,3796,0
1047.75,1.2,8.5,-2.4,2105.2163,63.157433,0.5088000000000648,0.0008000000002539309,-0.0002999999992425728,-0.01357200000000347,2.999999992425728e-06,-4.00000001832268e-06,6140,0,1,0,1,0,1,1.2,2601.707022748738,78.68772306529881,19172.500158940005,3797,0
1048.0,1.2,8.5,-2.4,2105.7263,63.14386,0.5099999999997635,0.0011999999996987754,0.00039999999944484443,-0.013573000000000945,-9.999999974752427e-07,-3.999999989900971e-06,6141,0,1,0,1,0,1,1.2,2601.6262704330834,78.68519231585802,19175.027030601083,3798,0
1048.75,1.2,8.5,-2.4,2106.2373,63.13029,0.5109999999999673,0.0010000000002037268,-0.00019999999949504854,-0.013569999999994309,3.000000006636583e-06,4.0000000041118255e-06,6142,0,1,0,1,0,1,1.2,2601.5456275923816,78.68266018134462,19177.55451546218,3799,0
1048.75,1.2,8.5,-2.4,2106.7493,63.11673,0.512000000000171,0.0010000000002037268,0.0,-0.013560000000005346,9.999999988963282e-06,6.999999982326699e-06,6143,0,1,0,1,0,1,1.2,2601.4650943359375,78.6801266640625,19180.082614723306,3800,0
1048.75,1.2,8.5,-2.4,2107.262,63.10317,0.5127000000002226,0.0007000000000516593,-0.0003000000001520675,-0.01355999999999824,7.105427357601002e-15,-9.999999981857854e-06,6144,0,1,0,1,0,1,1.2,2601.384670724166,78.67759176468674,19182.61132922445,3801,0
1048.5,1.2,8.5,-2.4,2107.776,63.089615,0.5139999999996689,0.0012999999994462996,0.0005999999993946403,-0.013554999999996653,5.000000001587068e-06,4.999999994481641e-06,6145,0,1,0,1,0,1,1.2,2601.304356915067,78.6750554847055,19185.140660525627,3802,0
1047.25,1.2,8.5,-2.4,2108.2908,63.07606,0.5148000000003776,0.0008000000007086783,-0.0004999999987376214,-0.013555000000003758,-7.105427357601002e-15,-5.000000008692496e-06,6146,0,1,0,1,0,1,1.2,2601.224152985196,78.67251782479258,19187.670609586825,3803,0
1046.25,1.2,8.5,-2.4,2108.8064,63.062515,0.5155999999997221,0.0007999999993444362,-1.3642420526593924e-12,-0.013545000000000584,1.0000000003174137e-05,1.0000000010279564e-05,6147,0,1,0,1,0,1,1.2,2601.1440590110606,78.66997878724789,19190.201177368046,3804,0
1046.75,1.2,8.5,-2.4,2109.3232,63.048973,0.5167999999998756,0.0012000000001535227,0.0004000000008090865,-0.013542000000001053,2.9999999995311555e-06,-7.000000003642981e-06,6148,0,1,0,1,0,1,1.2,2601.064075134168,78.66743837323142,19192.732365309294,3805,0
1048.25,1.2,8.5,-2.4,2109.8408,63.035435,0.5176000000001295,0.0008000000002539309,-0.0003999999998995918,-0.013537999999996941,4.0000000041118255e-06,1.00000000458067e-06,6149,0,1,0,1,0,1,1.2,2600.9842014308942,78.66489658406503,19195.264174370568,3806,0
1046.75,1.2,8.5,-2.4,2110.3594,63.0219,0.5185999999998785,0.0009999999997489795,0.00019999999949504854,-0.01353499999999741,2.9999999995311555e-06,-1.00000000458067e-06,6150,0,1,0,1,0,1,1.2,2600.90443801008,78.66235342090717,19197.796605751864,3807,0
1046.5,1.2,8.5,-2.4,2110.8787,63.008373,0.5193000000003849,0.0007000000005064066,-0.0002999999992425728,-0.013527000000003397,7.999999994012796e-06,4.999999994481641e-06,6151,0,1,0,1,0,1,1.2,2600.8247849317295,78.65980888572822,19200.329660293188,3808,0
1045.25,1.2,8.5,-2.4,2111.399,62.99485,0.5202999999996791,0.0009999999992942321,0.00029999999878782546,-0.013522999999999286,4.0000000041118255e-06,-3.999999989900971e-06,6152,0,1,0,1,0,1,1.2,2600.745242304567,78.65726297984723,19202.863339194533,3809,0
1046.25,1.2,8.5,-2.4,2111.92,62.981335,0.5210000000001855,0.0007000000005064066,-0.00029999999878782546,-0.013514999999998167,8.000000001118224e-06,3.999999997006398e-06,6153,0,1,0,1,0,1,1.2,2600.6658101884955,78.65471570523236,19205.397643295906,3810,0
1046.25,1.2,8.5,-2.4,2112.442,62.967823,0.5219999999999345,0.0009999999997489795,0.0002999999992425728,-0.013511999999998636,2.9999999995311555e-06,-5.000000001587068e-06,6154,0,1,0,1,0,1,1.2,2600.5864886921204,78.65216706303818,19207.9325737973,3811,0
1046.5,1.2,8.5,-2.4,2112.9646,62.95432,0.5225999999997839,0.0005999999998493877,-0.0003999999998995918,-0.013503000000000043,8.999999998593466e-06,5.999999999062311e-06,6155,0,1,0,1,0,1,1.2,2600.5072778589993,78.64961705539311,19210.468131418726,3812,0
1047.75,1.2,8.5,-2.4,2113.4883,62.940823,0.5237000000001899,0.0011000000004059984,0.0005000000005566108,-0.01349700000000098,5.999999999062311e-06,-2.9999999995311555e-06,6156,0,1,0,1,0,1,1.2,2600.42817781387,78.64706568393697,19213.004317480172,3813,0
1045.75,1.2,8.5,-2.4,2114.0127,62.92733,0.5244000000002416,0.0007000000000516593,-0.00040000000035433914,-0.013493000000003974,3.999999997006398e-06,-2.0000000020559128e-06,6157,0,1,0,1,0,1,1.2,2600.349188616434,78.64451294998376,19215.541132821647,3814,0
1045.75,1.2,8.5,-2.4,2114.5378,62.91384,0.5250999999998385,0.000699999999596912,-4.547473508864641e-13,-0.013489999999997337,3.000000006636583e-06,-9.999999903698154e-07,6158,0,1,0,1,0,1,1.2,2600.2703103263516,78.6419588546842,19218.078578283144,3815,0
1044.25,1.2,8.5,-2.4,2115.0637,62.900364,0.5259000000000924,0.0008000000002539309,0.00010000000065701897,-0.013475999999997157,1.4000000000180535e-05,1.0999999993543952e-05,6159,0,1,0,1,0,1,1.2,2600.1915430194804,78.63940340097403,19220.616654824666,3816,0
1044.0,1.2,8.5,-2.4,2115.5903,62.88689,0.5265999999996893,0.000699999999596912,-0.00010000000065701897,-0.013474000000002206,1.9999999949504854e-06,-1.200000000523005e-05,6160,0,1,0,1,0,1,1.2,2600.112886755397,78.63684658983932,19223.155363286216,3817,0
1043.25,1.2,8.5,-2.4,2116.118,62.87343,0.5277000000000953,0.0011000000004059984,0.0004000000008090865,-0.013460000000002026,1.4000000000180535e-05,1.200000000523005e-05,6161,0,1,0,1,0,1,1.2,2600.0343416585524,78.63428842421291,19225.69470498779,3818,0
1043.0,1.2,8.5,-2.4,2116.646,62.85997,0.5280000000002474,0.0003000000001520675,-0.0008000000002539309,-0.013460000000002026,0.0,-1.4000000000180535e-05,6162,0,1,0,1,0,1,1.2,2599.9559077235112,78.63172890475418,19228.234680289388,3819,0
1043.25,1.2,8.5,-2.4,2117.1748,62.84652,0.5287999999995918,0.0007999999993444362,0.0004999999991923687,-0.013449999999998852,1.0000000003174137e-05,1.0000000003174137e-05,6163,0,1,0,1,0,1,1.2,2599.877585025957,78.62916803374432,19230.77529015101,3820,0
1041.25,1.2,8.5,-2.4,2117.7046,62.833076,0.5298000000002503,0.0010000000006584742,0.00020000000131403795,-0.01344399999999979,5.999999999062311e-06,-4.0000000041118255e-06,6164,0,1,0,1,0,1,1.2,2599.799373673966,78.62660581281428,19233.31653577266,3821,0
1041.25,1.2,8.5,-2.4,2118.2349,62.81964,0.5302999999998974,0.0004999999996471161,-0.0005000000010113581,-0.013435999999998671,8.000000001118224e-06,2.0000000020559128e-06,6165,0,1,0,1,0,1,1.2,2599.7212736944534,78.62404224391827,19235.858417754338,3822,0
1039.75,1.2,8.5,-2.4,2118.7659,62.806217,0.5309999999999491,0.0007000000000516593,0.00020000000040454324,-0.013423000000003071,1.2999999995599865e-05,4.999999994481641e-06,6166,0,1,0,1,0,1,1.2,2599.643285146749,78.62147732982001,19238.400936936036,3823,0
1038.25,1.2,8.5,-2.4,2119.2974,62.792797,0.5315000000000509,0.0005000000001018634,-0.0001999999999497959,-0.013419999999996435,3.000000006636583e-06,-9.999999988963282e-06,6167,0,1,0,1,0,1,1.2,2599.565408057717,78.61891107166018,19240.944093917762,3824,0
1035.75,1.2,8.5,-2.4,2119.8298,62.77939,0.5324000000000524,0.0009000000000014552,0.0003999999998995918,-0.013407000000000835,1.2999999995599865e-05,9.999999988963282e-06,6168,0,1,0,1,0,1,1.2,2599.487642519047,78.61634347219972,19243.487889779517,3825,0
1036.75,1.2,8.5,-2.4,2120.3628,62.765987,0.5329999999999018,0.0005999999998493877,-0.0003000000001520675,-0.013402999999996723,4.0000000041118255e-06,-8.999999991488039e-06,6169,0,1,0,1,0,1,1.2,2599.4099885737437,78.61377453273906,19246.032325241293,3826,0
1036.75,1.2,8.5,-2.4,2120.8962,62.752598,0.5334000000002561,0.00040000000035433914,-0.00019999999949504854,-0.013389000000003648,1.3999999993075107e-05,9.999999988963282e-06,6170,0,1,0,1,0,1,1.2,2599.332446232377,78.61120425619835,19248.577400783095,3827,0
1037.75,1.2,8.5,-2.4,2121.4304,62.739212,0.5342000000000553,0.0007999999997991836,0.00039999999944484443,-0.013385999999997011,3.000000006636583e-06,-1.0999999986438525e-05,6171,0,1,0,1,0,1,1.2,2599.2550155703175,78.60863264371355,19251.123117364925,3828,0
1038.75,1.2,8.5,-2.4,2121.9653,62.72584,0.5348999999996522,0.000699999999596912,-0.00010000000020227162,-0.013372000000003936,1.3999999993075107e-05,1.0999999986438525e-05,6172,0,1,0,1,0,1,1.2,2599.1776966466873,78.60605969820185,19253.66947582678,3829,0
1037.75,1.2,8.5,-2.4,2122.5005,62.712475,0.535200000000259,0.00030000000060681487,-0.0003999999989900971,-0.013365000000000293,7.000000003642981e-06,-6.999999989432126e-06,6173,0,1,0,1,0,1,1.2,2599.1004894557823,78.60348542144477,19256.216476528658,3830,0
1036.25,1.2,8.5,-2.4,2123.0366,62.699123,0.5360999999998057,0.0008999999995467078,0.000599999998939893,-0.013351999999997588,1.3000000002705292e-05,5.999999999062311e-06,6174,0,1,0,1,0,1,1.2,2599.023394089069,78.60090981619433,19258.764120550564,3831,0
1036.75,1.2,8.5,-2.4,2123.573,62.68578,0.5363999999999578,0.0003000000001520675,-0.0005999999993946403,-0.013342999999998995,8.999999998593466e-06,-4.0000000041118255e-06,6175,0,1,0,1,0,1,1.2,2598.9464105408033,78.59833288455312,19261.312408252496,3832,0
1037.0,1.2,8.5,-2.4,2124.11,62.672443,0.5370000000002619,0.000600000000304135,0.0003000000001520675,-0.013336999999999932,5.999999999062311e-06,-2.9999999995311555e-06,6176,0,1,0,1,0,1,1.2,2598.8695388538126,78.59575462813663,19263.861340354455,3833,0
1037.25,1.2,8.5,-2.4,2124.6477,62.65912,0.5376999999998588,0.000699999999596912,9.999999929277692e-05,-0.013322999999999752,1.4000000000180535e-05,8.000000001118224e-06,6177,0,1,0,1,0,1,1.2,2598.792779087083,78.59317504985432,19266.410917696438,3834,0
1038.75,1.2,8.5,-2.4,2125.1858,62.645805,0.5381000000002132,0.00040000000035433914,-0.0002999999992425728,-0.013314999999998633,8.000000001118224e-06,-5.999999999062311e-06,6178,0,1,0,1,0,1,1.2,2598.7161312510116,78.59059415164266,19268.961140758445,3835,0
1037.75,1.2,8.5,-2.4,2125.7244,62.632504,0.5385999999998603,0.0004999999996471161,9.999999929277692e-05,-0.013301000000005558,1.3999999993075107e-05,5.999999991956884e-06,6179,0,1,0,1,0,1,1.2,2598.6395953721685,78.58801193640777,19271.51201014048,3836,0
1037.5,1.2,8.5,-2.4,2126.2634,62.61921,0.5389999999997599,0.0003999999998995918,-9.999999974752427e-05,-0.01329399999999481,7.000000010748408e-06,-6.999999982326699e-06,6180,0,1,0,1,0,1,1.2,2598.5631714609285,78.58542840592138,19274.06352632254,3837,0
1037.25,1.2,8.5,-2.4,2126.803,62.60593,0.539600000000064,0.000600000000304135,0.00020000000040454324,-0.013280000000001735,1.3999999993075107e-05,6.999999982326699e-06,6181,0,1,0,1,0,1,1.2,2598.486859560013,78.58284356308639,19276.615690024628,3838,0
1037.75,1.2,8.5,-2.4,2127.343,62.59266,0.5399999999999636,0.0003999999998995918,-0.00020000000040454324,-0.01326999999999856,1.0000000003174137e-05,-3.999999989900971e-06,6182,0,1,0,1,0,1,1.2,2598.410659679767,78.58025741015688,19279.16850172674,3839,0
1037.75,1.2,8.5,-2.4,2127.8835,62.579403,0.5405000000000655,0.0005000000001018634,0.00010000000020227162,-0.01325700000000296,1.2999999995599865e-05,2.999999992425728e-06,6183,0,1,0,1,0,1,1.2,2598.3345718467012,78.57766994987064,19281.721962028878,3840,0
1034.75,1.2,8.5,-2.4,2128.4246,62.566154,0.5410999999999149,0.0005999999998493877,9.999999974752427e-05,-0.013249000000001843,8.000000001118224e-06,-4.999999994481641e-06,6184,0,1,0,1,0,1,1.2,2598.258596103476,78.57508118415521,19284.276071651042,3841,0
1035.25,1.2,8.5,-2.4,2128.9658,62.55292,0.5412000000001171,0.00010000000020227162,-0.0004999999996471161,-0.013233999999997081,1.5000000004761205e-05,7.000000003642981e-06,6185,0,1,0,1,0,1,1.2,2598.1827324118976,78.57249111606853,19286.830830713232,3842,0
1036.25,1.2,8.5,-2.4,2129.5076,62.5397,0.5417999999999665,0.0005999999998493877,0.0004999999996471161,-0.013219999999996901,1.4000000000180535e-05,-1.00000000458067e-06,6186,0,1,0,1,0,1,1.2,2598.1069808146112,78.56989974850492,19289.38623993545,3843,0
1037.25,1.2,8.5,-2.4,2130.0498,62.52649,0.5421999999998661,0.0003999999998995918,-0.0001999999999497959,-0.013210000000000832,9.999999996068709e-06,-4.0000000041118255e-06,6187,0,1,0,1,0,1,1.2,2598.0313413219133,78.5673070837104,19291.94229979769,3844,0
1037.75,1.2,8.5,-2.4,2130.5923,62.51329,0.5425000000000182,0.0003000000001520675,-9.999999974752427e-05,-0.013200000000004763,9.999999996068709e-06,0.0,6188,0,1,0,1,0,1,1.2,2597.955813927937,78.56471312392955,19294.49901065996,3845,0
1037.75,1.2,8.5,-2.4,2131.1353,62.500103,0.54300000000012,0.0005000000001018634,0.0001999999999497959,-0.013186999999994953,1.300000000981072e-05,3.00000001374201e-06,6189,0,1,0,1,0,1,1.2,2597.8803986591274,78.56211787189015,19297.056373122254,3846,0
1035.25,1.2,8.5,-2.4,2131.6785,62.48693,0.5432000000000698,0.0001999999999497959,-0.0003000000001520675,-0.013173000000001878,1.3999999993075107e-05,9.99999983264388e-07,6190,0,1,0,1,0,1,1.2,2597.8050954934583,78.55952133047973,19299.614387424575,3847,0
1034.25,1.2,8.5,-2.4,2132.2222,62.47377,0.5437000000001717,0.0005000000001018634,0.0003000000001520675,-0.013159999999999172,1.3000000002705292e-05,-9.999999903698154e-07,6191,0,1,0,1,0,1,1.2,2597.7299044573642,78.55692350242248,19302.17305416692,3848,0
1033.75,1.2,8.5,-2.4,2132.766,62.460625,0.5437999999999192,9.999999974752427e-05,-0.00040000000035433914,-0.013145000000001517,1.4999999997655777e-05,1.9999999949504854e-06,6192,0,1,0,1,0,1,1.2,2597.6548255126754,78.55432439076377,19304.732373469295,3849,0
1034.0,1.2,8.5,-2.4,2133.3103,62.44749,0.5443000000000211,0.0005000000001018634,0.00040000000035433914,-0.013134999999998342,1.0000000003174137e-05,-4.999999994481641e-06,6193,0,1,0,1,0,1,1.2,2597.579858685825,78.55172399773976,19307.292345931695,3850,0
1034.0,1.2,8.5,-2.4,2133.855,62.434372,0.5446999999999207,0.0003999999998995918,-0.00010000000020227162,-0.01311799999999863,1.699999999971169e-05,6.999999996537554e-06,6194,0,1,0,1,0,1,1.2,2597.5050039870866,78.54912232671509,19309.852972034118,3851,0
1033.75,1.2,8.5,-2.4,2134.4,62.421265,0.5450000000000728,0.0003000000001520675,-9.999999974752427e-05,-0.013107000000005087,1.0999999993543952e-05,-6.000000006167738e-06,6195,0,1,0,1,0,1,1.2,2597.4302614105877,78.54651938008392,19312.41425213657,3852,0
1035.25,1.2,8.5,-2.4,2134.945,62.408176,0.5450000000000728,0.0,-0.0003000000001520675,-0.013089000000000794,1.800000000429236e-05,7.000000010748408e-06,6196,0,1,0,1,0,1,1.2,2597.355630902049,78.5439151613684,19314.976186239048,3853,0
1035.25,1.2,8.5,-2.4,2135.4905,62.395096,0.5454999999997199,0.0004999999996471161,0.0004999999996471161,-0.013079999999995096,9.000000005698894e-06,-8.999999998593466e-06,6197,0,1,0,1,0,1,1.2,2597.2811124878995,78.54130967263633,19317.53877494155,3854,0
1036.25,1.2,8.5,-2.4,2136.0361,62.382034,0.5455999999999221,0.00010000000020227162,-0.00039999999944484443,-0.013062000000005014,1.7999999990081506e-05,8.999999984382612e-06,6198,0,1,0,1,0,1,1.2,2597.2067061300213,78.53870291740604,19320.10201836408,3855,0
1036.0,1.2,8.5,-2.4,2136.582,62.368984,0.5459000000000742,0.0003000000001520675,0.0001999999999497959,-0.013049999999999784,1.200000000523005e-05,-5.999999984851456e-06,6199,0,1,0,1,0,1,1.2,2597.1324118225807,78.53609489822581,19322.665916866637,3856,0
1034.75,1.2,8.5,-2.4,2137.1282,62.355953,0.5462000000002263,0.0003000000001520675,0.0,-0.013030999999998016,1.9000000001767603e-05,6.999999996537554e-06,6200,0,1,0,1,0,1,1.2,2597.0582295597483,78.53348561877117,19325.23047080922,3857,0
1036.25,1.2,8.5,-2.4,2137.6746,62.342934,0.5463999999997213,0.00019999999949504854,-0.00010000000065701897,-0.013018999999999892,1.1999999998124622e-05,-7.000000003642981e-06,6201,0,1,0,1,0,1,1.2,2596.9841593195742,78.53087508158659,19327.795680431827,3858,0
1036.0,1.2,8.5,-2.4,2138.221,62.32993,0.5464000000001761,4.547473508864641e-13,-0.0001999999990403012,-0.013004000000002236,1.4999999997655777e-05,2.9999999995311555e-06,6202,0,1,0,1,0,1,1.2,2596.91020104788,78.52826328969853,19330.36154573446,3859,0
1034.75,1.2,8.5,-2.4,2138.7676,62.31694,0.5466000000001259,0.0001999999999497959,0.00019999999949504854,-0.01298999999999495,1.4000000007285962e-05,-9.999999903698154e-07,6203,0,1,0,1,0,1,1.2,2596.8363547227596,78.52565024597034,19332.928066957124,3860,0
1036.25,1.2,8.5,-2.4,2139.3145,62.303967,0.5468999999998232,0.00029999999969732016,9.999999974752427e-05,-0.012973000000002344,1.6999999992606263e-05,2.9999999853203008e-06,6204,0,1,0,1,0,1,1.2,2596.7626203384366,78.52303595374697,19335.49524445981,3861,0
1033.75,1.2,8.5,-2.4,2139.8616,62.29101,0.5471000000002277,0.00020000000040454324,-9.999999929277692e-05,-0.012957000000000107,1.6000000002236447e-05,-9.999999903698154e-07,6205,0,1,0,1,0,1,1.2,2596.688997873026,78.52042041621013,19338.063078482523,3862,0
1033.5,1.2,8.5,-2.4,2140.4087,62.27807,0.547099999999773,-4.547473508864641e-13,-0.0002000000008592906,-0.012940000000000396,1.699999999971169e-05,9.999999974752427e-07,6206,0,1,0,1,0,1,1.2,2596.6154872724346,78.5178036367005,19340.631569025263,3863,0
1031.75,1.2,8.5,-2.4,2140.956,62.265144,0.5473000000001775,0.00020000000040454324,0.0002000000008592906,-0.012926000000000215,1.4000000000180535e-05,-2.9999999995311555e-06,6207,0,1,0,1,0,1,1.2,2596.5420885148196,78.51518561807346,19343.20071632803,3864,0
1032.75,1.2,8.5,-2.4,2141.5034,62.252235,0.5473999999999251,9.999999974752427e-05,-0.00010000000065701897,-0.012909000000000503,1.699999999971169e-05,2.9999999995311555e-06,6208,0,1,0,1,0,1,1.2,2596.4688015622482,78.51256636366564,19345.77052051082,3865,0
1031.25,1.2,8.5,-2.4,2142.051,62.23934,0.5475999999998749,0.0001999999999497959,0.00010000000020227162,-0.012895000000000323,1.4000000000180535e-05,-2.9999999995311555e-06,6209,0,1,0,1,0,1,1.2,2596.3956263929144,78.5099458763285,19348.34098181364,3866,0
1031.5,1.2,8.5,-2.4,2142.5986,62.226467,0.5475999999998749,0.0,-0.0001999999999497959,-0.012872999999999024,2.200000000129876e-05,8.000000001118224e-06,6210,0,1,0,1,0,1,1.2,2596.3225629528256,78.50732416019964,19350.912100236485,3867,0
1031.5,1.2,8.5,-2.4,2143.1465,62.213608,0.5479000000000269,0.0003000000001520675,0.0003000000001520675,-0.012858999999998844,1.4000000000180535e-05,-8.000000001118224e-06,6211,0,1,0,1,0,1,1.2,2596.249611236317,78.50470121812621,19353.483876139355,3868,0
1029.25,1.2,8.5,-2.4,2143.694,62.200768,0.5475000000001273,-0.0003999999998995918,-0.0007000000000516593,-0.012840000000004181,1.8999999994662176e-05,4.999999994481641e-06,6212,0,1,0,1,0,1,1.2,2596.1767711250604,78.50207705375824,19356.05630904225,3869,0
1029.75,1.2,8.5,-2.4,2144.242,62.187943,0.5480000000002292,0.0005000000001018634,0.0009000000000014552,-0.01282499999999942,1.5000000004761205e-05,-3.999999989900971e-06,6213,0,1,0,1,0,1,1.2,2596.104042645639,78.49945167009977,19358.629399545174,3870,0
1028.75,1.2,8.5,-2.4,2144.7898,62.175137,0.5477999999998246,-0.00020000000040454324,-0.0007000000005064066,-0.012805999999997653,1.9000000001767603e-05,3.999999997006398e-06,6214,0,1,0,1,0,1,1.2,2596.031425711987,78.49682507079646,19361.203147408127,3871,0
1030.75,1.2,8.5,-2.4,2145.3376,62.16235,0.5477999999998246,0.0,0.00020000000040454324,-0.012786999999995885,1.9000000001767603e-05,0.0,6215,0,1,0,1,0,1,1.2,2595.95892027027,78.49419725949164,19363.7775526311,3872,0
1031.75,1.2,8.5,-2.4,2145.8855,62.14958,0.5479000000000269,0.00010000000020227162,0.00010000000020227162,-0.012770000000003279,1.6999999992606263e-05,-2.00000000916134e-06,6216,0,1,0,1,0,1,1.2,2595.886526282773,78.49156823950459,19366.352615334104,3873,0
1031.75,1.2,8.5,-2.4,2146.4333,62.136826,0.5478000000002794,-9.999999974752427e-05,-0.0001999999999497959,-0.012754000000001042,1.6000000002236447e-05,-9.999999903698154e-07,6217,0,1,0,1,0,1,1.2,2595.8142436796397,78.48893801399164,19368.928335397133,3874,0
1033.25,1.2,8.5,-2.4,2146.9812,62.12409,0.5479000000000269,9.999999974752427e-05,0.00019999999949504854,-0.01273599999999675,1.800000000429236e-05,2.0000000020559128e-06,6218,0,1,0,1,0,1,1.2,2595.7420724232193,78.48630658642868,19371.50471294019,3875,0
1034.25,1.2,8.5,-2.4,2147.529,62.111374,0.5477999999998246,-0.00010000000020227162,-0.0001999999999497959,-0.012716000000004613,1.9999999992137418e-05,1.999999987845058e-06,6219,0,1,0,1,0,1,1.2,2595.67001244373,78.48367396061094,19374.08174784327,3876,0
1033.75,1.2,8.5,-2.4,2148.077,62.098675,0.5480000000002292,0.00020000000040454324,0.00030000000060681487,-0.012698999999997795,1.7000000006817118e-05,-2.9999999853203008e-06,6220,0,1,0,1,0,1,1.2,2595.5980637196594,78.4810401398489,19376.65944034638,3877,0
1033.75,1.2,8.5,-2.4,2148.6245,62.085995,0.5474999999996726,-0.0005000000005566108,-0.000700000000961154,-0.012680000000003133,1.8999999994662176e-05,1.999999987845058e-06,6221,0,1,0,1,0,1,1.2,2595.526226117004,78.47840512777242,19379.23778984951,3878,0
1032.25,1.2,8.5,-2.4,2149.172,62.073338,0.5475000000001273,4.547473508864641e-13,0.0005000000010113581,-0.012656999999997254,2.300000000587943e-05,4.000000011217253e-06,6222,0,1,0,1,0,1,1.2,2595.4544995821952,78.47576892865177,19381.816796352672,3879,0
1032.75,1.2,8.5,-2.4,2149.7197,62.060696,0.5477000000000771,0.0001999999999497959,0.00019999999949504854,-0.012641999999999598,1.4999999997655777e-05,-8.000000008223651e-06,6223,0,1,0,1,0,1,1.2,2595.3828840938304,78.47313154546916,19384.396460095857,3880,0
1032.5,1.2,8.5,-2.4,2150.2673,62.048077,0.5475999999998749,-0.00010000000020227162,-0.0003000000001520675,-0.012619000000000824,2.2999999998774e-05,8.000000001118224e-06,6224,0,1,0,1,0,1,1.2,2595.311379582329,78.47049298248996,19386.97678095907,3881,0
1033.75,1.2,8.5,-2.4,2150.8147,62.035473,0.5473999999999251,-0.0001999999999497959,-9.999999974752427e-05,-0.012603999999996063,1.5000000004761205e-05,-7.999999994012796e-06,6225,0,1,0,1,0,1,1.2,2595.2399859620946,78.46785324269193,19389.55775870231,3882,0
1035.75,1.2,8.5,-2.4,2151.3618,62.022892,0.5471000000002277,-0.00029999999969732016,-9.999999974752427e-05,-0.012581000000004394,2.2999999991668574e-05,7.999999986907369e-06,6226,0,1,0,1,0,1,1.2,2595.168703131524,78.46521233033563,19392.139392965575,3883,0
1035.75,1.2,8.5,-2.4,2151.909,62.01033,0.5471999999999753,9.999999974752427e-05,0.00039999999944484443,-0.012561999999995521,1.900000000887303e-05,-3.9999999827955435e-06,6227,0,1,0,1,0,1,1.2,2595.0975310533076,78.4625702490366,19394.721683868866,3884,0
1036.25,1.2,8.5,-2.4,2152.4558,61.99779,0.5468000000000757,-0.0003999999998995918,-0.0004999999996471161,-0.012540000000001328,2.199999999419333e-05,2.9999999853203008e-06,6228,0,1,0,1,0,1,1.2,2595.0264696098893,78.4599270028897,19397.304630932183,3885,0
1037.75,1.2,8.5,-2.4,2153.0027,61.985268,0.5468999999998232,9.999999974752427e-05,0.0004999999996471161,-0.012522000000004141,1.7999999997186933e-05,-3.999999997006398e-06,6229,0,1,0,1,0,1,1.2,2594.955518764045,78.4572825953451,19399.888234275528,3886,0
1037.5,1.2,8.5,-2.4,2153.549,61.97277,0.5462999999999738,-0.0005999999998493877,-0.000699999999596912,-0.012498000000000786,2.400000000335467e-05,6.000000006167738e-06,6230,0,1,0,1,0,1,1.2,2594.8846783662334,78.45463703081367,19402.4724931789,3887,0
1036.75,1.2,8.5,-2.4,2154.0955,61.96029,0.5464999999999236,0.0001999999999497959,0.0007999999997991836,-0.012479999999996494,1.800000000429236e-05,-5.999999999062311e-06,6231,0,1,0,1,0,1,1.2,2594.8139483953787,78.45199031274069,19405.057407882297,3888,0
1035.25,1.2,8.5,-2.4,2154.6418,61.94783,0.5462999999999738,-0.0001999999999497959,-0.0003999999998995918,-0.012459999999997251,1.9999999999242846e-05,1.9999999949504854e-06,6232,0,1,0,1,0,1,1.2,2594.743328766244,78.4493424448901,19407.64297814572,3889,0
1034.75,1.2,8.5,-2.4,2155.1877,61.935394,0.5459000000000742,-0.0003999999998995918,-0.0001999999999497959,-0.012436000000001002,2.3999999996249244e-05,3.999999997006398e-06,6233,0,1,0,1,0,1,1.2,2594.672819361566,78.44669343166507,19410.22920348917,3890,0
1035.25,1.2,8.5,-2.4,2155.7334,61.922977,0.5457000000001244,-0.0001999999999497959,0.0001999999999497959,-0.012416999999999234,1.9000000001767603e-05,-4.999999994481641e-06,6234,0,1,0,1,0,1,1.2,2594.6024200962306,78.44404327666399,19412.816083672642,3891,0
1033.25,1.2,8.5,-2.4,2156.279,61.910583,0.5455999999999221,-0.00010000000020227162,9.999999974752427e-05,-0.01239400000000046,2.2999999998774e-05,3.999999997006398e-06,6235,0,1,0,1,0,1,1.2,2594.532130901219,78.44139198412444,19415.403618576143,3892,0
1033.5,1.2,8.5,-2.4,2156.8242,61.898212,0.5452000000000226,-0.0003999999998995918,-0.00029999999969732016,-0.012371000000001686,2.2999999998774e-05,0.0,6236,0,1,0,1,0,1,1.2,2594.4619516594516,78.43873955828123,19417.99180771967,3893,0
1033.75,1.2,8.5,-2.4,2157.3691,61.88586,0.5448999999998705,-0.0003000000001520675,9.999999974752427e-05,-0.012351999999999919,1.9000000001767603e-05,-3.999999997006398e-06,6237,0,1,0,1,0,1,1.2,2594.3918822699584,78.43608600272523,19420.580650743224,3894,0
1033.75,1.2,8.5,-2.4,2157.9138,61.873535,0.5446999999999207,-0.0001999999999497959,0.00010000000020227162,-0.012325000000004138,2.69999999957804e-05,7.999999994012796e-06,6238,0,1,0,1,0,1,1.2,2594.3219226478604,78.4334313223273,19423.170147406807,3895,0
1033.75,1.2,8.5,-2.4,2158.4583,61.86123,0.5444999999999709,-0.0001999999999497959,0.0,-0.01230499999999779,2.0000000006348273e-05,-6.999999989432126e-06,6239,0,1,0,1,0,1,1.2,2594.2520727083333,78.43077552083332,19425.760297470413,3896,0
1033.5,1.2,8.5,-2.4,2159.0022,61.848946,0.5439000000001215,-0.0005999999998493877,-0.0003999999998995918,-0.012284000000001072,2.099999999671809e-05,9.999999903698154e-07,6240,0,1,0,1,0,1,1.2,2594.1823323025155,78.4281186021471,19428.351100214044,3897,0
1033.5,1.2,8.5,-2.4,2159.546,61.836685,0.5437999999999192,-0.00010000000020227162,0.0004999999996471161,-0.012260999999995192,2.300000000587943e-05,2.00000000916134e-06,6241,0,1,0,1,0,1,1.2,2594.112701361743,78.42546057049023,19430.9425555177,3898,0
1033.25,1.2,8.5,-2.4,2160.0894,61.824448,0.5434000000000196,-0.0003999999998995918,-0.00029999999969732016,-0.012237000000006049,2.3999999989143816e-05,9.99999983264388e-07,6242,0,1,0,1,0,1,1.2,2594.043179769342,78.42280143024188,19433.534662901387,3899,0
1033.0,1.2,8.5,-2.4,2160.6323,61.812233,0.5429000000003725,-0.0004999999996471161,-9.999999974752427e-05,-0.012214999999997644,2.2000000008404186e-05,-1.9999999807396307e-06,6243,0,1,0,1,0,1,1.2,2593.973767392697,78.42014118545804,19436.127421765097,3900,0
1033.25,1.2,8.5,-2.4,2161.175,61.80004,0.542699999999968,-0.00020000000040454324,0.0002999999992425728,-0.012192999999996346,2.200000000129876e-05,-7.105427357601002e-15,6244,0,1,0,1,0,1,1.2,2593.904464147318,78.41747984019216,19438.72083186883,3901,0
1033.75,1.2,8.5,-2.4,2161.7173,61.787872,0.5422999999996136,-0.00040000000035433914,-0.0001999999999497959,-0.012168000000002621,2.4999999993724487e-05,2.999999992425728e-06,6245,0,1,0,1,0,1,1.2,2593.8352699167467,78.41481739897534,19441.314892732596,3902,0
1032.25,1.2,8.5,-2.4,2162.2593,61.77573,0.5420000000003711,-0.0002999999992425728,0.00010000000111176632,-0.01214199999999721,2.6000000005410584e-05,1.0000000116860974e-06,6246,0,1,0,1,0,1,1.2,2593.766184600608,78.41215386649593,19443.909603996384,3903,0
1032.75,1.2,8.5,-2.4,2162.8008,61.76361,0.5414999999998145,-0.0005000000005566108,-0.00020000000131403795,-0.012120000000003017,2.199999999419333e-05,-4.000000011217253e-06,6247,0,1,0,1,0,1,1.2,2593.6972080665814,78.40948924679897,19446.504965060198,3904,0
1034.25,1.2,8.5,-2.4,2163.3418,61.751514,0.5410000000001673,-0.0004999999996471161,9.094947017729282e-13,-0.012095999999999663,2.400000000335467e-05,2.00000000916134e-06,6248,0,1,0,1,0,1,1.2,2593.6283401824294,78.40682354424708,19449.10097532404,3905,0
1035.25,1.2,8.5,-2.4,2163.8823,61.739445,0.5405000000000655,-0.0005000000001018634,-4.547473508864641e-13,-0.012068999999996777,2.7000000002885827e-05,2.9999999995311555e-06,6249,0,1,0,1,0,1,1.2,2593.559580816,78.40415676368,19451.697634187905,3906,0
1036.25,1.2,8.5,-2.4,2164.4226,61.727398,0.5402999999996609,-0.00020000000040454324,0.00029999999969732016,-0.012047000000002583,2.199999999419333e-05,-5.000000008692496e-06,6250,0,1,0,1,0,1,1.2,2593.4909298832185,78.40148890913454,19454.294941411797,3907,0
1036.25,1.2,8.5,-2.4,2164.9622,61.715374,0.539600000000064,-0.000699999999596912,-0.0004999999991923687,-0.01202400000000381,2.2999999998774e-05,1.00000000458067e-06,6251,0,1,0,1,0,1,1.2,2593.4223872200896,78.39881998480486,19456.892896155714,3908,0
1037.75,1.2,8.5,-2.6,2165.5015,61.703377,0.539299999999912,-0.0003000000001520675,0.00039999999944484443,-0.011996999999993818,2.7000000009991254e-05,4.000000011217253e-06,6252,0,1,0,1,0,1,1.4000000000000001,2593.353952726691,78.39614999552215,19459.49149805966,3909,0
1039.75,1.2,9.5,-2.6,2166.0403,61.691406,0.5388000000002648,-0.0004999999996471161,-0.00019999999949504854,-0.011971000000002618,2.599999999119973e-05,-1.0000000187915248e-06,6253,0,1,0,1,0,1,1.4000000000000001,2593.2856262711866,78.39347894595458,19462.09074652363,3910,0
1038.75,1.2,9.5,-2.6,2166.5786,61.67946,0.5382999999997082,-0.0005000000005566108,-9.094947017729282e-13,-0.011946000000001789,2.5000000000829914e-05,-9.999999903698154e-07,6254,0,1,0,1,0,1,1.4000000000000001,2593.2174077218224,78.39080684060751,19464.690640947625,3911,0
1036.25,1.2,9.5,-2.6,2167.1162,61.667538,0.5376000000001113,-0.000699999999596912,-0.0001999999990403012,-0.011921999999998434,2.400000000335467e-05,-9.999999974752427e-07,6255,0,1,0,1,0,1,1.4000000000000001,2593.1492969149617,78.38813368382354,19467.291180491648,3912,0
1035.25,1.2,9.5,-2.6,2167.6533,61.655643,0.5371000000000095,-0.0005000000001018634,0.00019999999949504854,-0.011895000000002653,2.69999999957804e-05,2.999999992425728e-06,6256,0,1,0,1,0,1,1.4000000000000001,2593.0812937190344,78.38545948042193,19469.892364555693,3913,0
1034.25,1.2,9.5,-2.6,2168.1902,61.643772,0.5369000000000597,-0.0001999999999497959,0.0003000000001520675,-0.011870999999999299,2.400000000335467e-05,-2.999999992425728e-06,6257,0,1,0,1,0,1,1.4000000000000001,2593.0133980504957,78.38278423473953,19472.49419289977,3914,0
1033.75,1.2,9.5,-2.6,2168.7263,61.63193,0.5360999999998057,-0.0008000000002539309,-0.000600000000304135,-0.011842000000001462,2.8999999997836312e-05,4.999999994481641e-06,6258,0,1,0,1,0,1,1.4000000000000001,2592.945609729989,78.38010795190925,19475.096664563865,3915,0
1033.5,1.2,9.5,-2.6,2169.2617,61.620113,0.5354000000002088,-0.000699999999596912,0.00010000000065701897,-0.011816999999993527,2.500000000793534e-05,-3.999999989900971e-06,6259,0,1,0,1,0,1,1.4000000000000001,2592.877928594249,78.37743063642172,19477.699778707993,3916,0
1032.75,1.2,9.5,-2.6,2169.7966,61.608322,0.534900000000107,-0.0005000000001018634,0.00019999999949504854,-0.011791000000002327,2.599999999119973e-05,9.99999983264388e-07,6260,0,1,0,1,0,1,1.4000000000000001,2592.810354512059,78.37475229292446,19480.303534732142,3917,0
1033.0,1.2,9.5,-2.6,2170.331,61.596558,0.5344000000000051,-0.0005000000001018634,0.0,-0.011763999999999442,2.7000000002885827e-05,1.0000000116860974e-06,6261,0,1,0,1,0,1,1.4000000000000001,2592.7428873522836,78.37207292622165,19482.907932036316,3918,0
1034.25,1.2,9.5,-2.6,2170.8647,61.58482,0.5336999999999534,-0.0007000000000516593,-0.0001999999999497959,-0.011738000000001136,2.5999999998305157e-05,-1.00000000458067e-06,6262,0,1,0,1,0,1,1.4000000000000001,2592.67552695194,78.36939254095482,19485.512969780517,3919,0
1034.25,1.2,9.5,-2.6,2171.398,61.573112,0.5333000000000538,-0.0003999999998995918,0.0003000000001520675,-0.01170799999999872,3.0000000002416982e-05,4.0000000041118255e-06,6263,0,1,0,1,0,1,1.4000000000000001,2592.608273196041,78.36671114240102,19488.118647484745,3920,0
1034.0,1.2,9.5,-2.6,2171.9304,61.561428,0.5324000000000524,-0.0009000000000014552,-0.0005000000001018634,-0.01168400000000247,2.3999999996249244e-05,-6.000000006167738e-06,6264,0,1,0,1,0,1,1.4000000000000001,2592.5411258898644,78.3640287348763,19490.724964069,3921,0
1034.0,1.2,9.5,-2.6,2172.4624,61.549774,0.531999999999698,-0.00040000000035433914,0.0004999999996471161,-0.011654000000000053,3.0000000002416982e-05,6.000000006167738e-06,6265,0,1,0,1,0,1,1.4000000000000001,2592.4740849186082,78.36134532365145,19493.331919053275,3922,0
1033.25,1.2,9.5,-2.6,2172.9934,61.538143,0.5309999999999491,-0.0009999999997489795,-0.0005999999993946403,-0.01163100000000128,2.2999999998774e-05,-7.000000003642981e-06,6266,0,1,0,1,0,1,1.4000000000000001,2592.4071500718046,78.35866091287697,19495.93951123758,3923,0
1033.25,1.2,9.5,-2.6,2173.524,61.526546,0.5306000000000495,-0.0003999999998995918,0.0005999999998493877,-0.01159699999999475,3.400000000652881e-05,1.1000000007754807e-05,6267,0,1,0,1,0,1,1.4000000000000001,2592.340321234844,78.35597550845564,19498.54774014191,3924,0
1032.25,1.2,9.5,-2.6,2174.0537,61.514973,0.529700000000048,-0.0009000000000014552,-0.0005000000001018634,-0.011573000000005607,2.3999999989143816e-05,-1.0000000017384991e-05,6268,0,1,0,1,0,1,1.4000000000000001,2592.2735982134313,78.35328911469134,19501.156604686264,3925,0
1031.75,1.2,9.5,-2.6,2174.583,61.50343,0.5293000000001484,-0.0003999999998995918,0.0005000000001018634,-0.011542999999996084,3.000000000952241e-05,6.000000020378593e-06,6269,0,1,0,1,0,1,1.4000000000000001,2592.206980893142,78.35060173684211,19503.766104390645,3926,0
1031.75,1.2,9.5,-2.6,2175.1113,61.491913,0.5282999999999447,-0.0010000000002037268,-0.000600000000304135,-0.011517000000004884,2.599999999119973e-05,-4.00000001832268e-06,6270,0,1,0,1,0,1,1.4000000000000001,2592.140469063945,78.3479133795248,19506.37623805505,3927,0
1030.25,1.2,9.5,-2.6,2175.639,61.480427,0.5277000000000953,-0.0005999999998493877,0.00040000000035433914,-0.011485999999997887,3.100000000699765e-05,5.000000015797923e-06,6271,0,1,0,1,0,1,1.4000000000000001,2592.0740625797193,78.34522404815051,19508.98700495948,3928,0
1029.25,1.2,9.5,-2.6,2176.1658,61.46897,0.5268000000000939,-0.0009000000000014552,-0.0003000000001520675,-0.01145700000000005,2.8999999997836312e-05,-2.00000000916134e-06,6272,0,1,0,1,0,1,1.4000000000000001,2592.0077612466125,78.34253374780806,19511.598404023935,3929,0
1027.75,1.2,9.5,-2.6,2176.6921,61.457542,0.526299999999992,-0.0005000000001018634,0.0003999999998995918,-0.011428000000002214,2.8999999997836312e-05,0.0,6273,0,1,0,1,0,1,1.4000000000000001,2591.941564934651,78.33984248358304,19514.210434648416,3930,0
1028.25,1.2,9.5,-2.6,2177.2175,61.446144,0.5253999999999905,-0.0009000000000014552,-0.0003999999998995918,-0.011397999999999797,3.0000000002416982e-05,1.00000000458067e-06,6274,0,1,0,1,0,1,1.4000000000000001,2591.875473450199,78.33715026071714,19516.823095752923,3931,0
1026.25,1.2,9.5,-2.6,2177.742,61.434772,0.5244999999999891,-0.0009000000000014552,0.0,-0.011371999999994387,2.6000000005410584e-05,-3.999999997006398e-06,6275,0,1,0,1,0,1,1.4000000000000001,2591.809486599745,78.33445708381134,19519.436386257454,3932,0
1027.25,1.2,9.5,-2.6,2178.2659,61.42343,0.523899999999685,-0.000600000000304135,0.00029999999969732016,-0.011341999999999075,2.9999999995311555e-05,3.999999989900971e-06,6276,0,1,0,1,0,1,1.4000000000000001,2591.7436042376935,78.33176295810101,19522.05030544201,3933,0
1027.5,1.2,9.5,-2.6,2178.7888,61.41212,0.522899999999936,-0.0009999999997489795,-0.00039999999944484443,-0.011310000000001708,3.199999999736747e-05,2.0000000020559128e-06,6277,0,1,0,1,0,1,1.4000000000000001,2591.6778261548266,78.32906788913667,19524.664852106594,3934,0
1027.25,1.2,9.5,-2.6,2179.311,61.40084,0.5222000000003391,-0.000699999999596912,0.0003000000001520675,-0.01127999999999929,3.0000000002416982e-05,-1.9999999949504854e-06,6278,0,1,0,1,0,1,1.4000000000000001,2591.6121521898394,78.32637188214684,19527.2800254112,3935,0
1026.75,1.2,9.5,-2.6,2179.8323,61.38959,0.5212999999998829,-0.0009000000004562025,-0.0002000000008592906,-0.011250000000003979,2.9999999995311555e-05,-7.105427357601002e-15,6279,0,1,0,1,0,1,1.4000000000000001,2591.5465821496814,78.32367494235669,19529.895824275834,3936,0
1026.75,1.2,9.5,-2.6,2180.3528,61.37837,0.5205000000000837,-0.0007999999997991836,0.00010000000065701897,-0.011220000000001562,3.0000000002416982e-05,7.105427357601002e-15,6280,0,1,0,1,0,1,1.4000000000000001,2591.4811158573475,78.32097707498805,19532.51224774049,3937,0
1026.75,1.2,9.5,-2.6,2180.8726,61.36718,0.519800000000032,-0.0007000000000516593,9.999999974752427e-05,-0.011189999999999145,3.0000000002416982e-05,0.0,6281,0,1,0,1,0,1,1.4000000000000001,2591.415753151862,78.31827828525947,19535.129294965172,3938,0
1024.75,1.2,9.5,-2.6,2181.391,61.35602,0.5183999999999287,-0.0014000000001033186,-0.0007000000000516593,-0.011159999999996728,3.0000000002416982e-05,0.0,6282,0,1,0,1,0,1,1.4000000000000001,2591.3504937609423,78.31557857838612,19537.746964269878,3939,0
1024.25,1.2,9.5,-2.6,2181.9092,61.344894,0.5181999999999789,-0.0001999999999497959,0.0012000000001535227,-0.01112600000000441,3.399999999231795e-05,3.999999989900971e-06,6283,0,1,0,1,0,1,1.4000000000000001,2591.2853376034373,78.31287796021643,19540.36525541461,3940,0
1026.25,1.2,9.5,-2.6,2182.426,61.333797,0.5167999999998756,-0.0014000000001033186,-0.0012000000001535227,-0.011096999999999468,2.900000000494174e-05,-4.9999999873762135e-06,6284,0,1,0,1,0,1,1.4000000000000001,2591.220284407319,78.31017643579952,19542.984166719365,3941,0
1026.25,1.2,9.5,-2.6,2182.9421,61.32273,0.5161000000002787,-0.000699999999596912,0.0007000000005064066,-0.011066999999997051,3.0000000002416982e-05,9.999999974752427e-07,6285,0,1,0,1,0,1,1.4000000000000001,2591.1553340120904,78.30747401034043,19545.603697344148,3942,0
1026.25,1.2,9.5,-2.6,2183.457,61.3117,0.5148999999996704,-0.00120000000060827,-0.0005000000010113581,-0.011029999999998097,3.6999999998954536e-05,6.999999996537554e-06,6286,0,1,0,1,0,1,1.4000000000000001,2591.090486177827,78.30477069015429,19548.223845848952,3943,0
1025.25,1.2,9.5,-2.6,2183.9712,61.300697,0.5142000000000735,-0.000699999999596912,0.0005000000010113581,-0.011003000000002316,2.69999999957804e-05,-1.0000000003174137e-05,6287,0,1,0,1,0,1,1.4000000000000001,2591.0257407442746,78.30206647996184,19550.844611393783,3944,0
1023.75,1.2,9.5,-2.6,2184.4844,61.289726,0.5131999999998698,-0.0010000000002037268,-0.00030000000060681487,-0.010970999999997844,3.2000000004472895e-05,5.000000008692496e-06,6288,0,1,0,1,0,1,1.4000000000000001,2590.9610975035775,78.29936138527587,19553.465992778638,3945,0
1023.75,1.2,9.5,-2.6,2184.9968,61.27879,0.5124000000000706,-0.0007999999997991836,0.00020000000040454324,-0.010936000000000945,3.499999999689862e-05,2.999999992425728e-06,6289,0,1,0,1,0,1,1.4000000000000001,2590.8965562798094,78.29665541208267,19556.08798904352,3946,0
1025.25,1.2,9.5,-2.6,2185.508,61.267883,0.511199999999917,-0.0012000000001535227,-0.00040000000035433914,-0.010907000000003109,2.8999999997836312e-05,-5.999999999062311e-06,6290,0,1,0,1,0,1,1.4000000000000001,2590.8321168335715,78.2939485654109,19558.710598748425,3947,0
1025.0,1.2,9.5,-2.6,2186.0183,61.25701,0.5103000000003703,-0.0008999999995467078,0.00030000000060681487,-0.01087299999999658,3.400000000652881e-05,5.000000008692496e-06,6291,0,1,0,1,0,1,1.4000000000000001,2590.7677789732993,78.29124085108074,19561.333820813354,3948,0
1025.25,1.2,9.5,-2.6,2186.5273,61.24617,0.5090000000000146,-0.0013000000003557943,-0.0004000000008090865,-0.010840000000001737,3.299999999484271e-05,-1.0000000116860974e-06,6292,0,1,0,1,0,1,1.4000000000000001,2590.7035424439855,78.28853227474973,19563.957653678306,3949,0
1026.25,1.2,9.5,-2.6,2187.0356,61.235363,0.5082999999999629,-0.0007000000000516593,0.000600000000304135,-0.010806999999999789,3.300000000194814e-05,7.105427357601002e-15,6293,0,1,0,1,0,1,1.4000000000000001,2590.639407086114,78.28582284207181,19566.582096503284,3950,0
1026.0,1.2,9.5,-2.6,2187.5427,61.22459,0.5070999999998094,-0.0012000000001535227,-0.0005000000001018634,-0.010773000000000366,3.399999999942338e-05,9.999999974752427e-07,6294,0,1,0,1,0,1,1.4000000000000001,2590.575372660842,78.28311255885625,19569.207147848287,3951,0
1026.75,1.2,9.5,-2.6,2188.0488,61.21385,0.5061000000000604,-0.0009999999997489795,0.00020000000040454324,-0.010739999999998417,3.300000000194814e-05,-9.999999974752427e-07,6295,0,1,0,1,0,1,1.4000000000000001,2590.5114389612454,78.28040143074969,19571.832806513314,3952,0
1027.0,1.2,9.5,-2.6,2188.554,61.20314,0.5052000000000589,-0.0009000000000014552,9.999999974752427e-05,-0.010710000000003106,2.9999999995311555e-05,-3.000000006636583e-06,6296,0,1,0,1,0,1,1.4000000000000001,2590.447605796411,78.27768946291886,19574.45907141836,3953,0
1028.75,1.2,9.5,-2.6,2189.0579,61.192467,0.5038999999997031,-0.0013000000003557943,-0.00040000000035433914,-0.010672999999997046,3.700000000605996e-05,7.000000010748408e-06,6297,0,1,0,1,0,1,1.4000000000000001,2590.3838729120357,78.27497666163862,19577.08594100344,3954,0
1029.75,1.2,9.5,-2.6,2189.5608,61.181828,0.5029000000004089,-0.0009999999992942321,0.0003000000010615622,-0.010638999999997623,3.399999999942338e-05,-3.000000006636583e-06,6298,0,1,0,1,0,1,1.4000000000000001,2590.3202401016033,78.2722630327036,19579.713414068538,3955,0
1028.75,1.2,9.5,-2.6,2190.0625,61.171223,0.5016999999998006,-0.00120000000060827,-0.00020000000131403795,-0.010605000000005305,3.399999999231795e-05,-7.105427357601002e-15,6299,0,1,0,1,0,1,1.4000000000000001,2590.256707126984,78.26954858190476,19582.34148917366,3956,0
1029.25,1.2,9.5,-2.6,2190.5632,61.160652,0.5007000000000517,-0.0009999999997489795,0.0002000000008592906,-0.010570999999998776,3.400000000652881e-05,1.4210854715202004e-14,6300,0,1,0,1,0,1,1.4000000000000001,2590.1932737819393,78.26683331502936,19584.970165118808,3957,0
1029.25,1.2,9.5,-2.6,2191.0627,61.150116,0.49949999999989814,-0.0012000000001535227,-0.00020000000040454324,-0.010536000000001877,3.499999999689862e-05,9.999999903698154e-07,6301,0,1,0,1,0,1,1.4000000000000001,2590.1299398286255,78.26411723801968,19587.59944046398,3958,0
1027.75,1.2,9.5,-2.6,2191.561,61.13961,0.49830000000019936,-0.0011999999996987754,4.547473508864641e-13,-0.01050599999999946,3.0000000002416982e-05,-4.999999994481641e-06,6302,0,1,0,1,0,1,1.4000000000000001,2590.066705029351,78.26140035602094,19590.229313769174,3959,0
1028.75,1.2,9.5,-2.6,2192.0583,61.129147,0.49729999999999563,-0.0010000000002037268,0.00019999999949504854,-0.010462999999994338,4.3000000005122274e-05,1.3000000002705292e-05,6303,0,1,0,1,0,1,1.4000000000000001,2590.0035691782996,78.25868267623731,19592.859783834392,3960,0
1028.25,1.2,9.5,-2.6,2192.5542,61.118713,0.4958999999998923,-0.0014000000001033186,-0.0003999999998995918,-0.010434000000003607,2.8999999990730885e-05,-1.400000001439139e-05,6304,0,1,0,1,0,1,1.4000000000000001,2589.9405320063443,78.25596420364789,19595.490848979633,3961,0
1028.5,1.2,9.5,-2.6,2193.049,61.108315,0.49479999999994106,-0.001099999999951251,0.0003000000001520675,-0.010398000000002128,3.600000000147929e-05,7.000000010748408e-06,6305,0,1,0,1,0,1,1.4000000000000001,2589.8775932921026,78.25324494433872,19598.1225078849,3962,0
1029.25,1.2,9.5,-2.6,2193.5427,61.097954,0.4936999999999898,-0.001099999999951251,0.0,-0.010360999999996068,3.700000000605996e-05,1.00000000458067e-06,6306,0,1,0,1,0,1,1.4000000000000001,2589.814752814333,78.2505249045505,19600.75475923019,3963,0
1028.25,1.2,9.5,-2.6,2194.0352,61.087627,0.4924999999998363,-0.0012000000001535227,-0.00010000000020227162,-0.01032700000000375,3.399999999231795e-05,-3.00000001374201e-06,6307,0,1,0,1,0,1,1.4000000000000001,2589.752010336081,78.24780409004438,19603.387601575505,3964,0
1028.5,1.2,9.5,-2.6,2194.5264,61.07734,0.49120000000039,-0.0012999999994462996,-9.999999929277692e-05,-0.010286999999998159,4.000000000559112e-05,6.000000013273166e-06,6308,0,1,0,1,0,1,1.4000000000000001,2589.689365604692,78.24508250752893,19606.02103336084,3965,0
1028.5,1.2,9.5,-2.6,2195.0164,61.067085,0.4899999999997817,-0.00120000000060827,9.999999883802957e-05,-0.010255000000000791,3.199999999736747e-05,-8.000000008223651e-06,6309,0,1,0,1,0,1,1.4000000000000001,2589.626818383518,78.24236016244058,19608.6550531462,3966,0
1027.25,1.2,9.5,-2.6,2195.5051,61.056866,0.4886999999998807,-0.001299999999901047,-9.999999929277692e-05,-0.010218999999999312,3.600000000147929e-05,4.0000000041118255e-06,6310,0,1,0,1,0,1,1.4000000000000001,2589.5643684202187,78.23963706084614,19611.289659371585,3967,0
1027.25,1.2,9.5,-2.6,2195.9924,61.046684,0.4873000000002321,-0.0013999999996485712,-9.999999974752427e-05,-0.010182000000000357,3.6999999998954536e-05,9.999999974752427e-07,6311,0,1,0,1,0,1,1.4000000000000001,2589.502015446768,78.23691320896705,19613.924850356994,3968,0
1027.25,1.2,9.5,-2.6,2196.4788,61.03654,0.4863999999997759,-0.0009000000004562025,0.0004999999991923687,-0.010143999999996822,3.8000000003535206e-05,1.00000000458067e-06,6312,0,1,0,1,0,1,1.4000000000000001,2589.439759274513,78.23418861317916,19616.560625022426,3969,0
1028.25,1.2,9.5,-2.6,2196.9636,61.026432,0.48480000000017753,-0.0015999999995983671,-0.0006999999991421646,-0.010108000000002448,3.5999999994373866e-05,-2.00000000916134e-06,6313,0,1,0,1,0,1,1.4000000000000001,2589.3775996040545,78.23146327953754,19619.19698144788,3970,0
1027.25,1.2,9.5,-2.6,2197.447,61.01636,0.4834000000000742,-0.0014000000001033186,0.00019999999949504854,-0.010072000000000969,3.600000000147929e-05,7.105427357601002e-15,6314,0,1,0,1,0,1,1.4000000000000001,2589.315536167854,78.22873721409343,19621.833917953358,3971,0
1027.25,1.2,9.5,-2.6,2197.9292,61.00633,0.4821999999999207,-0.0012000000001535227,0.0001999999999497959,-0.010030000000000427,4.2000000000541604e-05,5.999999999062311e-06,6315,0,1,0,1,0,1,1.4000000000000001,2589.2535687302093,78.2260104238442,19624.471433098857,3972,0
1027.25,1.2,9.5,-2.6,2198.4102,60.996334,0.48099999999976717,-0.0012000000001535227,0.0,-0.009996000000001004,3.399999999942338e-05,-8.000000001118224e-06,6316,0,1,0,1,0,1,1.4000000000000001,2589.1916970555644,78.22328291451639,19627.109525444383,3973,0
1028.25,1.2,9.5,-2.6,2198.8896,60.986374,0.4794000000001688,-0.0015999999995983671,-0.00039999999944484443,-0.009959999999999525,3.600000000147929e-05,2.0000000020559128e-06,6317,0,1,0,1,0,1,1.4000000000000001,2589.129920845204,78.22055469214942,19629.74819306993,3974,0
1027.25,1.2,9.5,-2.6,2199.368,60.976456,0.4783999999999651,-0.0010000000002037268,0.0005999999993946403,-0.009917999999998983,4.2000000000541604e-05,5.999999999062311e-06,6318,0,1,0,1,0,1,1.4000000000000001,2589.0682398955532,78.21782576372844,19632.387434775497,3975,0
1026.25,1.2,9.5,-2.6,2199.8447,60.96657,0.47670000000016444,-0.0016999999998006388,-0.000699999999596912,-0.009886000000001616,3.199999999736747e-05,-1.0000000003174137e-05,6319,0,1,0,1,0,1,1.4000000000000001,2589.006653892405,78.2150961346519,19635.027248521088,3976,0
1027.75,1.2,9.5,-2.6,2200.32,60.956726,0.4753000000000611,-0.0014000000001033186,0.00029999999969732016,-0.009843999999993969,4.200000000764703e-05,1.0000000010279564e-05,6320,0,1,0,1,0,1,1.4000000000000001,2588.9451625692136,78.21236581189685,19637.667632626704,3977,0
1026.75,1.2,9.5,-2.6,2200.7942,60.946922,0.4741999999996551,-0.0011000000004059984,0.00029999999969732016,-0.009804000000002588,3.9999999991380264e-05,-2.0000000162667675e-06,6321,0,1,0,1,0,1,1.4000000000000001,2588.883765707055,78.20963480211958,19640.30858577234,3978,0
1027.25,1.2,9.5,-2.6,2201.2668,60.937153,0.47260000000005675,-0.0015999999995983671,-0.0004999999991923687,-0.009768999999998584,3.500000000400405e-05,-4.9999999873762135e-06,6322,0,1,0,1,0,1,1.4000000000000001,2588.822463008066,78.2069031111814,19642.950106038003,3979,0
1028.25,1.2,9.5,-2.6,2201.738,60.927425,0.47119999999995343,-0.0014000000001033186,0.00019999999949504854,-0.009728000000002623,4.0999999995960934e-05,5.999999991956884e-06,6323,0,1,0,1,0,1,1.4000000000000001,2588.7612542061984,78.20417074588867,19645.592191743686,3980,0
1027.25,1.2,9.5,-2.6,2202.2078,60.917736,0.46980000000030486,-0.0013999999996485712,4.547473508864641e-13,-0.009689000000001613,3.900000000101045e-05,-1.9999999949504854e-06,6324,0,1,0,1,0,1,1.4000000000000001,2588.700139035573,78.20143771272727,19648.234841209392,3981,0
1027.25,1.2,9.5,-2.6,2202.676,60.908085,0.468199999999797,-0.0016000000005078618,-0.0002000000008592906,-0.009650999999998078,3.8000000003535206e-05,-9.999999974752427e-07,6325,0,1,0,1,0,1,1.4000000000000001,2588.639117198862,78.19870401802086,19650.878052515123,3982,0
1027.25,1.2,9.5,-2.6,2203.1428,60.898476,0.46680000000014843,-0.0013999999996485712,0.0002000000008592906,-0.009608999999997536,4.2000000000541604e-05,3.999999997006398e-06,6326,0,1,0,1,0,1,1.4000000000000001,2588.5781884305356,78.19596966872135,19653.52182398087,3983,0
1025.75,1.2,9.5,-2.6,2203.6082,60.8889,0.4654000000000451,-0.0014000000001033186,-4.547473508864641e-13,-0.009576000000002693,3.299999999484271e-05,-9.000000005698894e-06,6327,0,1,0,1,0,1,1.4000000000000001,2588.5173524652337,78.19323467035399,19656.166153926646,3984,0
1026.25,1.2,9.5,-2.6,2204.072,60.87937,0.463799999999992,-0.0016000000000531145,-0.0001999999999497959,-0.00952999999999804,4.600000000465343e-05,1.300000000981072e-05,6328,0,1,0,1,0,1,1.4000000000000001,2588.456609006162,78.19049903049455,19658.81104043244,3985,0
1027.25,1.2,9.5,-2.6,2204.5342,60.869877,0.4621999999999389,-0.0016000000000531145,0.0,-0.009492999999999086,3.6999999998954536e-05,-9.000000005698894e-06,6329,0,1,0,1,0,1,1.4000000000000001,2588.395957756714,78.18776275529225,19661.456481578258,3986,0
1027.5,1.2,9.5,-2.6,2204.995,60.860428,0.46079999999983556,-0.0014000000001033186,0.0001999999999497959,-0.009449000000003593,4.399999999549209e-05,6.999999996537554e-06,6330,0,1,0,1,0,1,1.4000000000000001,2588.3353984520613,78.1850258519981,19664.1024756841,3987,0
1027.25,1.2,9.5,-2.6,2205.4543,60.851017,0.4592999999999847,-0.0014999999998508429,-9.999999974752427e-05,-0.009411000000000058,3.8000000003535206e-05,-5.999999991956884e-06,6331,0,1,0,1,0,1,1.4000000000000001,2588.27493081175,78.18228832691092,19666.74902094996,3988,0
1027.5,1.2,9.5,-2.6,2205.912,60.841644,0.4576999999999316,-0.0016000000000531145,-0.00010000000020227162,-0.009372999999996523,3.8000000003535206e-05,0.0,6332,0,1,0,1,0,1,1.4000000000000001,2588.2145545397125,78.1795501863256,19669.396115455846,3989,0
1026.75,1.2,9.5,-2.6,2206.3682,60.832314,0.45620000000008076,-0.0014999999998508429,0.00010000000020227162,-0.009330000000005612,4.299999999091142e-05,4.9999999873762135e-06,6333,0,1,0,1,0,1,1.4000000000000001,2588.154269355857,78.17681143732239,19672.04375740175,3990,0
1027.75,1.2,9.5,-2.6,2206.8228,60.823025,0.45460000000002765,-0.0016000000000531145,-0.00010000000020227162,-0.00928899999999544,4.100000001017179e-05,-1.9999999807396307e-06,6334,0,1,0,1,0,1,1.4000000000000001,2588.094074964483,78.17407208666141,19674.691944867678,3991,0
1028.75,1.2,9.5,-2.6,2207.276,60.813778,0.45319999999992433,-0.0014000000001033186,0.0001999999999497959,-0.009247000000002004,4.199999999343618e-05,9.99999983264388e-07,6335,0,1,0,1,0,1,1.4000000000000001,2588.0339711016413,78.17133214125631,19677.340676173626,3992,0
1026.75,1.2,9.5,-2.6,2207.727,60.80457,0.45100000000002183,-0.002199999999902502,-0.0007999999997991836,-0.009208000000000993,3.900000000101045e-05,-2.999999992425728e-06,6336,0,1,0,1,0,1,1.4000000000000001,2587.973957377308,78.16859160754301,19679.9899486796,3993,0
1026.75,1.2,9.5,-2.6,2208.177,60.795406,0.45000000000027285,-0.0009999999997489795,0.0012000000001535227,-0.009163999999998396,4.400000000259752e-05,5.000000001587068e-06,6337,0,1,0,1,0,1,1.4000000000000001,2587.9140335910383,78.1658504927422,19682.63976118559,3994,0
1025.75,1.2,9.5,-2.6,2208.625,60.78628,0.4479999999998654,-0.0020000000004074536,-0.0010000000006584742,-0.009126000000001966,3.799999999642978e-05,-6.000000006167738e-06,6338,0,1,0,1,0,1,1.4000000000000001,2587.854199384761,78.16310880312352,19685.290111291604,3995,0
1026.75,1.2,9.5,-2.6,2209.0715,60.777203,0.44650000000001455,-0.0014999999998508429,0.0005000000005566108,-0.009076999999997781,4.9000000004184585e-05,1.1000000007754807e-05,6339,0,1,0,1,0,1,1.4000000000000001,2587.794454479495,78.1603665466877,19687.94099719764,3996,0
1026.75,1.2,9.5,-2.6,2209.5164,60.76816,0.44489999999996144,-0.0016000000000531145,-0.00010000000020227162,-0.009042999999998358,3.399999999942338e-05,-1.5000000004761205e-05,6340,0,1,0,1,0,1,1.4000000000000001,2587.7347985806655,78.15762372906482,19690.592416983698,3997,0
1026.75,1.2,9.5,-2.6,2209.9595,60.759163,0.4430999999999585,-0.0018000000000029104,-0.0001999999999497959,-0.00899700000000081,4.5999999997548e-05,1.1999999998124622e-05,6341,0,1,0,1,0,1,1.4000000000000001,2587.675231362346,78.15488035777356,19693.244368489773,3998,0
1025.75,1.2,9.5,-2.6,2210.4011,60.75021,0.4416000000001077,-0.0014999999998508429,0.0003000000001520675,-0.008952999999998212,4.400000000259752e-05,-1.9999999949504854e-06,6342,0,1,0,1,0,1,1.4000000000000001,2587.615752546114,78.15213644001261,19695.896849915873,3999,0
1026.0,1.2,9.5,-2.6,2210.8408,60.7413,0.4396999999999025,-0.001900000000205182,-0.00040000000035433914,-0.008910000000000196,4.299999999801685e-05,-1.00000000458067e-06,6343,0,1,0,1,0,1,1.4000000000000001,2587.5563617906682,78.14939198281841,19698.549858981994,4000,0
1026.0,1.2,9.5,-2.6,2211.2788,60.73243,0.43800000000010186,-0.0016999999998006388,0.00020000000040454324,-0.00887000000000171,3.999999999848569e-05,-2.9999999995311555e-06,6344,0,1,0,1,0,1,1.4000000000000001,2587.497058786446,78.14664699275019,19701.203393648135,4001,0
1025.25,1.2,9.5,-2.6,2211.7153,60.723602,0.4364999999997963,-0.0015000000003055902,0.00019999999949504854,-0.008828000000001168,4.2000000000541604e-05,2.0000000020559128e-06,6345,0,1,0,1,0,1,1.4000000000000001,2587.437843255594,78.14390147667822,19703.8574521143,4002,0
1024.25,1.3,9.5,-2.6,2212.15,60.71482,0.4347000000002481,-0.001799999999548163,-0.0002999999992425728,-0.008781999999996515,4.600000000465343e-05,4.0000000041118255e-06,6346,0,1,0,1,0,1,1.3,2587.3787148731685,78.14115544209864,19706.512032220482,4003,0
1023.75,1.3,9.5,-2.6,2212.5828,60.70608,0.43280000000004293,-0.001900000000205182,-0.00010000000065701897,-0.008740000000003079,4.199999999343618e-05,-4.000000011217253e-06,6347,0,1,0,1,0,1,1.3,2587.3196732986767,78.13840889587271,19709.167131686685,4004,0
1023.75,1.3,9.5,-2.6,2213.0137,60.697384,0.43089999999983775,-0.001900000000205182,0.0,-0.008696000000000481,4.400000000259752e-05,2.00000000916134e-06,6348,0,1,0,1,0,1,1.3,2587.260718191841,78.13566184517246,19711.82274823291,4005,0
1023.25,1.3,9.5,-2.6,2213.443,60.688732,0.4293000000002394,-0.0015999999995983671,0.00030000000060681487,-0.008651999999997884,4.400000000259752e-05,0.0,6349,0,1,0,1,0,1,1.3,2587.201849259842,78.13291429716536,19714.478879939154,4006,0
1023.25,1.3,9.5,-2.6,2213.8706,60.680126,0.427599999999984,-0.0017000000002553861,-0.00010000000065701897,-0.008606000000000336,4.5999999997548e-05,1.9999999949504854e-06,6350,0,1,0,1,0,1,1.3,2587.1430661943,78.13016625932924,19717.13552476542,4007,0
1021.75,1.3,9.5,-2.6,2214.2964,60.671562,0.4257999999999811,-0.0018000000000029104,-9.999999974752427e-05,-0.008563999999999794,4.2000000000541604e-05,-3.999999997006398e-06,6351,0,1,0,1,0,1,1.3,2587.0843686712847,78.12741773850756,19719.792680551705,4008,0
1020.25,1.3,9.5,-2.6,2214.7202,60.663044,0.4238000000000284,-0.0019999999999527063,-0.0001999999999497959,-0.008518000000002246,4.5999999997548e-05,3.999999997006398e-06,6352,0,1,0,1,0,1,1.3,2587.0257563355894,78.12466874216905,19722.450344898014,4009,0
1020.5,1.3,9.5,-2.6,2215.1423,60.654568,0.422099999999773,-0.0017000000002553861,0.00029999999969732016,-0.008476000000001704,4.2000000000541604e-05,-3.999999997006398e-06,6353,0,1,0,1,0,1,1.3,2586.967228879446,78.12191927714825,19725.10851576434,4010,0
1019.25,1.3,9.5,-2.6,2215.5625,60.64614,0.42020000000002256,-0.0018999999997504347,-0.00019999999949504854,-0.008427999999994995,4.800000000670934e-05,6.000000006167738e-06,6354,0,1,0,1,0,1,1.3,2586.908785963808,78.11916935121951,19727.767190870687,4011,0
1018.75,1.3,9.5,-2.6,2215.981,60.637756,0.4185000000002219,-0.0016999999998006388,0.0001999999999497959,-0.008383999999999503,4.399999999549209e-05,-4.000000011217253e-06,6355,0,1,0,1,0,1,1.3,2586.850427281309,78.11641897152298,19730.426368177054,4012,0
1018.75,1.3,9.5,-2.6,2216.3975,60.629417,0.41649999999981446,-0.0020000000004074536,-0.00030000000060681487,-0.008339000000006536,4.499999999296733e-05,9.999999974752427e-07,6356,0,1,0,1,0,1,1.3,2586.792152477584,78.11366814535158,19733.086045283442,4013,0
1017.75,1.3,9.5,-2.6,2216.812,60.62112,0.41449999999986176,-0.0019999999999527063,4.547473508864641e-13,-0.008296999999998889,4.200000000764703e-05,-2.9999999853203008e-06,6357,0,1,0,1,0,1,1.3,2586.73396119849,78.11091687952185,19735.74621978985,4014,0
1017.75,1.3,9.5,-2.6,2217.2246,60.612873,0.4126000000001113,-0.0018999999997504347,0.00010000000020227162,-0.008246999999997229,5.000000000165983e-05,7.999999994012796e-06,6358,0,1,0,1,0,1,1.3,2586.6758531058344,78.1081651821041,19738.406889416274,4015,0
1018.0,1.3,9.5,-2.6,2217.6355,60.60467,0.41089999999985594,-0.0017000000002553861,0.00019999999949504854,-0.008203000000001737,4.399999999549209e-05,-6.000000006167738e-06,6359,0,1,0,1,0,1,1.3,2586.6178278930815,78.10541306022013,19741.068052122722,4016,0
1016.75,1.3,9.5,-2.6,2218.0444,60.596516,0.408900000000358,-0.001999999999497959,-0.0002999999992425728,-0.008153999999997552,4.9000000004184585e-05,5.000000008692496e-06,6360,0,1,0,1,0,1,1.3,2586.5598852067287,78.1026605217733,19743.729705509188,4017,0
1015.25,1.3,9.5,-2.6,2218.4512,60.588406,0.40679999999974825,-0.0021000000006097252,-0.00010000000111176632,-0.00811000000000206,4.399999999549209e-05,-5.000000008692496e-06,6361,0,1,0,1,0,1,1.3,2586.502024677774,78.09990757387614,19746.391847055675,4018,0
1016.25,1.3,9.5,-2.6,2218.8562,60.58034,0.4050000000002001,-0.001799999999548163,0.0003000000010615622,-0.008065999999999462,4.400000000259752e-05,7.105427357601002e-15,6362,0,1,0,1,0,1,1.3,2586.444245984598,78.09715422363665,19749.05447460218,4019,0
1015.75,1.3,9.5,-2.6,2219.2593,60.572323,0.4030999999999949,-0.001900000000205182,-0.00010000000065701897,-0.008017000000002383,4.899999999707916e-05,4.999999994481641e-06,6363,0,1,0,1,0,1,1.3,2586.3865487900694,78.09440047894407,19751.717585868704,4020,0
1013.25,1.3,9.5,-2.6,2219.6602,60.564354,0.40089999999963766,-0.0022000000003572495,-0.0003000000001520675,-0.007968999999995674,4.800000000670934e-05,-9.999999903698154e-07,6364,0,1,0,1,0,1,1.3,2586.3289327101334,78.09164634752553,19754.381178215248,4021,0
1015.25,1.3,9.5,-2.6,2220.0593,60.55643,0.3991000000000895,-0.001799999999548163,0.0004000000008090865,-0.007924000000002707,4.499999999296733e-05,-3.00000001374201e-06,6365,0,1,0,1,0,1,1.3,2586.271397423814,78.0888918366321,19757.04524948181,4022,0
1016.25,1.3,9.5,-2.6,2220.4563,60.548553,0.3969999999999345,-0.002100000000154978,-0.00030000000060681487,-0.007877000000000578,4.700000000212867e-05,2.00000000916134e-06,6366,0,1,0,1,0,1,1.3,2586.2139425632167,78.08613695382441,19759.709797148393,4023,0
1016.75,1.3,9.5,-2.6,2220.8513,60.540726,0.3949999999999818,-0.0019999999999527063,0.00010000000020227162,-0.007826999999998918,5.000000000165983e-05,2.9999999995311555e-06,6367,0,1,0,1,0,1,1.3,2586.156567776382,78.08338170712939,19762.37481881499,4024,0
1017.75,1.3,9.5,-2.6,2221.2444,60.532944,0.3931000000002314,-0.0018999999997504347,0.00010000000020227162,-0.007781999999998845,4.500000000007276e-05,-5.000000001587068e-06,6368,0,1,0,1,0,1,1.3,2586.099272727273,78.08062610378396,19765.04031220161,4025,0
1017.75,1.3,9.5,-2.6,2221.6353,60.52521,0.3908999999998741,-0.0022000000003572495,-0.00030000000060681487,-0.0077339999999992415,4.7999999999603915e-05,2.9999999995311555e-06,6369,0,1,0,1,0,1,1.3,2586.042057032967,78.07787015149137,19767.70627466825,4026,0
1016.75,1.3,9.5,-2.6,2222.0242,60.517525,0.3888999999999214,-0.0019999999999527063,0.00020000000040454324,-0.007685000000002162,4.899999999707916e-05,9.999999974752427e-07,6370,0,1,0,1,0,1,1.3,2585.9849203421754,78.07511385810704,19770.372703814908,4027,0
1015.75,1.3,9.5,-2.6,2222.411,60.509888,0.3868000000002212,-0.0020999999997002305,-9.999999974752427e-05,-0.007637000000002558,4.7999999999603915e-05,-9.999999974752427e-07,6371,0,1,0,1,0,1,1.3,2585.9278622881357,78.07235723132455,19773.039597121584,4028,0
1016.75,1.3,9.5,-2.6,2222.7957,60.5023,0.3847000000000662,-0.002100000000154978,-4.547473508864641e-13,-0.007587999999998374,4.9000000004184585e-05,1.00000000458067e-06,6372,0,1,0,1,0,1,1.3,2585.870882504315,78.06960027898948,19775.706952068278,4029,0
1016.5,1.3,9.5,-2.6,2223.1782,60.49476,0.38249999999970896,-0.0022000000003572495,-0.00010000000020227162,-0.00753999999999877,4.7999999999603915e-05,-1.00000000458067e-06,6373,0,1,0,1,0,1,1.3,2585.813980608723,78.0668430087857,19778.37476601499,4030,0
1015.75,1.3,9.5,-2.6,2223.5586,60.487267,0.38040000000000873,-0.0020999999997002305,0.00010000000065701897,-0.007492999999996641,4.700000000212867e-05,-9.999999974752427e-07,6374,0,1,0,1,0,1,1.3,2585.757156235294,78.06408542823529,19781.043036441723,4031,0
1015.75,1.3,9.5,-2.6,2223.937,60.479824,0.378400000000056,-0.0019999999999527063,9.999999974752427e-05,-0.007443000000002087,4.99999999945544e-05,2.999999992425728e-06,6375,0,1,0,1,0,1,1.3,2585.700409033877,78.06132754532622,19783.71176094847,4032,0
1015.75,1.3,9.5,-2.6,2224.3132,60.47243,0.3762000000001535,-0.002199999999902502,-0.0001999999999497959,-0.007393999999997902,4.9000000004184585e-05,-9.999999903698154e-07,6376,0,1,0,1,0,1,1.3,2585.6437386231773,78.05856936788459,19786.38093689524,4033,0
1013.75,1.3,9.5,-2.6,2224.6873,60.465088,0.37409999999999854,-0.002100000000154978,9.999999974752427e-05,-0.007342000000001292,5.199999999661031e-05,2.999999992425728e-06,6377,0,1,0,1,0,1,1.3,2585.5871446378173,78.05581090420195,19789.050561762022,4034,0
1013.75,1.3,9.5,-2.6,2225.0593,60.45779,0.37199999999984357,-0.002100000000154978,0.0,-0.007297999999998694,4.400000000259752e-05,-7.999999994012796e-06,6378,0,1,0,1,0,1,1.3,2585.5306267126507,78.05305216131055,19791.720633028825,4035,0
1013.25,1.3,9.5,-2.6,2225.429,60.450546,0.36970000000019354,-0.0022999999996500264,-0.00019999999949504854,-0.007244000000000028,5.3999999998666226e-05,9.999999996068709e-06,6379,0,1,0,1,0,1,1.3,2585.4741844514106,78.05029314780565,19794.391147935647,4036,0
1014.25,1.3,9.5,-2.6,2225.7966,60.44335,0.36760000000003856,-0.002100000000154978,0.00019999999949504854,-0.007196000000000424,4.7999999999603915e-05,-5.999999999062311e-06,6380,0,1,0,1,0,1,1.3,2585.417817489422,78.04753387133678,19797.062103962486,4037,0
1014.25,1.4,9.5,-2.6,2226.1619,60.436207,0.3652999999999338,-0.002300000000104774,-0.0001999999999497959,-0.007142999999999233,5.300000000119098e-05,5.000000001587068e-06,6381,0,1,0,1,0,1,1.2000000000000002,2585.3615254308993,78.04477434033218,19799.73349834934,4038,0
1014.25,1.4,9.5,-2.6,2226.525,60.42911,0.3631000000000313,-0.002199999999902502,0.00010000000020227162,-0.007097000000001685,4.5999999997548e-05,-7.000000003642981e-06,6382,0,1,0,1,0,1,1.2000000000000002,2585.305307895974,78.04201456211813,19802.405328456214,4039,0
1014.0,1.4,9.5,-2.6,2226.8857,60.42207,0.36069999999972424,-0.0024000000003070454,-0.00020000000040454324,-0.007040000000003488,5.699999999819738e-05,1.100000000064938e-05,6383,0,1,0,1,0,1,1.2000000000000002,2585.2491644736842,78.03925454573935,19805.077591403104,4040,0
1013.25,1.4,9.5,-2.6,2227.2444,60.415073,0.3587000000002263,-0.001999999999497959,0.0004000000008090865,-0.006996999999998366,4.3000000005122274e-05,-1.3999999993075107e-05,6384,0,1,0,1,0,1,1.2000000000000002,2585.1930948159747,78.03649429804229,19807.75028479001,4041,0
1013.0,1.4,9.5,-2.6,2227.6008,60.40813,0.3564000000001215,-0.002300000000104774,-0.00030000000060681487,-0.006942999999999699,5.3999999998666226e-05,1.0999999993543952e-05,6385,0,1,0,1,0,1,1.2000000000000002,2585.13709852803,78.0337338275916,19810.423405856935,4042,0
1013.25,1.4,9.5,-2.6,2227.9548,60.40124,0.35399999999981446,-0.0024000000003070454,-0.00010000000020227162,-0.006889999999998508,5.300000000119098e-05,-9.999999974752427e-07,6386,0,1,0,1,0,1,1.2000000000000002,2585.0811751996243,78.03097314279005,19813.096951723877,4043,0
1013.25,1.4,9.5,-2.6,2228.3066,60.3944,0.35179999999991196,-0.002199999999902502,0.00020000000040454324,-0.006840000000003954,4.99999999945544e-05,-3.000000006636583e-06,6387,0,1,0,1,0,1,1.2000000000000002,2585.0253244520977,78.02821225156544,19815.770919750837,4044,0
1011.75,1.4,9.5,-2.6,2228.656,60.38761,0.34940000000005966,-0.002399999999852298,-0.0001999999999497959,-0.006789999999995189,5.0000000008765255e-05,1.4210854715202004e-14,6388,0,1,0,1,0,1,1.2000000000000002,2584.9695458757237,78.02545116184066,19818.445307057813,4045,0
1010.75,1.4,9.5,-2.6,2229.0032,60.380875,0.34720000000015716,-0.002199999999902502,0.0001999999999497959,-0.006734999999999047,5.499999999614147e-05,4.9999999873762135e-06,6389,0,1,0,1,0,1,1.2000000000000002,2584.9138390923317,78.02268988231612,19821.120111004806,4046,0
1012.25,1.4,9.5,-2.6,2229.3481,60.37419,0.3449000000000524,-0.002300000000104774,-0.00010000000020227162,-0.006685000000004493,4.99999999945544e-05,-5.000000001587068e-06,6390,0,1,0,1,0,1,1.2000000000000002,2584.8582037083397,78.01992842090439,19823.795328831813,4047,0
1011.75,1.4,9.5,-2.6,2229.6907,60.367558,0.3425999999999476,-0.002300000000104774,0.0,-0.0066319999999961965,5.300000000829641e-05,3.00000001374201e-06,6391,0,1,0,1,0,1,1.2000000000000002,2584.802639330413,78.01716678598248,19826.470957778838,4048,0
1011.25,1.4,9.5,-2.6,2230.0308,60.360977,0.34009999999989304,-0.0025000000000545697,-0.0001999999999497959,-0.006581000000004167,5.099999999202964e-05,-2.0000000162667675e-06,6392,0,1,0,1,0,1,1.2000000000000002,2584.747145534178,78.01440498560926,19829.14699484588,4049,0
1012.75,1.4,9.5,-2.6,2230.3687,60.354446,0.33789999999999054,-0.002199999999902502,0.0003000000001520675,-0.006530999999995402,5.0000000008765255e-05,-9.99999983264388e-07,6393,0,1,0,1,0,1,1.2000000000000002,2584.6917219424463,78.0116430276822,19831.823437392937,4050,0
1011.25,1.4,9.5,-2.6,2230.7039,60.347973,0.3351999999999862,-0.0027000000000043656,-0.0005000000001018634,-0.006472999999999729,5.7999999995672624e-05,7.999999986907369e-06,6394,0,1,0,1,0,1,1.2000000000000002,2584.636368100078,78.00888092134481,19834.50028218001,4051,0
1008.75,1.4,9.5,-2.6,2231.0369,60.34155,0.3330000000000837,-0.002199999999902502,0.0005000000001018634,-0.006423000000005175,4.99999999945544e-05,-8.000000001118224e-06,6395,0,1,0,1,0,1,1.2000000000000002,2584.581083630394,78.00611867448404,19837.177526567102,4052,0
1008.75,1.4,9.5,-2.6,2231.3674,60.33518,0.3305000000000291,-0.0025000000000545697,-0.0003000000001520675,-0.006369999999996878,5.300000000829641e-05,3.00000001374201e-06,6396,0,1,0,1,0,1,1.2000000000000002,2584.5258681100513,78.00335629545098,19839.855167554208,4053,0
1008.75,1.4,9.5,-2.6,2231.6956,60.32886,0.32819999999992433,-0.002300000000104774,0.0001999999999497959,-0.006320000000002324,4.99999999945544e-05,-3.00000001374201e-06,6397,0,1,0,1,0,1,1.2000000000000002,2584.4707211472337,78.00059379212253,19842.533202381328,4054,0
1009.75,1.4,9.5,-2.6,2232.0215,60.322598,0.32589999999981956,-0.002300000000104774,0.0,-0.006261999999999546,5.800000000277805e-05,8.000000008223651e-06,6398,0,1,0,1,0,1,1.2000000000000002,2584.4156423503673,77.99783117362088,19845.211628288464,4055,0
1009.25,1.4,9.5,-2.6,2232.3447,60.31639,0.32320000000026994,-0.0026999999995496182,-0.00039999999944484443,-0.0062080000000008795,5.3999999998666226e-05,-4.0000000041118255e-06,6399,0,1,0,1,0,1,1.2000000000000002,2584.360631265625,77.9950684484375,19847.890442035616,4056,0
1008.75,1.4,9.5,-2.6,2232.6655,60.310234,0.3207999999999629,-0.0024000000003070454,0.0002999999992425728,-0.006155999999997164,5.200000000371574e-05,-1.9999999949504854e-06,6400,0,1,0,1,0,1,1.2000000000000002,2584.3056874863305,77.99230562474614,19850.569640742786,4057,0
1009.25,1.4,9.5,-2.6,2232.984,60.30413,0.3184999999998581,-0.002300000000104774,0.00010000000020227162,-0.006104000000000553,5.199999999661031e-05,-7.105427357601002e-15,6401,0,1,0,1,0,1,1.2000000000000002,2584.2508106216806,77.9895427107154,19853.24922164997,4058,0
1010.25,1.4,9.5,-2.6,2233.2996,60.298084,0.31559999999990396,-0.0028999999999541615,-0.0005999999998493877,-0.006045999999997775,5.800000000277805e-05,6.000000006167738e-06,6402,0,1,0,1,0,1,1.2000000000000002,2584.196000187412,77.98677971544589,19855.929181277166,4059,0
1008.75,1.4,9.5,-2.6,2233.613,60.29209,0.31340000000000146,-0.002199999999902502,0.0007000000000516593,-0.005994000000001165,5.199999999661031e-05,-6.000000006167738e-06,6403,0,1,0,1,0,1,1.2000000000000002,2584.1412558088696,77.98401664709557,19858.60951698438,4060,0
1006.75,1.4,9.5,-2.6,2233.9238,60.28615,0.31080000000019936,-0.002599999999802094,-0.0003999999998995918,-0.005940000000002499,5.3999999998666226e-05,2.0000000020559128e-06,6404,0,1,0,1,0,1,1.2000000000000002,2584.0865770491805,77.98125351412959,19861.29022565161,4061,0
1006.75,1.4,9.5,-2.6,2234.2322,60.28027,0.3083999999998923,-0.0024000000003070454,0.00019999999949504854,-0.005879999999997665,6.0000000004833964e-05,6.000000006167738e-06,6405,0,1,0,1,0,1,1.2000000000000002,2584.031963502966,77.97849032594443,19863.971304398852,4062,0
1007.25,1.4,9.5,-2.6,2234.5378,60.27444,0.3056000000001404,-0.00279999999975189,-0.00039999999944484443,-0.0058300000000031105,4.99999999945544e-05,-1.0000000010279564e-05,6406,0,1,0,1,0,1,1.2000000000000002,2583.977414702669,77.97572709036992,19866.65274986611,4063,0
1008.75,1.4,9.5,-2.6,2234.841,60.268665,0.3031999999998334,-0.0024000000003070454,0.00039999999944484443,-0.005774999999999864,5.5000000003246896e-05,5.000000008692496e-06,6407,0,1,0,1,0,1,1.2000000000000002,2583.9229302434455,77.97296381601123,19869.33455917338,4064,0
1008.75,1.4,9.5,-2.6,2235.1416,60.262947,0.3006000000000313,-0.002599999999802094,-0.00019999999949504854,-0.005718000000001666,5.699999999819738e-05,1.9999999949504854e-06,6408,0,1,0,1,0,1,1.2000000000000002,2583.868509689499,77.9702005117803,19872.01672920067,4065,0
1009.25,1.4,9.5,-2.6,2235.4397,60.257286,0.2980999999999767,-0.0025000000000545697,9.999999974752427e-05,-0.005660999999996363,5.700000000530281e-05,7.105427357601002e-15,6409,0,1,0,1,0,1,1.2000000000000002,2583.8141526209047,77.96743718658347,19874.69925694797,4066,0
1010.75,1.4,9.5,-2.6,2235.735,60.25168,0.2953000000002248,-0.00279999999975189,-0.00029999999969732016,-0.005606000000000222,5.499999999614147e-05,-2.00000000916134e-06,6410,0,1,0,1,0,1,1.2000000000000002,2583.7598585712058,77.96467384900951,19877.382139055284,4067,0
1011.0,1.5,9.5,-2.6,2236.028,60.246128,0.2929999999996653,-0.002300000000559521,0.0004999999991923687,-0.005552000000001556,5.3999999998666226e-05,-9.999999974752427e-07,6411,0,1,0,1,0,1,1.1,2583.7056271522147,77.96191050748597,19880.065372762616,4068,0
1009.75,1.5,9.5,-2.6,2236.318,60.240635,0.29000000000041837,-0.0029999999992469384,-0.0006999999986874172,-0.005493000000001302,5.9000000000253294e-05,5.000000001587068e-06,6412,0,1,0,1,0,1,1.1,2583.651457866833,77.95914717121472,19882.748954469957,4069,0
1010.75,1.5,9.5,-2.6,2236.6057,60.235195,0.28769999999985885,-0.002300000000559521,0.0006999999986874172,-0.005440000000000111,5.300000000119098e-05,-5.999999999062311e-06,6413,0,1,0,1,0,1,1.1,2583.5973503274085,77.9563838484565,19885.432881417317,4070,0
1012.75,1.5,9.5,-2.6,2236.8906,60.229813,0.28490000000010696,-0.00279999999975189,-0.0004999999991923687,-0.005381999999997333,5.800000000277805e-05,5.000000001587068e-06,6414,0,1,0,1,0,1,1.1,2583.5433040685894,77.9536205482463,19888.117150244685,4071,0
1011.25,1.5,9.5,-2.6,2237.1729,60.22449,0.2822999999998501,-0.0026000000002568413,0.00019999999949504854,-0.00532299999999708,5.9000000000253294e-05,9.999999974752427e-07,6415,0,1,0,1,0,1,1.1,2583.4893186564836,77.95085727976932,19890.80175783207,4072,0
1011.75,1.5,9.5,-2.6,2237.4524,60.219223,0.2795000000000982,-0.00279999999975189,-0.00019999999949504854,-0.005267000000003463,5.599999999361671e-05,-3.000000006636583e-06,6416,0,1,0,1,0,1,1.1,2583.435393626305,77.94809405173757,19893.486700819467,4073,0
1010.25,1.5,9.5,-2.6,2237.7295,60.214012,0.2770999999997912,-0.0024000000003070454,0.00039999999944484443,-0.005211000000002741,5.600000000072214e-05,7.105427357601002e-15,6417,0,1,0,1,0,1,1.1,2583.38152857588,77.9453308728576,19896.171976326877,4074,0
1009.75,1.5,9.5,-2.6,2238.0037,60.20886,0.27420000000029177,-0.002899999999499414,-0.0004999999991923687,-0.0051519999999953825,5.900000000735872e-05,3.000000006636583e-06,6418,0,1,0,1,0,1,1.1,2583.3277230253934,77.94256775229786,19898.857580874304,4075,0
1009.25,1.5,9.5,-2.6,2238.275,60.203762,0.27129999999988286,-0.002900000000408909,-9.094947017729282e-13,-0.005098000000003822,5.39999999915608e-05,-5.000000015797923e-06,6419,0,1,0,1,0,1,1.1,2583.273976495327,77.93980469844237,19901.54351098174,4076,0
1009.25,1.5,9.5,-2.6,2238.5437,60.198723,0.26870000000008076,-0.002599999999802094,0.00030000000060681487,-0.005038999999996463,5.900000000735872e-05,5.000000015797923e-06,6420,0,1,0,1,0,1,1.1,2583.2202885531847,77.93704172044853,19904.22976352919,4077,0
1009.25,1.5,9.5,-2.6,2238.8098,60.19374,0.2660999999998239,-0.0026000000002568413,-4.547473508864641e-13,-0.004983000000002846,5.599999999361671e-05,-3.00000001374201e-06,6421,0,1,0,1,0,1,1.1,2583.1666587667396,77.93427882700094,19906.916335396654,4078,0
1008.75,1.5,9.5,-2.6,2239.073,60.18882,0.26319999999986976,-0.0028999999999541615,-0.00029999999969732016,-0.004919999999998481,6.300000000436512e-05,7.000000010748408e-06,6422,0,1,0,1,0,1,1.1,2583.1130866573253,77.9315160278686,19909.603223104128,4079,0
1009.25,1.5,9.5,-2.6,2239.3333,60.183956,0.2602999999999156,-0.0028999999999541615,0.0,-0.004863999999997759,5.600000000072214e-05,-7.000000003642981e-06,6423,0,1,0,1,0,1,1.1,2583.0595717465753,77.92875333172479,19912.290423171617,4080,0
1009.25,1.5,9.5,-2.6,2239.591,60.17915,0.2577000000001135,-0.002599999999802094,0.0003000000001520675,-0.004806000000002086,5.7999999995672624e-05,1.9999999949504854e-06,6424,0,1,0,1,0,1,1.1,2583.0061136031127,77.92599074754864,19914.977932479116,4081,0
1008.75,1.5,9.5,-2.6,2239.846,60.174404,0.25500000000010914,-0.0027000000000043656,-0.00010000000020227162,-0.004745999999997252,6.0000000004833964e-05,2.00000000916134e-06,6425,0,1,0,1,0,1,1.1,2582.9527117802677,77.92322828462495,19917.66574778663,4082,0
1007.25,1.5,9.5,-2.6,2240.098,60.169716,0.2519999999999527,-0.003000000000156433,-0.0003000000001520675,-0.00468800000000158,5.7999999995672624e-05,-2.00000000916134e-06,6426,0,1,0,1,0,1,1.1,2582.8993657849696,77.92046595192157,19920.353865494155,4083,0
1006.25,1.5,9.5,-2.6,2240.3472,60.16509,0.24920000000020082,-0.00279999999975189,0.00020000000040454324,-0.004626000000001795,6.199999999978445e-05,4.0000000041118255e-06,6427,0,1,0,1,0,1,1.1,2582.8460751555695,77.91770375902303,19923.04228224169,4084,0
1006.25,1.5,9.5,-2.6,2240.5935,60.16052,0.2462999999997919,-0.002900000000408909,-0.00010000000065701897,-0.004570000000001073,5.600000000072214e-05,-5.999999999062311e-06,6428,0,1,0,1,0,1,1.1,2582.79283941515,77.91494171457458,19925.730994549238,4085,0
1005.75,1.5,9.5,-2.6,2240.8372,60.15601,0.2436999999999898,-0.002599999999802094,0.00030000000060681487,-0.004509999999996239,6.0000000004833964e-05,4.0000000041118255e-06,6429,0,1,0,1,0,1,1.1,2582.739658133748,77.91217982783826,19928.4199992968,4086,0
1004.75,1.5,9.5,-2.6,2241.0776,60.151558,0.24040000000013606,-0.0032999999998537533,-0.0007000000000516593,-0.004452000000000567,5.7999999995672624e-05,-2.00000000916134e-06,6430,0,1,0,1,0,1,1.1,2582.686530772819,77.9094181077593,19931.109292524372,4087,0
1005.25,1.5,9.5,-2.6,2241.3154,60.147167,0.23779999999987922,-0.0026000000002568413,0.000699999999596912,-0.004390999999998257,6.100000000230921e-05,3.000000006636583e-06,6431,0,1,0,1,0,1,1.1,2582.633456902985,77.90665656374378,19933.798871111954,4088,0
1007.25,1.5,9.5,-2.4,2241.5505,60.142838,0.23509999999987485,-0.0027000000000043656,-9.999999974752427e-05,-0.004329000000005578,6.199999999267902e-05,9.999999903698154e-07,6432,0,1,0,1,0,1,0.8999999999999999,2582.5804360795896,77.90389520534742,19936.48873181955,4089,0
1008.25,1.5,9.5,-2.4,2241.7825,60.13857,0.2319999999999709,-0.0030999999999039574,-0.0003999999998995918,-0.004267999999996164,6.1000000009414634e-05,-9.99999983264388e-07,6433,0,1,0,1,0,1,0.8999999999999999,2582.5274677960833,77.90113404196457,19939.178870927153,4090,0
1007.75,1.5,9.5,-2.4,2242.0115,60.134357,0.2290000000002692,-0.0029999999997016857,0.00010000000020227162,-0.004213000000000022,5.499999999614147e-05,-6.000000013273166e-06,6434,0,1,0,1,0,1,0.8999999999999999,2582.4745515617715,77.89837308205128,19941.86928483477,4091,0
1007.75,1.5,9.5,-2.4,2242.2375,60.13021,0.22600000000011278,-0.003000000000156433,-4.547473508864641e-13,-0.0041470000000032314,6.599999999679085e-05,1.100000000064938e-05,6435,0,1,0,1,0,1,0.8999999999999999,2582.421686886265,77.89561233576757,19944.5599699424,4092,0
1008.25,1.5,9.5,-2.4,2242.4607,60.12612,0.22319999999990614,-0.002800000000206637,0.0001999999999497959,-0.004089999999997929,5.700000000530281e-05,-8.999999991488039e-06,6436,0,1,0,1,0,1,0.8999999999999999,2582.368873310548,77.89285181186888,19947.250922890038,4093,0
1008.25,1.5,9.5,-2.4,2242.681,60.122093,0.22029999999995198,-0.0028999999999541615,-9.999999974752427e-05,-0.004027000000000669,6.299999999725969e-05,5.999999991956884e-06,6437,0,1,0,1,0,1,0.8999999999999999,2582.31611036036,77.89009152003727,19949.942140197687,4094,0
1009.25,1.5,9.5,-2.4,2242.8982,60.11813,0.21720000000004802,-0.0030999999999039574,-0.0001999999999497959,-0.003962999999998829,6.400000000184036e-05,1.00000000458067e-06,6438,0,1,0,1,0,1,0.8999999999999999,2582.2633975306726,77.88733147010406,19952.633618145344,4095,0
1010.75,1.5,9.5,-2.4,2243.1125,60.114223,0.21430000000009386,-0.0028999999999541615,0.0001999999999497959,-0.003906999999998106,5.600000000072214e-05,-8.000000001118224e-06,6439,0,1,0,1,0,1,0.8999999999999999,2582.210734347826,77.88457167065218,19955.325353253014,4096,0
1011.0,1.5,9.5,-2.4,2243.3237,60.110382,0.21119999999973516,-0.0031000000003587047,-0.00020000000040454324,-0.0038410000000013156,6.599999999679085e-05,9.999999996068709e-06,6440,0,1,0,1,0,1,0.8999999999999999,2582.1581203074056,77.88181213181183,19958.017341800693,4097,0
1012.25,1.5,9.5,-2.4,2243.532,60.1066,0.20830000000023574,-0.002899999999499414,0.0002000000008592906,-0.0037820000000010623,5.9000000000253294e-05,-6.999999996537554e-06,6441,0,1,0,1,0,1,0.8999999999999999,2582.105554936355,77.8790528626203,19960.709580308383,4098,0
1011.75,1.5,9.5,-2.4,2243.7373,60.102882,0.20529999999962456,-0.0030000000006111804,-0.00010000000111176632,-0.003717999999999222,6.400000000184036e-05,5.000000001587068e-06,6442,0,1,0,1,0,1,0.8999999999999999,2582.0530377463915,77.8762938728853,19963.402065176084,4099,0
1010.75,1.5,9.5,-2.4,2243.9395,60.099224,0.20220000000017535,-0.00309999999944921,-9.999999883802957e-05,-0.0036580000000014934,5.999999999772854e-05,-4.0000000041118255e-06,6443,0,1,0,1,0,1,0.8999999999999999,2582.000568234016,77.87353517178771,19966.09479268379,4100,0
1011.0,1.5,9.5,-2.4,2244.1387,60.09563,0.19920000000001892,-0.003000000000156433,9.999999929277692e-05,-0.003593999999999653,6.400000000184036e-05,4.0000000041118255e-06,6444,0,1,0,1,0,1,0.8999999999999999,2581.9481459115595,77.87077676912335,19968.78775923151,4101,0
1010.25,1.6,9.5,-2.4,2244.3347,60.0921,0.1959999999999127,-0.003200000000106229,-0.0001999999999497959,-0.0035299999999978127,6.400000000184036e-05,0.0,6445,0,1,0,1,0,1,0.7999999999999998,2581.8957702606267,77.86801867468198,19971.48096097924,4102,0
1009.25,1.6,9.5,-2.4,2244.5276,60.08863,0.19290000000000873,-0.0030999999999039574,0.00010000000020227162,-0.003470000000000084,5.999999999772854e-05,-4.0000000041118255e-06,6446,0,1,0,1,0,1,0.7999999999999998,2581.8434407786567,77.8652608976268,19974.174394206977,4103,0
1008.25,1.6,9.5,-2.4,2244.7175,60.085224,0.18990000000030705,-0.0029999999997016857,0.00010000000020227162,-0.003406000000005349,6.399999999473494e-05,3.999999997006398e-06,6447,0,1,0,1,0,1,0.7999999999999998,2581.7911569789085,77.86250344773573,19976.86805531472,4104,0
1006.75,1.6,9.5,-2.4,2244.9043,60.081882,0.18679999999994834,-0.0031000000003587047,-0.00010000000065701897,-0.0033419999999964034,6.400000000894579e-05,1.4210854715202004e-14,6448,0,1,0,1,0,1,0.7999999999999998,2581.7389183594355,77.85974633478058,19979.561940582476,4105,0
1006.25,1.6,9.5,-2.4,2245.088,60.0786,0.18370000000004438,-0.0030999999999039574,4.547473508864641e-13,-0.003281999999998675,5.999999999772854e-05,-4.000000011217253e-06,6449,0,1,0,1,0,1,0.7999999999999998,2581.6867244186046,77.85698956790698,19982.25604629024,4106,0
1006.25,1.6,9.5,-2.4,2245.2683,60.075386,0.18029999999998836,-0.003400000000056025,-0.0003000000001520675,-0.003213999999999828,6.799999999884676e-05,8.000000001118224e-06,6450,0,1,0,1,0,1,0.7999999999999998,2581.6345746085876,77.85423315749496,19984.950368358015,4107,0
1006.25,1.6,9.5,-2.4,2245.4458,60.072235,0.17749999999978172,-0.002800000000206637,0.0005999999998493877,-0.0031510000000025684,6.299999999725969e-05,-5.000000001587068e-06,6451,0,1,0,1,0,1,0.7999999999999998,2581.5824684748914,77.85147711314322,19987.644903425797,4108,0
1006.25,1.6,9.5,-2.4,2245.6199,60.06915,0.17410000000018044,-0.0033999999996012775,-0.0005999999993946403,-0.003084999999998672,6.600000000389628e-05,3.000000006636583e-06,6452,0,1,0,1,0,1,0.7999999999999998,2581.530405470324,77.84872144490934,19990.339647413584,4109,0
1006.5,1.6,9.5,-2.4,2245.791,60.066124,0.171100000000024,-0.003000000000156433,0.00039999999944484443,-0.003025999999998419,5.9000000000253294e-05,-7.000000003642981e-06,6453,0,1,0,1,0,1,0.7999999999999998,2581.478385110009,77.84596616176015,19993.034596721383,4110,0
1007.25,1.6,9.5,-2.4,2245.9587,60.063164,0.16769999999996799,-0.003400000000056025,-0.0003999999998995918,-0.002960000000001628,6.599999999679085e-05,6.999999996537554e-06,6454,0,1,0,1,0,1,0.7999999999999998,2581.426406847405,77.84321127374129,19995.72974726919,4111,0
1007.25,1.6,9.5,-2.4,2246.1235,60.060272,0.16480000000001382,-0.0028999999999541615,0.0005000000001018634,-0.0028920000000027812,6.799999999884676e-05,2.0000000020559128e-06,6455,0,1,0,1,0,1,0.7999999999999998,2581.3744702137546,77.84045679120199,19998.425095577004,4112,0
1007.25,1.6,9.5,-2.4,2246.285,60.05744,0.16149999999970532,-0.0033000000003085006,-0.00040000000035433914,-0.0028319999999979473,6.0000000004833964e-05,-7.999999994012796e-06,6456,0,1,0,1,0,1,0.7999999999999998,2581.3225746786434,77.83770272324608,20001.120637684824,4113,0
1007.75,1.6,9.5,-2.4,2246.443,60.054676,0.15800000000035652,-0.003499999999348802,-0.0001999999990403012,-0.0027639999999991005,6.799999999884676e-05,7.999999994012796e-06,6457,0,1,0,1,0,1,0.7999999999999998,2581.270719681016,77.83494908021059,20003.816369392654,4114,0
1010.25,1.6,9.5,-2.4,2246.5981,60.051975,0.1550999999999476,-0.002900000000408909,0.000599999998939893,-0.002701000000001841,6.299999999725969e-05,-5.000000001587068e-06,6458,0,1,0,1,0,1,0.7999999999999998,2581.218904753058,77.83219587165195,20006.512287220492,4115,0
1011.25,1.6,9.5,-2.4,2246.7498,60.04934,0.1516999999998916,-0.003400000000056025,-0.0004999999996471161,-0.0026349999999979445,6.600000000389628e-05,3.000000006636583e-06,6459,0,1,0,1,0,1,0.7999999999999998,2581.1671293498453,77.82944310758513,20009.208387088336,4116,0
1009.75,1.6,9.5,-2.4,2246.8982,60.046772,0.14840000000003783,-0.0032999999998537533,0.00010000000020227162,-0.0025680000000036785,6.699999999426609e-05,9.999999903698154e-07,6460,0,1,0,1,0,1,0.7999999999999998,2581.115392942269,77.82669079817366,20011.904665036185,4117,0
1010.25,1.6,9.5,-2.4,2247.0432,60.04427,0.1449999999999818,-0.003400000000056025,-0.00010000000020227162,-0.002501999999999782,6.600000000389628e-05,-9.999999903698154e-07,6461,0,1,0,1,0,1,0.7999999999999998,2581.0636949860723,77.82393895342,20014.601116984046,4118,0
1010.0,1.6,9.5,-2.4,2247.185,60.041832,0.14179999999987558,-0.003200000000106229,0.0001999999999497959,-0.002437999999997942,6.400000000184036e-05,-2.0000000020559128e-06,6462,0,1,0,1,0,1,0.7999999999999998,2581.012034968281,77.82118758301098,20017.297739091908,4119,0
1010.0,1.6,9.5,-2.4,2247.3237,60.03946,0.13869999999997162,-0.0030999999999039574,0.00010000000020227162,-0.002372000000001151,6.599999999679085e-05,1.9999999949504854e-06,6463,0,1,0,1,0,1,0.7999999999999998,2580.960412391708,77.81843669693689,20019.99452763978,4120,0
1010.25,1.6,9.5,-2.4,2247.459,60.037155,0.1352999999999156,-0.003400000000056025,-0.0003000000001520675,-0.0023049999999997794,6.700000000137152e-05,1.00000000458067e-06,6464,0,1,0,1,0,1,0.7999999999999998,2580.9088267130705,77.81568630533643,20022.69147854766,4121,0
1010.25,1.6,9.5,-2.4,2247.5908,60.034916,0.13180000000011205,-0.003499999999803549,-9.999999974752427e-05,-0.002238999999995883,6.600000000389628e-05,-9.999999974752427e-07,6465,0,1,0,1,0,1,0.7999999999999998,2580.857277373956,77.81293641818745,20025.388587615544,4122,0
1009.75,1.6,9.5,-2.4,2247.7192,60.032745,0.12840000000005602,-0.003400000000056025,9.999999974752427e-05,-0.002171000000004142,6.799999999174133e-05,1.999999987845058e-06,6466,0,1,0,1,0,1,0.7999999999999998,2580.8057638317614,77.81018704577083,20028.085850763433,4123,0
1010.75,1.6,9.5,-2.4,2247.8445,60.03064,0.12530000000015207,-0.0030999999999039574,0.0003000000001520675,-0.0021050000000002456,6.600000000389628e-05,-1.999999987845058e-06,6467,0,1,0,1,0,1,0.7999999999999998,2580.7542855906,77.80743819805194,20030.78326427133,4124,0
1010.5,1.6,9.5,-2.4,2247.9663,60.028603,0.12179999999989377,-0.0035000000002582965,-0.00040000000035433914,-0.002037000000001399,6.799999999884676e-05,1.9999999949504854e-06,6468,0,1,0,1,0,1,0.7999999999999998,2580.702842093059,77.80468988529911,20033.480823939233,4125,0
1010.5,1.6,9.5,-2.4,2248.0847,60.026634,0.11839999999983775,-0.003400000000056025,0.00010000000020227162,-0.0019689999999954466,6.800000000595219e-05,7.105427357601002e-15,6469,0,1,0,1,0,1,0.7999999999999998,2580.651432797527,77.80194211777435,20036.17852568714,4126,0
1009.25,1.6,9.5,-2.4,2248.1997,60.02473,0.11500000000023647,-0.0033999999996012775,4.547473508864641e-13,-0.0019040000000032364,6.499999999221018e-05,-3.00000001374201e-06,6470,0,1,0,1,0,1,0.7999999999999998,2580.600057162726,77.79919490526966,20038.876365435055,4127,0
1009.0,1.6,9.5,-2.4,2248.3113,60.022896,0.1115999999997257,-0.0034000000005107722,-9.094947017729282e-13,-0.0018339999999952283,7.00000000080081e-05,5.000000015797923e-06,6471,0,1,0,1,0,1,0.7999999999999998,2580.548714647713,77.79644825834363,20041.574339102972,4128,0
1010.25,1.6,9.5,-2.4,2248.4194,60.02113,0.1081000000003769,-0.003499999999348802,-9.999999883802957e-05,-0.001766000000003487,6.799999999174133e-05,-2.0000000162667675e-06,6472,0,1,0,1,0,1,0.7999999999999998,2580.497404696431,77.7937021872393,20044.2724424909,4129,0
1011.25,1.6,9.5,-2.4,2248.5242,60.01943,0.10479999999961365,-0.003300000000763248,0.00019999999858555384,-0.0016999999999995907,6.600000000389628e-05,-1.999999987845058e-06,6473,0,1,0,1,0,1,0.7999999999999998,2580.4461267840593,77.79095670188445,20046.97067163883,4130,0
1012.25,1.6,9.5,-2.4,2248.6252,60.0178,0.10100000000011278,-0.0037999999995008693,-0.0004999999987376214,-0.001629999999998688,7.000000000090267e-05,3.999999997006398e-06,6474,0,1,0,1,0,1,0.7999999999999998,2580.39488030888,77.78821181281853,20049.66902198676,4131,0
1011.75,1.6,9.5,-2.4,2248.7231,60.016235,0.09790000000020882,-0.0030999999999039574,0.000699999999596912,-0.0015649999999993724,6.49999999993156e-05,-5.000000001587068e-06,6475,0,1,0,1,0,1,0.7999999999999998,2580.3436647776407,77.78546752980235,20052.3674898147,4132,0
1013.75,1.6,9.5,-2.4,2248.8174,60.014744,0.09429999999974825,-0.003600000000460568,-0.0005000000005566108,-0.0014910000000014634,7.399999999790907e-05,8.999999998593466e-06,6476,0,1,0,1,0,1,0.7999999999999998,2580.2924796201946,77.78272386398024,20055.066070802644,4133,0
1012.75,1.6,9.5,-2.4,2248.9082,60.013317,0.0907999999999447,-0.003499999999803549,0.00010000000065701897,-0.001426999999999623,6.400000000184036e-05,-9.999999996068709e-06,6477,0,1,0,1,0,1,0.7999999999999998,2580.241324282186,77.77998082494597,20057.76476075059,4134,0
1010.75,1.6,9.5,-2.4,2248.9954,60.011963,0.08719999999993888,-0.0036000000000058208,-0.00010000000020227162,-0.0013539999999991892,7.300000000043383e-05,8.999999998593466e-06,6478,0,1,0,1,0,1,0.7999999999999998,2580.1901981941655,77.7772384236765,20060.46355533854,4135,0
1008.25,1.6,9.5,-2.4,2249.079,60.010674,0.08360000000038781,-0.0035999999995510734,4.547473508864641e-13,-0.0012889999999998736,6.49999999993156e-05,-8.000000001118224e-06,6479,0,1,0,1,0,1,0.7999999999999998,2580.139100787037,77.7744966699074,20063.1624502465,4136,0
1009.25,1.6,9.5,-2.4,2249.1594,60.009457,0.08039999999982683,-0.0032000000005609763,0.0003999999989900971,-0.0012170000000040204,7.199999999585316e-05,6.999999996537554e-06,6480,0,1,0,1,0,1,0.7999999999999998,2580.0880315537725,77.77175557444839,20065.861441634457,4137,0
1010.25,1.6,9.5,-2.4,2249.236,60.00831,0.07659999999987122,-0.0037999999999556167,-0.0005999999993946403,-0.0011469999999960123,7.00000000080081e-05,-1.999999987845058e-06,6481,0,1,0,1,0,1,0.7999999999999998,2580.036989895094,77.7690151477939,20068.560524942422,4138,0
1012.25,1.6,9.5,-2.4,2249.309,60.007233,0.07300000000032014,-0.0035999999995510734,0.00020000000040454324,-0.001077000000002215,6.999999999379725e-05,-1.4210854715202004e-14,6482,0,1,0,1,0,1,0.7999999999999998,2579.9859752429434,77.7662754004319,20071.25969585039,4139,0
1013.25,1.6,9.5,-2.4,2249.3787,60.006226,0.06970000000001164,-0.0033000000003085006,0.0002999999992425728,-0.0010070000000013124,7.000000000090267e-05,7.105427357601002e-15,6483,0,1,0,1,0,1,0.7999999999999998,2579.9349870758792,77.76353634284392,20073.95895039836,4140,0
1012.25,1.6,9.5,-2.4,2249.4446,60.005287,0.06589999999960128,-0.003800000000410364,-0.0005000000001018634,-0.0009389999999953602,6.800000000595219e-05,-1.9999999949504854e-06,6484,0,1,0,1,0,1,0.7999999999999998,2579.8840247956823,77.7607979851966,20076.658284026333,4141,0
1012.25,1.6,9.5,-2.4,2249.5068,60.00442,0.06220000000030268,-0.0036999999992985977,0.00010000000111176632,-0.000866999999999507,7.199999999585316e-05,3.999999989900971e-06,6485,0,1,0,1,0,1,0.7999999999999998,2579.83308781992,77.75806033826704,20079.357692294307,4142,0
1012.75,1.6,9.5,-2.4,2249.5657,60.003624,0.05889999999999418,-0.0033000000003085006,0.0003999999989900971,-0.0007960000000011291,7.099999999837792e-05,-9.999999974752427e-07,6486,0,1,0,1,0,1,0.7999999999999998,2579.7821756281796,77.7553234126715,20082.057171242286,4143,0
1014.75,1.6,9.5,-2.4,2249.6206,60.0029,0.05490000000008877,-0.0039999999999054126,-0.000699999999596912,-0.000724000000005276,7.199999999585316e-05,9.999999974752427e-07,6487,0,1,0,1,0,1,0.7999999999999998,2579.7312875924786,77.75258721917386,20084.756716070267,4144,0
1015.75,1.6,9.5,-2.4,2249.672,60.002243,0.05139999999983047,-0.0035000000002582965,0.0004999999996471161,-0.000656999999996799,6.700000000847695e-05,-4.9999999873762135e-06,6488,0,1,0,1,0,1,0.7999999999999998,2579.6804231622746,77.74985176776083,20087.45632257825,4145,0
1015.75,1.6,9.5,-2.4,2249.72,60.00166,0.047999999999774445,-0.003400000000056025,0.00010000000020227162,-0.00058299999999889,7.399999999790907e-05,6.999999989432126e-06,6489,0,1,0,1,0,1,0.7999999999999998,2579.6295818027734,77.74711706949152,20090.15598668624,4146,0
1014.25,1.6,9.5,-2.4,2249.764,60.00115,0.04400000000032378,-0.003999999999450665,-0.0005999999993946403,-0.0005099999999984561,7.300000000043383e-05,-9.999999974752427e-07,6490,0,1,0,1,0,1,0.7999999999999998,2579.5787628870744,77.74438313526421,20092.85570359423,4147,0
1013.25,1.6,9.5,-2.4,2249.8044,60.00071,0.04039999999986321,-0.003600000000460568,0.0003999999989900971,-0.0004400000000046589,6.999999999379725e-05,-3.000000006636583e-06,6491,0,1,0,1,0,1,0.7999999999999998,2579.5279658502773,77.74164997550832,20095.55546898222,4148,0
1013.5,1.6,9.5,-2.4,2249.841,60.00034,0.036599999999907595,-0.0037999999999556167,-0.00019999999949504854,-0.0003699999999966508,7.00000000080081e-05,1.4210854715202004e-14,6492,0,1,0,1,0,1,0.7999999999999998,2579.4771900970277,77.73891760064684,20098.25527829021,4149,0
1012.75,1.6,9.5,-2.4,2249.874,60.000042,0.032999999999901775,-0.0036000000000058208,0.0001999999999497959,-0.0002980000000007976,7.199999999585316e-05,1.999999987845058e-06,6493,0,1,0,1,0,1,0.7999999999999998,2579.426435063135,77.73618602140438,20100.955127198205,4150,0
1013.25,1.6,9.5,-2.4,2249.9033,59.99982,0.02930000000014843,-0.003699999999753345,-9.999999974752427e-05,-0.00022200000000083264,7.599999999996498e-05,4.0000000041118255e-06,6494,0,1,1,0,0,1,0.7999999999999998,2579.375700169361,77.7334552491147,20103.6550112662,4151,0
1013.75,1.6,9.5,-2.4,2249.929,59.99967,0.02570000000014261,-0.0036000000000058208,9.999999974752427e-05,-0.00014999999999787406,7.200000000295859e-05,-3.999999997006398e-06,6495,0,1,1,0,0,1,0.7999999999999998,2579.324984852217,77.7307252944889,20106.354926174197,4152,0
1015.75,1.6,9.5,-2.4,2249.9507,59.999588,0.02169999999978245,-0.00400000000036016,-0.00040000000035433914,-8.19999999990273e-05,6.799999999884676e-05,-4.0000000041118255e-06,6496,0,1,1,0,0,1,0.7999999999999998,2579.274288486994,77.72799616761581,20109.054867122195,4153,0
1016.25,1.6,9.5,-2.4,2249.9688,59.99958,0.018100000000231375,-0.0035999999995510734,0.0004000000008090865,-8.000000001118224e-06,7.399999999790907e-05,5.999999999062311e-06,6497,0,1,1,0,0,1,0.7999999999999998,2579.2236105109264,77.72526787950139,20111.754829790192,4154,0
1017.25,1.6,9.5,-2.4,2249.983,59.99965,0.014200000000073487,-0.0039000000001578883,-0.00030000000060681487,7.000000000090267e-05,7.80000000020209e-05,4.0000000041118255e-06,6498,0,1,1,0,0,1,0.7999999999999998,2579.1729503154334,77.72254044176027,20114.45480949819,4155,0
1016.25,1.6,9.5,-2.4,2249.9934,59.999786,0.010399999999663123,-0.003800000000410364,9.999999974752427e-05,0.00013599999999769352,6.599999999679085e-05,-1.200000000523005e-05,6499,0,1,1,0,0,1,0.7999999999999998,2579.1223073076926,77.71981386415385,20117.154801686193,4156,0
1015.75,1.6,9.5,-2.4,2250.0,60.0,0.006600000000162254,-0.0037999999995008693,9.094947017729282e-13,0.00021399999999971442,7.80000000020209e-05,1.200000000523005e-05,6500,0,1,0,1,0,1,0.7999999999999998,2579.071680895247,77.71708815828335,20119.85480179419,4157,0
1017.25,1.6,9.5,-2.4,2250.003,60.000286,0.003000000000156433,-0.0036000000000058208,0.00019999999949504854,0.000286000000002673,7.200000000295859e-05,-5.999999999062311e-06,6501,0,1,0,1,0,1,0.7999999999999998,2579.0210705167638,77.71436333482006,20122.554805502194,4158,0
1016.25,1.6,9.5,-2.4,2250.0017,60.000645,-0.0013000000003557943,-0.004300000000512227,-0.0007000000005064066,0.0003589999999960014,7.29999999933284e-05,9.999999903698154e-07,6502,0,1,0,1,0,1,0.7999999999999998,2578.9704755036137,77.7116394045825,20125.25480765019,4159,0
1014.75,1.6,9.5,-2.4,2249.997,60.00108,-0.004699999999957072,-0.0033999999996012775,0.0009000000009109499,0.0004350000000030718,7.600000000707041e-05,3.00000001374201e-06,6503,0,1,0,1,0,1,0.7999999999999998,2578.9198953259533,77.70891637884378,20127.95480415819,4160,0
1015.75,1.6,9.5,-2.4,2249.9885,60.001583,-0.008499999999912689,-0.0037999999999556167,-0.00040000000035433914,0.0005029999999948132,6.799999999174133e-05,-8.000000015329078e-06,6504,0,1,0,1,0,1,0.7999999999999998,2578.869329392775,77.70619426764027,20130.654790466193,4161,0
1015.5,1.6,9.5,-2.4,2249.976,60.002163,-0.012499999999818101,-0.0039999999999054126,-0.0001999999999497959,0.0005800000000064642,7.700000001165108e-05,9.000000019909749e-06,6505,0,1,0,1,0,1,0.7999999999999998,2578.818777082693,77.70347308238549,20133.35476177419,4162,0
1014.75,1.6,9.5,-2.4,2249.96,60.002815,-0.016000000000076398,-0.0035000000002582965,0.0004999999996471161,0.000651999999995212,7.199999998874773e-05,-5.00000002290335e-06,6506,0,1,0,1,0,1,0.7999999999999998,2578.7682378515447,77.70075283371754,20136.05471388219,4163,0
1015.75,1.6,9.5,-2.4,2249.9402,60.003536,-0.019800000000032014,-0.0037999999999556167,-0.00029999999969732016,0.0007209999999986394,6.900000000342743e-05,-2.9999999853203008e-06,6507,0,1,0,1,0,1,0.7999999999999998,2578.7177111094034,77.698033531807,20138.754642230186,4164,0
1015.5,1.6,9.5,-2.4,2249.9165,60.004333,-0.023700000000189902,-0.0039000000001578883,-0.00010000000020227162,0.0007970000000057098,7.600000000707041e-05,7.000000003642981e-06,6508,0,1,0,1,0,1,0.7999999999999998,2578.667196251344,77.69531518789368,20141.45454213818,4165,0
1015.5,1.6,9.5,-2.4,2249.8892,60.0052,-0.027299999999740976,-0.0035999999995510734,0.00030000000060681487,0.000866999999999507,6.999999999379725e-05,-6.000000013273166e-06,6509,0,1,0,1,0,1,0.7999999999999998,2578.616692718894,77.69259781228878,20144.154409286177,4166,0
1015.25,1.6,9.5,-2.4,2249.858,60.006138,-0.031199999999898864,-0.0039000000001578883,-0.00030000000060681487,0.000937999999997885,7.099999999837792e-05,1.00000000458067e-06,6510,0,1,0,1,0,1,0.7999999999999998,2578.5661999078484,77.68988141545077,20146.85423899417,4167,0
1016.75,1.6,9.5,-2.4,2249.8232,60.00715,-0.03480000000035943,-0.003600000000460568,0.00029999999969732016,0.0010120000000028995,7.40000000050145e-05,3.000000006636583e-06,6511,0,1,0,1,0,1,0.7999999999999998,2578.515717260442,77.68716600829238,20149.55402694216,4168,0
1016.75,1.6,9.5,-2.4,2249.7847,60.008232,-0.03849999999965803,-0.0036999999992985977,-9.999999883802957e-05,0.0010819999999966967,6.999999999379725e-05,-4.000000011217253e-06,6512,0,1,0,1,0,1,0.7999999999999998,2578.4652442038996,77.68445160110548,20152.253768690152,4169,0
1016.5,1.6,9.5,-2.4,2249.7424,60.009384,-0.042300000000068394,-0.003800000000410364,-0.00010000000111176632,0.0011519999999975994,7.000000000090267e-05,7.105427357601002e-15,6513,0,1,0,1,0,1,0.7999999999999998,2578.4147801504455,77.68173820417562,20154.953459678138,4170,0
1016.25,1.6,9.5,-2.4,2249.6968,60.01061,-0.04559999999992215,-0.0032999999998537533,0.0005000000005566108,0.0012260000000026139,7.40000000050145e-05,4.0000000041118255e-06,6514,0,1,0,1,0,1,0.7999999999999998,2578.364324589409,77.67902582839601,20157.653095946123,4171,0
1017.25,1.6,9.5,-2.4,2249.6472,60.0119,-0.04960000000028231,-0.00400000000036016,-0.0007000000005064066,0.0012899999999973488,6.399999999473494e-05,-1.0000000010279564e-05,6515,0,1,0,1,0,1,0.7999999999999998,2578.3138769030083,77.67631448311847,20160.352672694105,4172,0
1016.75,1.6,9.5,-2.4,2249.594,60.013268,-0.05319999999983338,-0.0035999999995510734,0.0004000000008090865,0.0013679999999993697,7.80000000020209e-05,1.4000000007285962e-05,6516,0,1,0,1,0,1,0.7999999999999998,2578.263436535216,77.67360417983735,20163.052185602086,4173,0
1016.75,1.6,9.5,-2.4,2249.537,60.0147,-0.057000000000243745,-0.003800000000410364,-0.0002000000008592906,0.00143200000000121,6.400000000184036e-05,-1.4000000000180535e-05,6517,0,1,0,1,0,1,0.7999999999999998,2578.213002899662,77.670894927892,20165.751630110066,4174,0
1018.75,1.6,9.5,-2.4,2249.4766,60.016205,-0.06039999999984502,-0.0033999999996012775,0.0004000000008090865,0.001505000000001644,7.300000000043383e-05,8.999999998593466e-06,6518,0,1,0,1,0,1,0.7999999999999998,2578.1625754716983,77.66818673799662,20168.45100213804,4175,0
1019.25,1.6,9.5,-2.4,2249.4126,60.01778,-0.06399999999985084,-0.0036000000000058208,-0.00020000000040454324,0.0015750000000025466,7.000000000090267e-05,-2.9999999995311555e-06,6519,0,1,0,1,0,1,0.7999999999999998,2578.112153696319,77.66547962039877,20171.15029736601,4176,0
1019.0,1.6,9.5,-2.4,2249.3447,60.019424,-0.06790000000000873,-0.0039000000001578883,-0.0003000000001520675,0.0016439999999988686,6.8999999996322e-05,-1.00000000458067e-06,6520,0,1,0,1,0,1,0.7999999999999998,2578.061736972857,77.66277358518632,20173.849511113982,4177,0
1019.25,1.6,9.5,-2.4,2249.2734,60.021137,-0.07130000000006476,-0.003400000000056025,0.0005000000001018634,0.001713000000002296,6.900000000342743e-05,7.105427357601002e-15,6521,0,1,0,1,0,1,0.7999999999999998,2578.0113247776753,77.66006864244096,20176.548639301946,4178,0
1019.75,1.6,9.5,-2.4,2249.1985,60.022923,-0.07490000000007058,-0.0036000000000058208,-0.0001999999999497959,0.0017859999999956244,7.29999999933284e-05,3.999999989900971e-06,6522,0,1,0,1,0,1,0.7999999999999998,2577.960916556799,77.65736480285145,20179.247677609907,4179,0
1019.25,1.6,9.5,-2.4,2249.12,60.024773,-0.0785000000000764,-0.0036000000000058208,0.0,0.0018500000000045702,6.400000000894579e-05,-8.999999984382612e-06,6523,0,1,0,1,0,1,0.7999999999999998,2577.910511756591,77.65466207572042,20181.946621717863,4180,0
1018.75,1.6,9.5,-2.4,2249.038,60.026695,-0.08199999999987995,-0.003499999999803549,0.00010000000020227162,0.001921999999993318,7.199999998874773e-05,7.999999979801942e-06,6524,0,1,0,1,0,1,0.7999999999999998,2577.8601098390805,77.65196047157089,20184.64546742582,4181,0
1019.75,1.6,9.5,-2.4,2248.9524,60.028683,-0.08559999999988577,-0.0036000000000058208,-0.00010000000020227162,0.0019880000000043196,6.60000000110017e-05,-5.999999977746029e-06,6525,0,1,0,1,0,1,0.7999999999999998,2577.809710251303,77.64926,20187.34421041377,4182,0
1021.25,1.6,9.5,-2.4,2248.8633,60.030743,-0.08910000000014406,-0.0035000000002582965,9.999999974752427e-05,0.002060000000000173,7.199999999585316e-05,5.999999984851456e-06,6526,0,1,0,1,0,1,0.7999999999999998,2577.759312455952,77.64656067151832,20190.042846481712,4183,0
1021.75,1.6,9.5,-2.4,2248.7705,60.032867,-0.09279999999989741,-0.003699999999753345,-0.00019999999949504854,0.002124000000002013,6.400000000184036e-05,-7.999999994012796e-06,6527,0,1,0,1,0,1,0.7999999999999998,2577.708915885417,77.6438624954044,20192.741371189655,4184,0
1021.75,1.6,9.5,-2.4,2248.6743,60.03506,-0.09619999999995343,-0.003400000000056025,0.00029999999969732016,0.002192999999998335,6.8999999996322e-05,4.999999994481641e-06,6528,0,1,0,1,0,1,0.7999999999999998,2577.65852001838,77.64116548169704,20195.43978045759,4185,0
1020.25,1.6,9.5,-2.4,2248.5745,60.037323,-0.09979999999995925,-0.0036000000000058208,-0.0001999999999497959,0.002262999999999238,7.000000000090267e-05,1.00000000458067e-06,6529,0,1,0,1,0,1,0.7999999999999998,2577.608124303216,77.63846964058193,20198.138069965524,4186,0
1020.75,1.5,9.5,-2.4,2248.4712,60.03965,-0.10330000000021755,-0.0035000000002582965,9.999999974752427e-05,0.002327000000001078,6.400000000184036e-05,-5.999999999062311e-06,6530,0,1,0,1,0,1,0.8999999999999999,2577.5577282039503,77.63577498131987,20200.83623551345,4187,0
1021.0,1.5,9.5,-2.4,2248.3645,60.04205,-0.10669999999981883,-0.0033999999996012775,0.00010000000065701897,0.002400000000001512,7.300000000043383e-05,8.999999998593466e-06,6531,0,1,0,1,0,1,0.8999999999999999,2577.507331200245,77.63308151454379,20203.53427302137,4188,0
1021.0,1.5,9.5,-2.4,2248.2542,60.04451,-0.1103000000002794,-0.003600000000460568,-0.0002000000008592906,0.0024599999999992406,5.999999999772854e-05,-1.3000000002705292e-05,6532,0,1,0,1,0,1,0.8999999999999999,2577.4569327414665,77.63038924889025,20206.232178169288,4189,0
1021.75,1.5,9.5,-2.4,2248.1404,60.047043,-0.1137999999996282,-0.003499999999348802,0.00010000000111176632,0.0025329999999996744,7.300000000043383e-05,1.3000000002705292e-05,6533,0,1,0,1,0,1,0.8999999999999999,2577.4065322926235,77.6276981949801,20208.9299467572,4190,0
1022.25,1.5,9.5,-2.4,2248.0232,60.04964,-0.11720000000013897,-0.0034000000005107722,9.999999883802957e-05,0.0025969999999944093,6.399999999473494e-05,-9.000000005698894e-06,6534,0,1,0,1,0,1,0.8999999999999999,2577.356129334353,77.6250083620505,20211.627574705104,4191,0
1023.25,1.5,9.5,-2.4,2247.9026,60.052303,-0.120600000000195,-0.003400000000056025,4.547473508864641e-13,0.002663000000005411,6.60000000110017e-05,2.0000000162667675e-06,6535,0,1,0,1,0,1,0.8999999999999999,2577.3057233476134,77.62231975963891,20214.325057933,4192,0
1022.25,1.5,9.5,-2.4,2247.7786,60.05503,-0.12399999999979627,-0.0033999999996012775,4.547473508864641e-13,0.002727000000000146,6.399999999473494e-05,-2.0000000162667675e-06,6536,0,1,0,1,0,1,0.8999999999999999,2577.255313813676,77.61963239697108,20217.022392360894,4193,0
1022.5,1.5,9.5,-2.4,2247.6511,60.057827,-0.12750000000005457,-0.0035000000002582965,-0.00010000000065701897,0.0027970000000010486,7.000000000090267e-05,6.000000006167738e-06,6537,0,1,0,1,0,1,0.8999999999999999,2577.2049001988375,77.61694628418476,20219.71957378878,4194,0
1022.5,1.5,9.5,-2.4,2247.52,60.06069,-0.1311000000000604,-0.0036000000000058208,-9.999999974752427e-05,0.0028629999999978395,6.599999999679085e-05,-4.0000000041118255e-06,6538,0,1,0,1,0,1,0.8999999999999999,2577.154481954427,77.61426143079981,20222.416597896663,4195,0
1022.5,1.5,9.5,-2.4,2247.3857,60.063618,-0.13430000000016662,-0.003200000000106229,0.0003999999998995918,0.002927999999997155,6.49999999993156e-05,-9.999999974752427e-07,6539,0,1,0,1,0,1,0.8999999999999999,2577.1040585932724,77.61157784617737,20225.11346084454,4196,0
1022.75,1.5,9.5,-2.4,2247.248,60.066612,-0.1376999999997679,-0.0033999999996012775,-0.00019999999949504854,0.0029940000000010514,6.600000000389628e-05,1.00000000458067e-06,6540,0,1,0,1,0,1,0.8999999999999999,2577.053629597921,77.60889553982571,20227.810158552405,4197,0
1022.75,1.5,9.5,-2.4,2247.107,60.069668,-0.1410000000000764,-0.0033000000003085006,9.999999929277692e-05,0.003056000000000836,6.199999999978445e-05,-4.0000000041118255e-06,6541,0,1,0,1,0,1,0.8999999999999999,2577.0031944665243,77.60621452063589,20230.506687060268,4198,0
1023.75,1.5,9.5,-2.4,2246.9624,60.072792,-0.14460000000008222,-0.0036000000000058208,-0.00029999999969732016,0.0031239999999996826,6.799999999884676e-05,5.999999999062311e-06,6542,0,1,0,1,0,1,0.8999999999999999,2576.9527526516886,77.60353479841051,20233.20304204812,4199,0
1022.75,1.5,9.5,-2.4,2246.8145,60.07598,-0.14789999999993597,-0.0032999999998537533,0.0003000000001520675,0.003188000000001523,6.400000000184036e-05,-3.999999997006398e-06,6543,0,1,0,1,0,1,0.8999999999999999,2576.9023036522003,77.60085638233497,20235.89921955597,4200,0
1024.25,1.5,9.5,-2.4,2246.6633,60.079235,-0.15119999999978972,-0.0032999999998537533,0.0,0.003254999999995789,6.699999999426609e-05,2.999999992425728e-06,6544,0,1,0,1,0,1,0.8999999999999999,2576.8518469671503,77.59817928204737,20238.59521562381,4201,0
1024.75,1.5,9.5,-2.4,2246.5085,60.08255,-0.1548000000002503,-0.003600000000460568,-0.00030000000060681487,0.003315000000000623,6.0000000004833964e-05,-6.999999989432126e-06,6545,0,1,0,1,0,1,0.8999999999999999,2576.801382050107,77.5955035061106,20241.29102593164,4202,0
1023.75,1.5,9.5,-2.4,2246.3508,60.085934,-0.1576999999997497,-0.002899999999499414,0.000700000000961154,0.0033840000000040504,6.900000000342743e-05,8.999999998593466e-06,6546,0,1,0,1,0,1,0.8999999999999999,2576.750908461891,77.59282906445699,20243.986646999467,4203,0
1023.5,1.5,9.5,-2.4,2246.1895,60.08938,-0.16130000000021028,-0.003600000000460568,-0.000700000000961154,0.0034459999999967295,6.199999999267902e-05,-7.000000010748408e-06,6547,0,1,0,1,0,1,0.8999999999999999,2576.7004256566893,77.5901559659438,20246.682074507284,4204,0
1022.25,1.5,9.5,-2.4,2246.025,60.092888,-0.16449999999986176,-0.0031999999996514816,0.0004000000008090865,0.0035080000000036193,6.200000000688988e-05,1.4210854715202004e-14,6548,0,1,0,1,0,1,0.8999999999999999,2576.649933150099,77.58748421942282,20249.377304615093,4205,0
1022.75,1.5,9.5,-2.4,2245.8572,60.09646,-0.16780000000017026,-0.0033000000003085006,-0.00010000000065701897,0.0035719999999983543,6.399999999473494e-05,1.999999987845058e-06,6549,0,1,0,1,0,1,0.8999999999999999,2576.599430442748,77.5848138340458,20252.072333362892,4206,0
1022.25,1.5,9.5,-2.4,2245.686,60.100098,-0.17119999999977153,-0.0033999999996012775,-9.999999929277692e-05,0.0036380000000022505,6.600000000389628e-05,2.00000000916134e-06,6550,0,1,0,1,0,1,0.8999999999999999,2576.5489170203023,77.58214481926423,20254.767156670685,4207,0
1021.75,1.5,9.5,-2.4,2245.5115,60.103794,-0.17450000000008004,-0.0033000000003085006,9.999999929277692e-05,0.003695999999997923,5.7999999995672624e-05,-8.000000008223651e-06,6551,0,1,0,1,0,1,0.8999999999999999,2576.4983923840045,77.57947718330281,20257.46177057847,4208,0
1022.25,1.5,9.5,-2.4,2245.3337,60.10756,-0.1777999999999338,-0.0032999999998537533,4.547473508864641e-13,0.003765999999998826,7.000000000090267e-05,1.200000000523005e-05,6552,0,1,0,1,0,1,0.8999999999999999,2576.4478560354037,77.57681093621242,20260.156171126248,4209,0
1022.25,1.5,9.5,-2.4,2245.1528,60.11138,-0.1809000000002925,-0.0031000000003587047,0.00019999999949504854,0.003819999999997492,5.3999999998666226e-05,-1.6000000002236447e-05,6553,0,1,0,1,0,1,0.8999999999999999,2576.397307506866,77.57414608559658,20262.850354594015,4210,0
1021.25,1.5,9.5,-2.4,2244.9688,60.115273,-0.1839999999997417,-0.00309999999944921,9.094947017729282e-13,0.0038930000000050313,7.300000000753926e-05,1.900000000887303e-05,6554,0,1,0,1,0,1,0.8999999999999999,2576.3467463310453,77.57148264195271,20265.544317261774,4211,0
1020.25,1.5,9.5,-2.4,2244.7812,60.11922,-0.18760000000020227,-0.003600000000460568,-0.0005000000010113581,0.003946999999996592,5.39999999915608e-05,-1.9000000015978458e-05,6555,0,1,0,1,0,1,0.8999999999999999,2576.2961719646128,77.56882061287371,20268.23805480952,4212,0
1018.75,1.5,9.5,-2.4,2244.5906,60.123234,-0.19059999999990396,-0.0029999999997016857,0.0006000000007588824,0.004013999999997964,6.700000000137152e-05,1.300000000981072e-05,6556,0,1,0,1,0,1,0.8999999999999999,2576.2455839560776,77.56616000793046,20270.931563637263,4213,0
1018.25,1.5,9.5,-2.4,2244.3967,60.127308,-0.19390000000021246,-0.0033000000003085006,-0.00030000000060681487,0.004074000000002798,6.0000000004833964e-05,-6.999999996537554e-06,6557,0,1,0,1,0,1,0.8999999999999999,2576.194981808478,77.56350083562062,20273.624839784992,4214,0
1017.25,1.5,9.5,-2.4,2244.1997,60.131443,-0.19699999999966167,-0.00309999999944921,0.0002000000008592906,0.004134999999998001,6.099999999520378e-05,9.999999903698154e-07,6558,0,1,0,1,0,1,0.8999999999999999,2576.144365055649,77.56084310458911,20276.317879532715,4215,0
1017.75,1.5,9.5,-2.4,2243.9995,60.135643,-0.20020000000022264,-0.0032000000005609763,-0.00010000000111176632,0.004200000000004422,6.500000000642103e-05,4.000000011217253e-06,6559,0,1,0,1,0,1,0.8999999999999999,2576.093733216463,77.55818682408537,20279.010679040428,4216,0
1017.75,1.5,9.5,-2.4,2243.796,60.1399,-0.2035000000000764,-0.0032999999998537533,-9.999999929277692e-05,0.004256999999995514,5.6999999991091954e-05,-8.000000015329078e-06,6560,0,1,0,1,0,1,0.8999999999999999,2576.043085794848,77.55553200213383,20281.70323434813,4217,0
1017.75,1.5,9.5,-2.4,2243.5894,60.14422,-0.20659999999998035,-0.0030999999999039574,0.0001999999999497959,0.0043199999999998795,6.300000000436512e-05,6.000000013273166e-06,6561,0,1,0,1,0,1,0.8999999999999999,2575.9924223255107,77.5528786476684,20284.395541735823,4218,0
1018.75,1.5,9.5,-2.4,2243.3796,60.1486,-0.20979999999963184,-0.0031999999996514816,-9.999999974752427e-05,0.0043800000000047135,6.0000000004833964e-05,-2.9999999995311555e-06,6562,0,1,0,1,0,1,0.8999999999999999,2575.9417423282034,77.55022676916045,20287.087597363505,4219,0
1021.25,1.5,9.5,-2.4,2243.1665,60.15304,-0.21310000000039508,-0.003300000000763248,-0.00010000000111176632,0.0044399999999953366,5.999999999062311e-05,-1.4210854715202004e-14,6563,0,1,0,1,0,1,0.8999999999999999,2575.8910453077397,77.54757637507618,20289.779397271177,4220,0
1021.75,1.5,9.5,-2.4,2242.9504,60.157543,-0.21609999999964202,-0.0029999999992469384,0.00030000000151630957,0.004502999999999702,6.300000000436512e-05,3.00000001374201e-06,6564,0,1,0,1,0,1,0.8999999999999999,2575.8403308149277,77.54492747433359,20292.470937858838,4221,0
1022.75,1.5,9.5,-2.4,2242.7314,60.162106,-0.21900000000005093,-0.002900000000408909,9.999999883802957e-05,0.004563000000004536,6.0000000004833964e-05,-2.9999999995311555e-06,6565,0,1,0,1,0,1,0.8999999999999999,2575.7895984160828,77.54228007538836,20295.162215646487,4222,0
1022.75,1.5,9.5,-2.4,2242.509,60.16673,-0.22240000000010696,-0.003400000000056025,-0.0004999999996471161,0.004623999999999739,6.099999999520378e-05,9.999999903698154e-07,6566,0,1,0,1,0,1,0.8999999999999999,2575.738847601645,77.53963418684332,20297.85322655413,4223,0
1023.75,1.5,9.5,-2.4,2242.2837,60.17141,-0.22530000000006112,-0.0028999999999541615,0.0005000000001018634,0.004680000000000462,5.600000000072214e-05,-4.999999994481641e-06,6567,0,1,0,1,0,1,0.8999999999999999,2575.688077938489,77.53698981653471,20300.54396710176,4224,0
1022.25,1.5,9.5,-2.4,2242.0552,60.17615,-0.22850000000016735,-0.003200000000106229,-0.0003000000001520675,0.00473999999999819,5.999999999772854e-05,3.999999997006398e-06,6568,0,1,0,1,0,1,0.8999999999999999,2575.63728894809,77.53434697290302,20303.234433449376,4225,0
1021.75,1.5,9.5,-2.4,2241.8235,60.180954,-0.23169999999981883,-0.0031999999996514816,4.547473508864641e-13,0.0048040000000000305,6.400000000184036e-05,4.0000000041118255e-06,6569,0,1,0,1,0,1,0.8999999999999999,2575.586480152207,77.53170566499239,20305.924621756985,4226,0
1022.75,1.5,9.5,-2.4,2241.5889,60.185814,-0.234599999999773,-0.0028999999999541615,0.00029999999969732016,0.004860000000000753,5.600000000072214e-05,-8.000000001118224e-06,6570,0,1,0,1,0,1,0.8999999999999999,2575.5356511185514,77.52906590062395,20308.614528544582,4227,0
1022.75,1.5,9.5,-2.4,2241.351,60.190735,-0.2379000000000815,-0.0033000000003085006,-0.00040000000035433914,0.004920999999995956,6.099999999520378e-05,4.999999994481641e-06,6571,0,1,0,1,0,1,0.8999999999999999,2575.48480135423,77.52642768837492,20311.304149852167,4228,0
1022.5,1.5,9.5,-2.4,2241.11,60.195713,-0.24099999999998545,-0.0030999999999039574,0.00020000000040454324,0.004978000000001259,5.700000000530281e-05,-3.999999989900971e-06,6572,0,1,0,1,0,1,0.8999999999999999,2575.433930397079,77.52379103620873,20313.99348195974,4229,0
1021.75,1.5,9.5,-2.4,2240.8665,60.20075,-0.24350000000004002,-0.0025000000000545697,0.0005999999998493877,0.0050370000000015125,5.9000000000253294e-05,1.9999999949504854e-06,6573,0,1,0,1,0,1,0.8999999999999999,2575.383037876483,77.5211559523882,20316.6825218673,4230,0
1021.25,1.5,9.5,-2.4,2240.6196,60.205845,-0.24690000000009604,-0.003400000000056025,-0.0009000000000014552,0.005094999999997185,5.7999999995672624e-05,-1.00000000458067e-06,6574,0,1,0,1,0,1,0.8999999999999999,2575.3321232851713,77.518522445019,20319.37126549485,4231,0
1022.25,1.5,9.5,-2.4,2240.3696,60.211,-0.25,-0.0030999999999039574,0.0003000000001520675,0.005155000000002019,6.0000000004833964e-05,2.00000000916134e-06,6575,0,1,0,1,0,1,0.8999999999999999,2575.2811861618006,77.51589052250608,20322.05970912239,4232,0
1022.75,1.5,9.5,-2.4,2240.1167,60.21621,-0.25289999999995416,-0.0028999999999541615,0.0001999999999497959,0.0052099999999981605,5.499999999614147e-05,-5.000000008692496e-06,6576,0,1,0,1,0,1,0.8999999999999999,2575.2302260757183,77.51326019248899,20324.747849269912,4233,0
1021.75,1.5,9.5,-2.4,2239.8608,60.22148,-0.2559000000001106,-0.003000000000156433,-0.00010000000020227162,0.0052700000000029945,6.0000000004833964e-05,5.000000008692496e-06,6577,0,1,0,1,0,1,0.8999999999999999,2575.179242581332,77.51063146336271,20327.435682337426,4234,0
1022.25,1.5,9.5,-2.4,2239.6018,60.226807,-0.25900000000001455,-0.0030999999999039574,-9.999999974752427e-05,0.005327000000001192,5.699999999819738e-05,-3.000000006636583e-06,6578,0,1,0,1,0,1,0.8999999999999999,2575.1282352181183,77.50800434306124,20330.123204604926,4235,0
1022.0,1.5,9.5,-2.4,2239.34,60.232193,-0.26179999999976644,-0.00279999999975189,0.0003000000001520675,0.005386000000001445,5.9000000000253294e-05,2.0000000020559128e-06,6579,0,1,0,1,0,1,0.8999999999999999,2575.0772035714285,77.50537883981762,20332.810412712417,4236,0
1020.75,1.5,9.5,-2.4,2239.0752,60.237633,-0.2647999999999229,-0.003000000000156433,-0.00020000000040454324,0.005440000000000111,5.3999999998666226e-05,-5.000000001587068e-06,6580,0,1,0,1,0,1,0.8999999999999999,2575.026147196475,77.50275496110014,20335.497303059892,4237,0
1020.5,1.5,9.5,-2.4,2238.8074,60.243134,-0.2678000000000793,-0.003000000000156433,0.0,0.005500999999995315,6.099999999520378e-05,6.999999996537554e-06,6581,0,1,0,1,0,1,0.8999999999999999,2574.975065648739,77.50013271543604,20338.183872047353,4238,0
1020.5,1.5,9.5,-2.4,2238.5366,60.248688,-0.27080000000023574,-0.003000000000156433,0.0,0.005554000000003612,5.300000000829641e-05,-7.999999986907369e-06,6582,0,1,0,1,0,1,0.8999999999999999,2574.923958483974,77.49751211013216,20340.870116074806,4239,0
1019.75,1.5,9.5,-2.4,2238.263,60.2543,-0.27359999999998763,-0.00279999999975189,0.00020000000040454324,0.005611999999999284,5.7999999995672624e-05,4.9999999873762135e-06,6583,0,1,0,1,0,1,0.8999999999999999,2574.872825288578,77.4948931532503,20343.556031782242,4240,0
1018.75,1.5,9.5,-2.4,2237.9863,60.259968,-0.2766999999998916,-0.0030999999999039574,-0.0003000000001520675,0.005668000000000006,5.600000000072214e-05,-1.9999999949504854e-06,6584,0,1,0,1,0,1,0.8999999999999999,2574.8216656036448,77.49227585254366,20346.241615449664,4241,0
1018.25,1.5,9.5,-2.4,2237.707,60.265694,-0.27930000000014843,-0.0026000000002568413,0.0004999999996471161,0.005726000000002784,5.800000000277805e-05,2.0000000020559128e-06,6585,0,1,0,1,0,1,0.8999999999999999,2574.7704790464622,77.48966021606438,20348.926863957073,4242,0
1017.75,1.5,9.5,-2.4,2237.4246,60.271473,-0.2824000000000524,-0.0030999999999039574,-0.0004999999996471161,0.00577899999999687,5.2999999994085556e-05,-5.000000008692496e-06,6586,0,1,0,1,0,1,0.8999999999999999,2574.719265158646,77.48704625110065,20351.61177358447,4243,0
1019.25,1.5,9.5,-2.4,2237.1392,60.27731,-0.2853999999997541,-0.0029999999997016857,0.00010000000020227162,0.005836999999999648,5.800000000277805e-05,5.000000008692496e-06,6587,0,1,0,1,0,1,0.8999999999999999,2574.6680234972678,77.4844339656952,20354.296340731853,4244,0
1019.25,1.5,9.5,-2.4,2236.851,60.2832,-0.2881999999999607,-0.002800000000206637,0.00019999999949504854,0.005890000000000839,5.300000000119098e-05,-5.000000001587068e-06,6588,0,1,0,1,0,1,0.8999999999999999,2574.6167536500225,77.48182336712702,20356.98056203922,4245,0
1019.25,1.5,9.5,-2.4,2236.56,60.289146,-0.29100000000016735,-0.002800000000206637,0.0,0.005946000000001561,5.600000000072214e-05,2.9999999995311555e-06,6589,0,1,0,1,0,1,0.8999999999999999,2574.5654552048563,77.47921446312594,20359.664434146576,4246,0
1018.25,1.5,9.5,-2.4,2236.266,60.29515,-0.29399999999986903,-0.0029999999997016857,-0.00019999999949504854,0.006003999999997234,5.7999999995672624e-05,1.9999999949504854e-06,6590,0,1,0,1,0,1,0.8999999999999999,2574.5141277196176,77.47660726172053,20362.34795345392,4247,0
1017.75,1.5,9.5,-2.4,2235.9692,60.301205,-0.29680000000007567,-0.002800000000206637,0.00019999999949504854,0.006055000000003474,5.10000000062405e-05,-6.999999989432126e-06,6591,0,1,0,1,0,1,0.8999999999999999,2574.462770782767,77.47400176987257,20365.031116601243,4248,0
1018.75,1.5,9.5,-2.4,2235.6697,60.307316,-0.29950000000008004,-0.0027000000000043656,0.00010000000020227162,0.006110999999997091,5.599999999361671e-05,4.9999999873762135e-06,6592,0,1,0,1,0,1,0.8999999999999999,2574.41138399818,77.47139799529805,20367.713920348557,4249,0
1018.75,1.5,9.5,-2.4,2235.3674,60.313484,-0.3022999999998319,-0.00279999999975189,-9.999999974752427e-05,0.006168000000002394,5.700000000530281e-05,1.0000000116860974e-06,6593,0,1,0,1,0,1,0.8999999999999999,2574.359966954807,77.46879594585987,20370.396361335854,4250,0
1018.5,1.5,8.5,-2.4,2235.062,60.319702,-0.30540000000019063,-0.0031000000003587047,-0.00030000000060681487,0.006217999999996948,4.99999999945544e-05,-7.000000010748408e-06,6594,0,1,0,1,0,1,0.8999999999999999,2574.3085191963605,77.46619562835481,20373.078435843137,4251,0
1017.75,1.5,8.5,-2.4,2234.7542,60.325977,-0.30780000000004293,-0.002399999999852298,0.0007000000005064066,0.006275000000002251,5.700000000530281e-05,7.000000010748408e-06,6595,0,1,0,1,0,1,0.8999999999999999,2574.2570403729533,77.46359705063675,20375.760140990405,4252,0
1017.25,1.5,8.5,-2.4,2234.4434,60.332306,-0.3107999999997446,-0.0029999999997016857,-0.0005999999998493877,0.006329000000000917,5.3999999998666226e-05,-3.000000006636583e-06,6596,0,1,0,1,0,1,0.8999999999999999,2574.2055300439597,77.46100022010005,20378.44147317766,4253,0
1015.75,1.5,8.5,-2.4,2234.1296,60.338688,-0.31379999999990105,-0.003000000000156433,-4.547473508864641e-13,0.006381999999995003,5.2999999994085556e-05,-1.00000000458067e-06,6597,0,1,0,1,0,1,0.8999999999999999,2574.153987769021,77.45840514398303,20381.122428804898,4254,0
1014.25,1.5,8.5,-2.4,2233.8132,60.345123,-0.3164000000001579,-0.0026000000002568413,0.0003999999998995918,0.006435000000003299,5.300000000829641e-05,1.4210854715202004e-14,6598,0,1,0,1,0,1,0.8999999999999999,2574.1024131686618,77.45581182951963,20383.80300475212,4255,0
1014.75,1.5,8.5,-2.4,2233.4941,60.351612,-0.31910000000016225,-0.0027000000000043656,-9.999999974752427e-05,0.006489000000001965,5.3999999998666226e-05,9.999999903698154e-07,6599,0,1,0,1,0,1,0.8999999999999999,2574.0508058484847,77.4532202840909,20386.48319777933,4256,0
1014.5,1.5,8.5,-2.4,2233.1724,60.358154,-0.32169999999996435,-0.002599999999802094,0.00010000000020227162,0.006541999999996051,5.2999999994085556e-05,-1.00000000458067e-06,6600,0,1,0,1,0,1,0.8999999999999999,2573.9991654294804,77.45063051492198,20389.16300476652,4257,0
1014.5,1.5,8.5,-2.4,2232.8477,60.364746,-0.3247000000001208,-0.003000000000156433,-0.00040000000035433914,0.006591999999997711,5.000000000165983e-05,-2.999999992425728e-06,6601,0,1,0,1,0,1,0.8999999999999999,2573.947491472281,77.44804252877915,20391.842422113696,4258,0
1013.75,1.5,8.5,-2.4,2232.5203,60.371395,-0.3273999999996704,-0.0026999999995496182,0.00030000000060681487,0.006649000000003014,5.700000000530281e-05,7.000000003642981e-06,6602,0,1,0,1,0,1,0.8999999999999999,2573.89578358322,77.44545633348478,20394.521446580857,4259,0
1013.25,1.5,8.5,-2.4,2232.1902,60.378094,-0.3301000000001295,-0.002700000000459113,-9.094947017729282e-13,0.006698999999997568,4.99999999945544e-05,-7.000000010748408e-06,6603,0,1,0,1,0,1,0.8999999999999999,2573.8440413688672,77.44287193579649,20397.200074928,4260,0
1013.5,1.5,8.5,-2.4,2231.8574,60.384846,-0.3328000000001339,-0.0027000000000043656,4.547473508864641e-13,0.006752000000005864,5.300000000829641e-05,3.00000001374201e-06,6604,0,1,0,1,0,1,0.8999999999999999,2573.7922644360333,77.44028934292203,20399.87830391513,4261,0
1012.25,1.5,8.5,-2.4,2231.522,60.39165,-0.33539999999993597,-0.002599999999802094,0.00010000000020227162,0.006803999999995369,5.1999999989504886e-05,-1.0000000187915248e-06,6605,0,1,0,1,0,1,0.8999999999999999,2573.7404524069025,77.43770856191341,20402.556130422246,4262,0
1010.25,1.5,8.5,-2.4,2231.1838,60.398506,-0.3382000000001426,-0.002800000000206637,-0.00020000000040454324,0.006855999999999085,5.200000000371574e-05,1.4210854715202004e-14,6606,0,1,0,1,0,1,0.8999999999999999,2573.6886048736187,77.43512959981838,20405.233551089343,4263,0
1010.25,1.5,8.5,-2.4,2230.843,60.40541,-0.3407999999999447,-0.002599999999802094,0.00020000000040454324,0.006904000000005794,4.800000000670934e-05,-3.999999997006398e-06,6607,0,1,0,1,0,1,0.8999999999999999,2573.636721458838,77.43255246307506,20407.910562796424,4264,0
1008.75,1.5,8.5,-2.4,2230.4995,60.41237,-0.34349999999994907,-0.0027000000000043656,-0.00010000000020227162,0.006959999999999411,5.599999999361671e-05,7.999999986907369e-06,6608,0,1,0,1,0,1,0.8999999999999999,2573.5848017703133,77.42997715932819,20410.587162303487,4265,0
1007.75,1.5,8.5,-2.4,2230.1533,60.41938,-0.34619999999995343,-0.0027000000000043656,0.0,0.0070099999999939655,4.99999999945544e-05,-5.999999999062311e-06,6609,0,1,0,1,0,1,0.8999999999999999,2573.5328454160363,77.42740369531013,20413.263346370535,4266,0
1008.25,1.5,8.5,-2.4,2229.8044,60.42644,-0.3488999999999578,-0.0027000000000043656,0.0,0.007060000000002731,5.0000000008765255e-05,1.4210854715202004e-14,6610,0,1,0,1,0,1,0.8999999999999999,2573.480852004235,77.4248320777492,20415.939111757565,4267,0
1007.25,1.5,8.5,-2.4,2229.453,60.43355,-0.35140000000001237,-0.0025000000000545697,0.0001999999999497959,0.007109999999997285,4.99999999945544e-05,-1.4210854715202004e-14,6611,0,1,0,1,0,1,0.8999999999999999,2573.428821173624,77.42226231336963,20418.61445546458,4268,0
1006.25,1.5,8.5,-2.4,2229.0989,60.440712,-0.35410000000001673,-0.0027000000000043656,-0.0001999999999497959,0.007162000000001001,5.200000000371574e-05,2.00000000916134e-06,6612,0,1,0,1,0,1,0.8999999999999999,2573.3767525328894,77.41969440919401,20421.289374251573,4269,0
1006.5,1.5,8.5,-2.4,2228.7422,60.447926,-0.35669999999981883,-0.002599999999802094,0.00010000000020227162,0.007214000000004717,5.200000000371574e-05,0.0,6613,0,1,0,1,0,1,0.8999999999999999,2573.324645706078,77.4171283722407,20423.963864998554,4270,0
1007.75,1.5,8.5,-2.4,2228.383,60.45519,-0.35920000000032815,-0.002500000000509317,9.999999929277692e-05,0.007263999999999271,4.99999999945544e-05,-2.00000000916134e-06,6614,0,1,0,1,0,1,0.8999999999999999,2573.2725003325772,77.41456420922147,20426.637924705516,4271,0
1007.5,1.5,8.5,-2.4,2228.0212,60.4625,-0.3617999999996755,-0.0025999999993473466,-9.999999883802957e-05,0.007309999999996819,4.5999999997548e-05,-3.999999997006398e-06,6615,0,1,0,1,0,1,0.8999999999999999,2573.2203160368804,77.41200192623943,20429.311550252463,4272,0
1007.25,1.5,8.5,-2.4,2227.6567,60.46986,-0.3645000000001346,-0.002700000000459113,-0.00010000000111176632,0.007359999999998479,5.000000000165983e-05,4.0000000041118255e-06,6616,0,1,0,1,0,1,0.8999999999999999,2573.168092428593,77.40944152999849,20431.98473839939,4273,0
1007.75,1.6,8.5,-2.4,2227.2898,60.477272,-0.3668999999999869,-0.002399999999852298,0.00030000000060681487,0.007412000000002195,5.200000000371574e-05,2.0000000020559128e-06,6617,0,1,0,1,0,1,0.7999999999999998,2573.115829162889,77.40688302750075,20434.6574862663,4274,0
1006.75,1.6,8.5,-2.4,2226.9202,60.484734,-0.36959999999999127,-0.0027000000000043656,-0.0003000000001520675,0.0074620000000038544,5.000000000165983e-05,-2.0000000020559128e-06,6618,0,1,0,1,0,1,0.7999999999999998,2573.0635258498264,77.40432642544191,20437.329790613192,4275,0
1005.75,1.6,8.5,-2.4,2226.548,60.492245,-0.3722000000002481,-0.0026000000002568413,9.999999974752427e-05,0.007510999999993828,4.899999998997373e-05,-1.0000000116860974e-06,6619,0,1,0,1,0,1,0.7999999999999998,2573.011182114804,77.40177173036254,20440.001648320067,4276,0
1003.75,1.6,8.5,-2.4,2226.1736,60.4998,-0.37439999999969586,-0.002199999999447755,0.0004000000008090865,0.007555000000003531,4.4000000009702944e-05,-4.999999980270786e-06,6620,0,1,0,1,0,1,0.7999999999999998,2572.9587976438606,77.3992189480441,20442.67305674692,4277,0
1000.75,1.6,8.5,-2.4,2225.7964,60.50741,-0.3771999999999025,-0.002800000000206637,-0.0006000000007588824,0.007609999999999673,5.499999999614147e-05,1.0999999986438525e-05,6621,0,1,0,1,0,1,0.7999999999999998,2572.9063720326185,77.3966680859257,20445.344012533762,4278,0
999.75,1.6,8.5,-2.4,2225.4167,60.515064,-0.37969999999995707,-0.0025000000000545697,0.0003000000001520675,0.00765400000000227,4.400000000259752e-05,-1.0999999993543952e-05,6622,0,1,0,1,0,1,0.7999999999999998,2572.853904922241,77.39411914978106,20448.01451268058,4279,0
999.75,1.6,8.5,-2.4,2225.0344,60.52277,-0.3823000000002139,-0.0026000000002568413,-0.00010000000020227162,0.00770599999999888,5.199999999661031e-05,7.999999994012796e-06,6623,0,1,0,1,0,1,0.7999999999999998,2572.8013959390096,77.39157214658817,20450.684554067382,4280,0
1001.75,1.6,8.5,-2.4,2224.65,60.53052,-0.38439999999991414,-0.0020999999997002305,0.0005000000005566108,0.007750000000001478,4.400000000259752e-05,-7.999999994012796e-06,6624,0,1,0,1,0,1,0.7999999999999998,2572.748844784906,77.3890270821132,20453.354134174166,4281,0
1000.75,1.6,8.5,-2.4,2224.2627,60.538322,-0.3872999999998683,-0.0028999999999541615,-0.0008000000002539309,0.007801999999998088,5.199999999661031e-05,7.999999994012796e-06,6625,0,1,0,1,0,1,0.7999999999999998,2572.6962510413523,77.38648396332628,20456.02324952093,4282,0
1000.75,1.6,8.5,-2.4,2223.873,60.54617,-0.38970000000017535,-0.0024000000003070454,0.0004999999996471161,0.007847999999995636,4.5999999997548e-05,-5.999999999062311e-06,6626,0,1,0,1,0,1,0.7999999999999998,2572.6436143654746,77.38394279628791,20458.691897227676,4283,0
998.75,1.6,8.5,-2.6,2223.481,60.55406,-0.3919999999998254,-0.0022999999996500264,0.00010000000065701897,0.007890000000003283,4.200000000764703e-05,-3.999999989900971e-06,6627,0,1,0,1,0,1,1.0,2572.590934429692,77.38140358645141,20461.3600745344,4284,0
999.75,1.6,8.5,-2.6,2223.0864,60.562004,-0.3946000000000822,-0.0026000000002568413,-0.00030000000060681487,0.00794400000000195,5.3999999998666226e-05,1.1999999991019195e-05,6628,0,1,0,1,0,1,1.0,2572.5382108613667,77.37886634107709,20464.02777832111,4285,0
1001.75,1.6,8.5,-2.6,2222.6897,60.569996,-0.3967000000002372,-0.002100000000154978,0.0005000000001018634,0.007992000000001553,4.7999999999603915e-05,-5.999999999062311e-06,6629,0,1,0,1,0,1,1.0,2572.4854433634996,77.37633106651585,20466.6950060678,4286,0
1002.75,1.6,8.5,-2.6,2222.2903,60.57803,-0.3993999999997868,-0.0026999999995496182,-0.0005999999993946403,0.00803399999999499,4.199999999343618e-05,-6.000000006167738e-06,6630,0,1,0,1,0,1,1.0,2572.432631548786,77.37379776820993,20469.36175453447,4287,0
1002.75,1.6,8.5,-2.6,2221.8884,60.586113,-0.40190000000029613,-0.002500000000509317,0.0001999999990403012,0.008082999999999174,4.9000000004184585e-05,7.000000010748408e-06,6631,0,1,0,1,0,1,1.0,2572.379775060314,77.3712664526538,20472.02802072112,4288,0
1003.75,1.6,8.5,-2.6,2221.4841,60.594242,-0.4042999999996937,-0.0023999999993975507,0.00010000000111176632,0.008129000000003828,4.600000000465343e-05,-2.9999999995311555e-06,6632,0,1,0,1,0,1,1.0,2572.32687355646,77.36873712588573,20474.69380174775,4289,0
1002.25,1.6,8.5,-2.6,2221.0776,60.602417,-0.40650000000005093,-0.0022000000003572495,0.0001999999990403012,0.008175000000001376,4.5999999997548e-05,-7.105427357601002e-15,6633,0,1,0,1,0,1,1.0,2572.273926725957,77.36620979394031,20477.359094974363,4290,0
999.75,1.7,8.5,-2.6,2220.6687,60.610638,-0.40889999999990323,-0.002399999999852298,-0.00019999999949504854,0.008220999999998924,4.5999999997548e-05,0.0,6634,0,1,0,1,0,1,0.9000000000000001,2572.220934227581,77.36368446284854,20480.023897520954,4291,0
1000.0,1.7,8.5,-2.6,2220.2573,60.618904,-0.4113999999999578,-0.0025000000000545697,-0.00010000000020227162,0.008265999999998996,4.500000000007276e-05,-9.999999974752427e-07,6635,0,1,0,1,0,1,0.9000000000000001,2572.1678957052445,77.36116113848703,20482.688206387527,4292,0
1001.25,1.7,8.5,-2.6,2219.8435,60.627216,-0.41380000000026484,-0.0024000000003070454,9.999999974752427e-05,0.008311999999996544,4.5999999997548e-05,9.999999974752427e-07,6636,0,1,0,1,0,1,0.9000000000000001,2572.114810818141,77.35863982687961,20485.35201869408,4293,0
1001.5,1.7,8.5,-2.6,2219.4275,60.635574,-0.41600000000016735,-0.002199999999902502,0.00020000000040454324,0.008358000000001198,4.600000000465343e-05,7.105427357601002e-15,6637,0,1,0,1,0,1,0.9000000000000001,2572.0616792558,77.3561205340464,20488.015331800612,4294,0
1002.25,1.7,8.5,-2.6,2219.0093,60.64398,-0.4181999999996151,-0.002199999999447755,4.547473508864641e-13,0.008406000000000802,4.7999999999603915e-05,1.9999999949504854e-06,6638,0,1,0,1,0,1,0.9000000000000001,2572.008500707938,77.35360326630517,20490.678143067125,4295,0
1002.25,1.7,8.5,-2.6,2218.5884,60.652428,-0.4209000000000742,-0.002700000000459113,-0.0005000000010113581,0.008448000000001343,4.2000000000541604e-05,-5.999999999062311e-06,6639,0,1,0,1,0,1,0.9000000000000001,2571.9552747891566,77.35108802906626,20493.340449253617,4296,0
1002.75,1.7,8.5,-2.6,2218.1655,60.66092,-0.4229000000000269,-0.0019999999999527063,0.0007000000005064066,0.008491999999996835,4.399999999549209e-05,1.9999999949504854e-06,6640,0,1,0,1,0,1,0.9000000000000001,2571.9020012196956,77.34857482803794,20496.00224796009,4297,0
1004.75,1.7,8.5,-2.6,2217.74,60.669456,-0.42550000000028376,-0.0026000000002568413,-0.000600000000304135,0.008535999999999433,4.400000000259752e-05,7.105427357601002e-15,6641,0,1,0,1,0,1,0.9000000000000001,2571.8486796296297,77.34606366892503,20498.663536066542,4298,0
1005.75,1.7,8.5,-2.6,2217.3125,60.67804,-0.4274999999997817,-0.001999999999497959,0.0006000000007588824,0.008584000000006142,4.800000000670934e-05,4.0000000041118255e-06,6642,0,1,0,1,0,1,0.9000000000000001,2571.7953097395757,77.343554558031,20501.32431117297,4299,0
1004.75,1.7,8.5,-2.6,2216.8826,60.686665,-0.42990000000008877,-0.0024000000003070454,-0.0004000000008090865,0.008624999999994998,4.099999998885551e-05,-7.000000017853836e-06,6643,0,1,0,1,0,1,0.9000000000000001,2571.7418912101143,77.34104750060204,20503.98457039938,4300,0
1003.75,1.7,8.5,-2.6,2216.4502,60.695335,-0.4323999999996886,-0.0024999999995998223,-9.999999929277692e-05,0.008670000000002176,4.500000000717819e-05,4.00000001832268e-06,6644,0,1,0,1,0,1,0.9000000000000001,2571.6884236869823,77.33854250248307,20506.64431074577,4301,0
1003.25,1.7,8.5,-2.6,2216.0159,60.70405,-0.4343000000003485,-0.0019000000006599294,0.000599999998939893,0.008715000000002249,4.500000000007276e-05,-7.105427357601002e-15,6645,0,1,0,1,0,1,0.9000000000000001,2571.63490690641,77.33603956951549,20509.303529932142,4302,0
1004.25,1.7,9.5,-2.6,2215.579,60.712803,-0.43689999999969586,-0.0025999999993473466,-0.0006999999986874172,0.008752999999998679,3.799999999642978e-05,-7.000000003642981e-06,6646,0,1,0,1,0,1,0.9000000000000001,2571.5813404994733,77.33353870648412,20511.962224838488,4303,0
1004.5,1.7,9.5,-2.6,2215.1401,60.721603,-0.4389000000001033,-0.0020000000004074536,0.000599999998939893,0.008800000000000807,4.700000000212867e-05,9.000000005698894e-06,6647,0,1,0,1,0,1,0.9000000000000001,2571.527724187726,77.33103991952467,20514.620393064815,4304,0
1004.75,1.7,9.5,-2.6,2214.699,60.730446,-0.4411000000000058,-0.002199999999902502,-0.00019999999949504854,0.008842999999998824,4.299999999801685e-05,-4.0000000041118255e-06,6648,0,1,0,1,0,1,0.9000000000000001,2571.4740576628064,77.32854321416754,20517.27803197112,4305,0
1004.75,1.8,9.5,-2.6,2214.2556,60.739334,-0.4434000000001106,-0.002300000000104774,-0.00010000000020227162,0.008887999999998897,4.500000000007276e-05,2.0000000020559128e-06,6649,0,1,0,1,0,1,0.8,2571.420340601504,77.3260485962406,20519.935138797406,4306,0
1005.75,1.8,9.5,-2.6,2213.8098,60.74826,-0.4457999999999629,-0.002399999999852298,-9.999999974752427e-05,0.008926000000002432,3.8000000003535206e-05,-6.999999996537554e-06,6650,0,1,0,1,0,1,0.8,2571.3665726657646,77.3235560705157,20522.59171066367,4307,0
1005.5,1.8,9.5,-2.6,2213.362,60.757233,-0.4477999999999156,-0.0019999999999527063,0.0003999999998995918,0.008972999999997455,4.6999999995023245e-05,8.999999991488039e-06,6651,0,1,0,1,0,1,0.8,2571.3127535778713,77.32106564311485,20525.24774516991,4308,0
1003.75,1.8,9.5,-2.6,2212.912,60.766247,-0.45000000000027285,-0.0022000000003572495,-0.00020000000040454324,0.009014000000000522,4.100000000306636e-05,-5.999999991956884e-06,6652,0,1,0,1,0,1,0.8,2571.258883030212,77.31857731925447,20527.90323967613,4309,0
1002.75,1.8,9.5,-2.6,2212.46,60.775303,-0.4519999999997708,-0.001999999999497959,0.0002000000008592906,0.009056000000001063,4.2000000000541604e-05,9.999999974752427e-07,6653,0,1,0,1,0,1,0.8,2571.2049607454164,77.31609110429817,20530.55819178233,4310,0
1001.75,1.8,9.5,-2.6,2212.0056,60.784397,-0.45440000000007785,-0.0024000000003070454,-0.0004000000008090865,0.009093999999997493,3.799999999642978e-05,-4.0000000041118255e-06,6654,0,1,0,1,0,1,0.8,2571.1509863861756,77.31360700300526,20533.212598608505,4311,0
1003.25,1.8,9.5,-2.6,2211.549,60.793537,-0.45659999999998035,-0.002199999999902502,0.00020000000040454324,0.009140000000002146,4.600000000465343e-05,8.000000008223651e-06,6655,0,1,0,1,0,1,0.8,2571.096959645433,77.31112502133413,20535.866457514658,4312,0
1000.75,1.8,9.5,-2.6,2211.0903,60.80272,-0.45870000000013533,-0.002100000000154978,9.999999974752427e-05,0.009183000000000163,4.299999999801685e-05,-3.000000006636583e-06,6656,0,1,0,1,0,1,0.8,2571.0428802313354,77.30864516478894,20538.51976598079,4313,0
1000.75,1.8,9.5,-2.6,2210.6296,60.81194,-0.4606999999996333,-0.001999999999497959,0.00010000000065701897,0.009219999999999118,3.6999999998954536e-05,-5.999999999062311e-06,6657,0,1,0,1,0,1,0.8,2570.988747867227,77.30616743796936,20541.1725216069,4314,0
999.75,1.8,9.5,-2.6,2210.1667,60.8212,-0.46289999999999054,-0.0022000000003572495,-0.0002000000008592906,0.009259999999997603,3.999999999848569e-05,2.9999999995311555e-06,6658,0,1,0,1,0,1,0.8,2570.9345622465835,77.30369184592281,20543.82472175299,4315,0
1001.25,1.8,9.5,-2.6,2209.7017,60.830505,-0.4650000000001455,-0.002100000000154978,0.00010000000020227162,0.009305000000004782,4.500000000717819e-05,5.000000008692496e-06,6659,0,1,0,1,0,1,0.8,2570.8803230780777,77.30121839444445,20546.476363899055,4316,0
1001.25,1.8,9.5,-2.6,2209.2346,60.839848,-0.4671000000003005,-0.002100000000154978,0.0,0.009343000000001211,3.799999999642978e-05,-7.000000010748408e-06,6660,0,1,0,1,0,1,0.8,2570.8260300705597,77.29874708827504,20549.127445525097,4317,0
1000.25,1.8,9.5,-2.6,2208.7654,60.849236,-0.469199999999546,-0.002099999999245483,9.094947017729282e-13,0.009387999999994179,4.499999999296733e-05,6.999999996537554e-06,6661,0,1,0,1,0,1,0.8,2570.771682933053,77.29627793320324,20551.77796411112,4318,0
1000.75,1.8,9.5,-2.6,2208.294,60.858658,-0.471400000000358,-0.002200000000811997,-0.00010000000156651367,0.009422000000000708,3.400000000652881e-05,-1.0999999986438525e-05,6662,0,1,0,1,0,1,0.8,2570.717281359748,77.29381093336335,20554.427917017118,4319,0
1000.25,1.9,9.5,-2.6,2207.8206,60.868122,-0.47339999999985594,-0.001999999999497959,0.00020000000131403795,0.00946400000000125,4.2000000000541604e-05,7.999999994012796e-06,6663,0,1,0,1,0,1,0.7000000000000002,2570.66282507503,77.29134609408763,20557.077301843092,4320,0
1000.5,1.9,9.5,-2.6,2207.3452,60.87763,-0.47539999999980864,-0.0019999999999527063,-4.547473508864641e-13,0.009508000000003847,4.400000000259752e-05,2.0000000020559128e-06,6664,0,1,0,1,0,1,0.7000000000000002,2570.608313803451,77.28888342100525,20559.726116189046,4321,0
1001.75,1.9,9.5,-2.6,2206.8677,60.88717,-0.47750000000041837,-0.0021000000006097252,-0.00010000000065701897,0.009539999999994109,3.199999999026204e-05,-1.2000000012335477e-05,6665,0,1,0,1,0,1,0.7000000000000002,2570.5537472547253,77.28642291794179,20562.374357534973,4322,0
1001.75,1.9,9.5,-2.6,2206.3882,60.896755,-0.4794999999999163,-0.001999999999497959,0.00010000000111176632,0.009585000000001287,4.500000000717819e-05,1.3000000016916147e-05,6666,0,1,0,1,0,1,0.7000000000000002,2570.499125153742,77.28396459067046,20565.02202348088,4323,0
1002.75,1.9,9.5,-2.6,2205.9067,60.906376,-0.48149999999986903,-0.0019999999999527063,-4.547473508864641e-13,0.009621000000002766,3.600000000147929e-05,-9.000000005698894e-06,6667,0,1,0,1,0,1,0.7000000000000002,2570.4444472255545,77.28150844361129,20567.669111626765,4324,0
1002.25,1.9,9.5,-2.6,2205.423,60.91604,-0.4837000000002263,-0.0022000000003572495,-0.00020000000040454324,0.009664000000000783,4.299999999801685e-05,6.999999996537554e-06,6668,0,1,0,1,0,1,0.7000000000000002,2570.389713165392,77.27905448223122,20570.315619332625,4325,0
1003.75,1.9,9.5,-2.6,2204.9375,60.925735,-0.48549999999977445,-0.001799999999548163,0.0004000000008090865,0.009695000000000675,3.0999999999892225e-05,-1.1999999998124622e-05,6669,0,1,0,1,0,1,0.7000000000000002,2570.334922728636,77.27660271019491,20572.96154443846,4326,0
1004.25,1.9,9.5,-2.6,2204.45,60.935474,-0.4875000000001819,-0.0020000000004074536,-0.0002000000008592906,0.009738999999996167,4.399999999549209e-05,1.2999999995599865e-05,6670,0,1,0,1,0,1,0.7000000000000002,2570.2800756408333,77.27415313311347,20575.606884544275,4327,0
1005.25,1.9,9.5,-2.6,2203.9604,60.94525,-0.48959999999988213,-0.0020999999997002305,-9.999999929277692e-05,0.009776000000002227,3.700000000605996e-05,-6.999999989432126e-06,6671,0,1,0,1,0,1,0.7000000000000002,2570.22517161271,77.27170575554557,20578.251637130066,4328,0
1004.25,1.9,9.5,-2.6,2203.469,60.955067,-0.49139999999988504,-0.0018000000000029104,0.00029999999969732016,0.009816999999998188,4.0999999995960934e-05,3.999999989900971e-06,6672,0,1,0,1,0,1,0.7000000000000002,2570.1702104001197,77.26926058264648,20580.895800035833,4329,0
1004.25,1.9,9.5,-2.6,2202.9756,60.96492,-0.49339999999983775,-0.0019999999999527063,-0.0001999999999497959,0.009852999999999668,3.600000000147929e-05,-4.999999994481641e-06,6673,0,1,0,1,0,1,0.7000000000000002,2570.115191729098,77.2668176188193,20583.539370861574,4330,0
1004.5,1.9,9.5,-2.6,2202.48,60.97481,-0.495600000000195,-0.0022000000003572495,-0.00020000000040454324,0.009889999999998622,3.6999999998954536e-05,9.999999974752427e-07,6674,0,1,0,1,0,1,0.7000000000000002,2570.06011529588,77.26437686861424,20586.182346967293,4331,0
1005.25,1.9,9.5,-2.6,2201.9827,60.984737,-0.49729999999999563,-0.0016999999998006388,0.0005000000005566108,0.009927000000004682,3.700000000605996e-05,7.105427357601002e-15,6675,0,1,0,1,0,1,0.7000000000000002,2570.00498087178,77.2619383365788,20588.82472631299,4332,0
1007.75,1.9,9.5,-2.6,2201.4834,60.9947,-0.49929999999994834,-0.0019999999999527063,-0.0003000000001520675,0.009962999999999056,3.5999999994373866e-05,-1.0000000116860974e-06,6676,0,1,0,1,0,1,0.7000000000000002,2569.949788183316,77.25950202710798,20591.46650649866,4333,0
1009.25,1.9,9.5,-2.6,2200.9822,61.004707,-0.5012000000001535,-0.001900000000205182,9.999999974752427e-05,0.010007000000001653,4.400000000259752e-05,8.000000008223651e-06,6677,0,1,0,1,0,1,0.7000000000000002,2569.8945369721473,77.25706794579216,20594.107685244308,4334,0
1010.75,2.0,9.5,-2.6,2200.479,61.014744,-0.5032000000001062,-0.0019999999999527063,-9.999999974752427e-05,0.010036999999996965,2.9999999995311555e-05,-1.4000000007285962e-05,6678,0,1,0,1,0,1,0.6000000000000001,2569.8392269651144,77.25463609612217,20596.74826014993,4335,0
1010.75,2.0,9.5,-2.6,2199.974,61.024822,-0.5049999999996544,-0.001799999999548163,0.00020000000040454324,0.010078000000000031,4.100000000306636e-05,1.1000000007754807e-05,6679,0,1,0,1,0,1,0.6000000000000001,2569.7838579191616,77.25220648323354,20599.38822905553,4336,0
1012.75,2.0,9.5,-2.8,2199.4673,61.03493,-0.5067000000003645,-0.0017000000007101335,9.999999883802957e-05,0.010108000000002448,3.0000000002416982e-05,-1.100000000064938e-05,6680,0,1,0,1,0,1,0.7999999999999998,2569.7284296063463,77.24977911061218,20602.027589921105,4337,0
1012.5,2.0,9.5,-2.8,2198.9585,61.045082,-0.50879999999961,-0.002099999999245483,-0.00039999999853534973,0.01015199999999794,4.399999999549209e-05,1.3999999993075107e-05,6681,0,1,0,1,0,1,0.7999999999999998,2569.6729417390006,77.24735398383717,20604.666340226653,4338,0
1011.25,2.0,9.5,-2.8,2198.4478,61.055267,-0.5107000000002699,-0.0019000000006599294,0.00019999999858555384,0.010184999999999889,3.300000000194814e-05,-1.0999999993543952e-05,6682,0,1,0,1,0,1,0.7999999999999998,2569.617394059554,77.24493110683825,20607.304477692178,4339,0
1011.5,2.0,9.5,-2.8,2197.9353,61.065487,-0.5124999999998181,-0.001799999999548163,0.00010000000111176632,0.010219999999996787,3.499999999689862e-05,1.9999999949504854e-06,6683,0,1,0,1,0,1,0.7999999999999998,2569.561786325554,77.24251048384201,20609.94200015768,4340,0
1010.75,2.0,9.5,-2.8,2197.421,61.07574,-0.5143000000002758,-0.0018000000004576577,-9.094947017729282e-13,0.01025300000000584,3.3000000009053565e-05,-1.999999987845058e-06,6684,0,1,0,1,0,1,0.7999999999999998,2569.5061182946897,77.24009211877338,20612.578905463157,4341,0
1010.25,2.0,9.5,-2.8,2196.9048,61.086033,-0.5162000000000262,-0.0018999999997504347,-9.999999929277692e-05,0.010292999999997221,3.9999999991380264e-05,6.999999982326699e-06,6685,0,1,0,1,0,1,0.7999999999999998,2569.450389709841,77.23767601660185,20615.215191328607,4342,0
1011.75,2.0,9.5,-2.8,2196.387,61.09636,-0.5177999999996246,-0.0015999999995983671,0.0003000000001520675,0.010326999999996644,3.399999999942338e-05,-5.999999991956884e-06,6686,0,1,0,1,0,1,0.7999999999999998,2569.3946003589053,77.23526218139673,20617.850855834033,4343,0
1010.75,2.0,9.5,-2.8,2195.867,61.10672,-0.5199999999999818,-0.0022000000003572495,-0.0006000000007588824,0.010360000000005698,3.3000000009053565e-05,-9.999999903698154e-07,6687,0,1,0,1,0,1,0.7999999999999998,2569.338749940191,77.23285061707536,20620.485896339436,4344,0
1010.25,2.0,9.5,-2.8,2195.3455,61.11712,-0.5215000000002874,-0.0015000000003055902,0.0007000000000516593,0.010399999999997078,3.9999999991380264e-05,6.999999982326699e-06,6688,0,1,0,1,0,1,0.7999999999999998,2569.2828382568396,77.23044132859918,20623.12031104481,4345,0
1009.75,2.0,9.5,-2.8,2194.822,61.12755,-0.5234999999997854,-0.001999999999497959,-0.0004999999991923687,0.010429999999999495,3.0000000002416982e-05,-9.999999988963282e-06,6689,0,1,0,1,0,1,0.7999999999999998,2569.226865037369,77.22803431943198,20625.754097550165,4346,0
1010.75,2.0,9.5,-2.8,2194.2969,61.138012,-0.5251000000002932,-0.0016000000005078618,0.0003999999989900971,0.010462000000003968,3.2000000004472895e-05,2.0000000020559128e-06,6690,0,1,0,1,0,1,0.7999999999999998,2569.1708300702435,77.22562959333433,20628.38725393549,4347,0
1010.75,2.0,9.5,-2.8,2193.77,61.148514,-0.5268999999998414,-0.001799999999548163,-0.0001999999990403012,0.010501999999995348,3.9999999991380264e-05,7.999999986907369e-06,6691,0,1,0,1,0,1,0.7999999999999998,2569.114733114166,77.22322715526002,20631.01977804079,4348,0
1010.75,2.0,9.5,-2.8,2193.2415,61.159046,-0.5284999999998945,-0.0016000000000531145,0.00019999999949504854,0.010531999999997765,3.0000000002416982e-05,-9.999999988963282e-06,6692,0,1,0,1,0,1,0.7999999999999998,2569.0585739578664,77.22082700866576,20633.651667946066,4349,0
1009.25,2.0,9.5,-2.8,2192.711,61.169613,-0.530500000000302,-0.0020000000004074536,-0.00040000000035433914,0.01056700000000177,3.500000000400405e-05,5.000000001587068e-06,6693,0,1,0,1,0,1,0.7999999999999998,2569.0023523304453,77.2184291577532,20636.282921251317,4350,0
1010.75,2.0,9.5,-2.8,2192.1787,61.180214,-0.5322999999998501,-0.001799999999548163,0.0002000000008592906,0.010601000000001193,3.399999999942338e-05,-1.00000000458067e-06,6694,0,1,0,1,0,1,0.7999999999999998,2568.946067991038,77.21603360657207,20638.913535796542,4351,0
1010.75,2.0,9.5,-2.8,2191.6448,61.19085,-0.5338999999999032,-0.0016000000000531145,0.00019999999949504854,0.010635999999998091,3.499999999689862e-05,9.999999974752427e-07,6695,0,1,0,1,0,1,0.7999999999999998,2568.8897207287932,77.213640359319,20641.54350966174,4352,0
1011.75,2.0,9.5,-2.8,2191.1094,61.201515,-0.5354000000002088,-0.0015000000003055902,9.999999974752427e-05,0.010665000000003033,2.900000000494174e-05,-5.999999991956884e-06,6696,0,1,0,1,0,1,0.7999999999999998,2568.833310347917,77.21124941929222,20644.172841046915,4353,0
1011.75,2.1,9.5,-2.8,2190.572,61.212215,-0.5373999999997068,-0.001999999999497959,-0.0004999999991923687,0.010699999999999932,3.499999999689862e-05,5.999999991956884e-06,6697,0,1,0,1,0,1,0.6999999999999997,2568.776836578083,77.20886079068379,20646.80152755206,4354,0
1011.75,2.1,9.5,-2.8,2190.033,61.222946,-0.5390000000002146,-0.0016000000005078618,0.0003999999989900971,0.010730999999999824,3.0999999999892225e-05,-3.999999997006398e-06,6698,0,1,0,1,0,1,0.6999999999999997,2568.7202992088373,77.20647447708613,20649.429567257182,4355,0
1012.0,2.1,9.5,-2.8,2189.4924,61.233715,-0.540599999999813,-0.0015999999995983671,9.094947017729282e-13,0.010768999999996254,3.799999999642978e-05,6.999999996537554e-06,6699,0,1,0,1,0,1,0.6999999999999997,2568.663698029851,77.20409048313434,20652.05695824228,4356,0
1012.75,2.1,9.5,-2.8,2188.95,61.24451,-0.5424000000002707,-0.0018000000004576577,-0.0002000000008592906,0.010795000000001664,2.6000000005410584e-05,-1.1999999991019195e-05,6700,0,1,0,1,0,1,0.6999999999999997,2568.607032801074,77.2017088116699,20654.683698347348,4357,0
1011.75,2.1,9.5,-2.8,2188.406,61.25534,-0.543999999999869,-0.0015999999995983671,0.0002000000008592906,0.010829999999998563,3.499999999689862e-05,8.999999991488039e-06,6701,0,1,0,1,0,1,0.6999999999999997,2568.550303312444,77.19932946687555,20657.309785652393,4358,0
1011.75,2.1,9.5,-2.8,2187.8604,61.2662,-0.5455999999999221,-0.0016000000000531145,-4.547473508864641e-13,0.01086000000000098,3.0000000002416982e-05,-4.999999994481641e-06,6702,0,1,0,1,0,1,0.6999999999999997,2568.4935093540207,77.19695245218558,20659.93521823741,4359,0
1011.75,2.1,9.5,-2.8,2187.313,61.277096,-0.5473999999999251,-0.0018000000000029104,-0.0001999999999497959,0.01089600000000246,3.600000000147929e-05,5.999999999062311e-06,6703,0,1,0,1,0,1,0.6999999999999997,2568.436650686158,77.19457777192721,20662.5599939424,4360,0
1013.75,2.1,9.5,-2.8,2186.7642,61.28802,-0.5488000000000284,-0.0014000000001033186,0.0003999999998995918,0.01092400000000282,2.800000000036107e-05,-8.000000001118224e-06,6704,0,1,0,1,0,1,0.6999999999999997,2568.379727129008,77.19220542923192,20665.184111087365,4361,0
1015.75,2.1,9.5,-2.8,2186.2136,61.298977,-0.5506000000000313,-0.0018000000000029104,-0.0003999999998995918,0.010956999999997663,3.299999999484271e-05,4.999999994481641e-06,6705,0,1,0,1,0,1,0.6999999999999997,2568.3227384431857,77.18983542797496,20667.807567512304,4362,0
1015.5,2.1,9.5,-2.8,2185.6616,61.309963,-0.5520000000001346,-0.0014000000001033186,0.0003999999998995918,0.010986000000002605,2.900000000494174e-05,-3.999999989900971e-06,6706,0,1,0,1,0,1,0.6999999999999997,2568.265684449083,77.18746777143284,20670.430361537216,4363,0
1016.25,2.1,9.5,-2.8,2185.108,61.32098,-0.553599999999733,-0.0015999999995983671,-0.00019999999949504854,0.011016999999995392,3.09999999927868e-05,1.999999987845058e-06,6707,0,1,0,1,0,1,0.6999999999999997,2568.208564937388,77.1851024631783,20673.0524912421,4364,0
1016.25,2.1,9.5,-2.8,2184.5525,61.33203,-0.5555000000003929,-0.0019000000006599294,-0.0003000000010615622,0.011050000000004445,3.3000000009053565e-05,2.0000000162667675e-06,6708,0,1,0,1,0,1,0.6999999999999997,2568.151379654196,77.18273950708004,20675.67395434696,4365,0
1017.25,2.1,9.5,-2.8,2183.9956,61.34311,-0.5568999999995867,-0.001399999999193824,0.0005000000014661055,0.011079999999999757,2.9999999995311555e-05,-3.00000001374201e-06,6709,0,1,0,1,0,1,0.6999999999999997,2568.094128420268,77.18037890655738,20678.29474917179,4366,0
1017.25,2.1,9.5,-2.8,2183.4373,61.354218,-0.5583000000001448,-0.001400000000558066,-1.3642420526593924e-12,0.011108000000000118,2.800000000036107e-05,-1.9999999949504854e-06,6710,0,1,0,1,0,1,0.6999999999999997,2568.0368110564746,77.17802066472954,20680.914874036596,4367,0
1018.75,2.1,9.5,-2.8,2182.8772,61.365356,-0.5601000000001477,-0.0018000000000029104,-0.00039999999944484443,0.01113799999999543,2.9999999995311555e-05,1.9999999949504854e-06,6711,0,1,0,1,0,1,0.6999999999999997,2567.9794273241955,77.17566478501192,20683.534326781373,4368,0
1018.5,2.1,9.5,-2.8,2182.3157,61.376526,-0.5614999999997963,-0.0013999999996485712,0.00040000000035433914,0.011169999999999902,3.2000000004472895e-05,2.00000000916134e-06,6712,0,1,0,1,0,1,0.6999999999999997,2567.92197704454,77.17331127111575,20686.153105726124,4369,0
1017.75,2.1,9.5,-2.8,2181.7527,61.387726,-0.5630000000001019,-0.0015000000003055902,-0.00010000000065701897,0.01120000000000232,3.0000000002416982e-05,-2.0000000020559128e-06,6713,0,1,0,1,0,1,0.6999999999999997,2567.864460023831,77.17096012645219,20688.77120907085,4370,0
1017.25,2.1,9.5,-2.8,2181.188,61.398952,-0.5646999999999025,-0.0016999999998006388,-0.00019999999949504854,0.011226000000000624,2.5999999998305157e-05,-4.0000000041118255e-06,6714,0,1,0,1,0,1,0.6999999999999997,2567.8068760387196,77.1686113538347,20691.388634775547,4371,0
1015.75,2.1,9.5,-2.8,2180.622,61.41021,-0.5660000000002583,-0.0013000000003557943,0.00039999999944484443,0.011257999999997992,3.199999999736747e-05,5.999999999062311e-06,6715,0,1,0,1,0,1,0.6999999999999997,2567.7492249255506,77.16626495696843,20694.005381280214,4372,0
1016.25,2.1,9.5,-2.8,2180.0544,61.421497,-0.5675999999998567,-0.0015999999995983671,-0.0002999999992425728,0.011287000000002934,2.900000000494174e-05,-2.999999992425728e-06,6716,0,1,0,1,0,1,0.6999999999999997,2567.691506476105,77.16392093910972,20696.621446664856,4373,0
1016.0,2.1,9.5,-2.8,2179.4854,61.43281,-0.56899999999996,-0.0014000000001033186,0.00019999999949504854,0.011313000000001239,2.5999999998305157e-05,-3.000000006636583e-06,6717,0,1,0,1,0,1,0.6999999999999997,2567.6337205120567,77.16157930306639,20699.236829249472,4374,0
1016.75,2.1,9.5,-2.8,2178.9148,61.444153,-0.5706000000000131,-0.0016000000000531145,-0.0001999999999497959,0.01134299999999655,2.9999999995311555e-05,3.999999997006398e-06,6718,0,1,0,1,0,1,0.6999999999999997,2567.5758668254207,77.15924005223991,20701.85152711406,4375,0
1019.25,2.1,9.5,-2.8,2178.3428,61.455524,-0.5720000000001164,-0.0014000000001033186,0.0001999999999497959,0.011370999999996911,2.800000000036107e-05,-1.9999999949504854e-06,6719,0,1,0,1,0,1,0.6999999999999997,2567.5179452380953,77.15690318973215,20704.46553857862,4376,0
1020.25,2.1,9.5,-2.8,2177.7693,61.466927,-0.5734999999999673,-0.0014999999998508429,-9.999999974752427e-05,0.011403000000001384,3.2000000004472895e-05,4.0000000041118255e-06,6720,0,1,0,1,0,1,0.6999999999999997,2567.4599555572086,77.15456871923821,20707.078861843154,4377,0
1019.75,2.1,9.5,-2.8,2177.1943,61.478355,-0.5749999999998181,-0.0014999999998508429,0.0,0.011428000000002214,2.5000000000829914e-05,-7.000000003642981e-06,6721,0,1,0,1,0,1,0.6999999999999997,2567.4018975900026,77.15223664340971,20709.691495107658,4378,0
1019.25,2.1,9.5,-2.8,2176.6182,61.48981,-0.5761000000002241,-0.0011000000004059984,0.00039999999944484443,0.011454999999997995,2.69999999957804e-05,1.9999999949504854e-06,6722,0,1,0,1,0,1,0.6999999999999997,2567.343771203332,77.1499069651941,20712.303437052138,4379,0
1019.75,2.1,9.5,-2.8,2176.0403,61.501293,-0.5778999999997723,-0.001799999999548163,-0.0006999999991421646,0.011482999999998356,2.800000000036107e-05,1.00000000458067e-06,6723,0,1,0,1,0,1,0.6999999999999997,2567.2855761600235,77.1475796876859,20714.914685516585,4380,0
1019.5,2.1,9.5,-2.8,2175.4612,61.512802,-0.5790999999999258,-0.0012000000001535227,0.0005999999993946403,0.011509000000003766,2.6000000005410584e-05,-1.9999999949504854e-06,6724,0,1,0,1,0,1,0.6999999999999997,2567.2273123122673,77.1452548136803,20717.525239061008,4381,0
1019.5,2.1,9.5,-2.8,2174.8806,61.52434,-0.5806000000002314,-0.0015000000003055902,-0.0003000000001520675,0.011538000000001603,2.8999999997836312e-05,2.999999992425728e-06,6725,0,1,0,1,0,1,0.6999999999999997,2567.1689794677372,77.1429323464169,20720.135095885402,4382,0
1020.25,2.1,9.5,-2.8,2174.2988,61.535908,-0.5817999999999302,-0.0011999999996987754,0.00030000000060681487,0.011567999999996914,2.9999999995311555e-05,9.999999974752427e-07,6726,0,1,0,1,0,1,0.6999999999999997,2567.1105774788166,77.14061228928199,20722.74425454977,4383,0
1020.0,2.1,9.5,-2.8,2173.7153,61.547497,-0.5835000000001855,-0.0017000000002553861,-0.0005000000005566108,0.011589000000000738,2.1000000003823516e-05,-8.999999991488039e-06,6727,0,1,0,1,0,1,0.6999999999999997,2567.0521061236623,77.13829464432223,20725.35271301411,4384,0
1020.75,2.1,9.5,-2.8,2173.1306,61.559116,-0.5846999999998843,-0.0011999999996987754,0.0005000000005566108,0.011619000000003155,3.0000000002416982e-05,8.999999998593466e-06,6728,0,1,0,1,0,1,0.6999999999999997,2566.9935652548666,77.1359794149205,20727.960469838417,4385,0
1019.25,2.1,9.5,-2.8,2172.5447,61.57076,-0.5859000000000378,-0.0012000000001535227,-4.547473508864641e-13,0.011643999999996879,2.4999999993724487e-05,-5.000000008692496e-06,6729,0,1,0,1,0,1,0.6999999999999997,2566.9349547251113,77.13366660371472,20730.5675235827,4386,0
1019.75,2.1,9.5,-2.8,2171.9573,61.582428,-0.5873999999998887,-0.0014999999998508429,-0.00029999999969732016,0.011668000000000234,2.400000000335467e-05,-9.999999903698154e-07,6730,0,1,0,1,0,1,0.6999999999999997,2566.8762743425937,77.13135621319269,20733.173872446954,4387,0
1019.5,2.1,9.5,-2.8,2171.3684,61.594124,-0.5889000000001943,-0.0015000000003055902,-4.547473508864641e-13,0.011696000000000595,2.800000000036107e-05,3.999999997006398e-06,6731,0,1,0,1,0,1,0.6999999999999997,2566.8175239156267,77.12904824643493,20735.77951463118,4388,0
1018.75,2.1,9.5,-2.8,2170.7786,61.605846,-0.589799999999741,-0.0008999999995467078,0.0006000000007588824,0.0117219999999989,2.5999999998305157e-05,-2.0000000020559128e-06,6732,0,1,0,1,0,1,0.6999999999999997,2566.7587033417494,77.12674270622308,20738.38444905538,4389,0
1018.75,2.1,9.5,-2.8,2170.187,61.617596,-0.5916000000001986,-0.0018000000004576577,-0.0009000000009109499,0.011749999999999261,2.800000000036107e-05,2.0000000020559128e-06,6733,0,1,0,1,0,1,0.6999999999999997,2566.6998123849125,77.1244395956341,20740.988673559546,4390,0
1016.75,2.1,9.5,-2.8,2169.5945,61.629368,-0.5924999999997453,-0.0008999999995467078,0.0009000000009109499,0.01177200000000056,2.200000000129876e-05,-5.999999999062311e-06,6734,0,1,0,1,0,1,0.6999999999999997,2566.6408509428356,77.12213891685226,20743.59218706369,4391,0
1015.25,2.1,9.5,-2.8,2169.0005,61.641163,-0.5940000000000509,-0.0015000000003055902,-0.0006000000007588824,0.011794999999999334,2.2999999998774e-05,9.999999974752427e-07,6735,0,1,0,1,0,1,0.6999999999999997,2566.581818824228,77.11984067220902,20746.194987767798,4392,0
1016.25,2.1,9.5,-2.8,2168.4053,61.652985,-0.5952000000002045,-0.0012000000001535227,0.0003000000001520675,0.01182200000000222,2.7000000002885827e-05,4.0000000041118255e-06,6736,0,1,0,1,0,1,0.6999999999999997,2566.52271588244,77.11754486462817,20748.797074231883,4393,0
1015.25,2.1,9.5,-2.8,2167.8088,61.664833,-0.5965000000001055,-0.001299999999901047,-9.999999974752427e-05,0.011848000000000525,2.5999999998305157e-05,-1.00000000458067e-06,6737,0,1,0,1,0,1,0.6999999999999997,2566.46354195607,77.11525149688335,20751.398444895938,4394,0
1014.25,2.1,9.5,-2.8,2167.211,61.676704,-0.5978000000000065,-0.001299999999901047,0.0,0.011870999999999299,2.2999999998774e-05,-2.9999999995311555e-06,6738,0,1,0,1,0,1,0.6999999999999997,2566.4042968838103,77.11296057130137,20753.999098199965,4395,0
1013.75,2.1,9.5,-2.8,2166.612,61.6886,-0.5989999999997053,-0.0011999999996987754,0.00010000000020227162,0.011896000000000129,2.5000000000829914e-05,2.0000000020559128e-06,6739,0,1,0,1,0,1,0.6999999999999997,2566.3449805192877,77.11067209050445,20756.59903270396,4396,0
1014.0,2.1,9.5,-2.8,2166.0117,61.70052,-0.6003000000000611,-0.0013000000003557943,-0.00010000000065701897,0.011919999999996378,2.3999999996249244e-05,-1.00000000458067e-06,6740,0,1,0,1,0,1,0.6999999999999997,2566.2855927013793,77.10838605696485,20759.19824684793,4397,0
1013.25,2.1,9.5,-2.8,2165.4102,61.712463,-0.6015000000002146,-0.0012000000001535227,0.00010000000020227162,0.011943000000002257,2.300000000587943e-05,-9.999999903698154e-07,6741,0,1,0,1,0,1,0.6999999999999997,2566.226133283892,77.10610247300505,20761.79673919187,4398,0
1013.25,2.1,9.5,-2.8,2164.8076,61.72443,-0.6025999999997111,-0.0010999999994965037,0.00010000000065701897,0.011966999999998507,2.3999999996249244e-05,9.999999903698154e-07,6742,0,1,0,1,0,1,0.6999999999999997,2566.166602135548,77.10382134109447,20764.39450841578,4399,0
1013.25,2.1,9.5,-2.8,2164.2036,61.73642,-0.6040000000002692,-0.001400000000558066,-0.0003000000010615622,0.011990000000004386,2.300000000587943e-05,-9.999999903698154e-07,6743,0,1,0,1,0,1,0.6999999999999997,2566.106999080664,77.10154266355279,20766.991552839663,4400,0
1011.75,2.1,9.5,-2.8,2163.5986,61.748436,-0.6050000000000182,-0.0009999999997489795,0.0004000000008090865,0.012015999999995586,2.599999999119973e-05,2.9999999853203008e-06,6744,0,1,0,1,0,1,0.6999999999999997,2566.047324002965,77.09926644314307,20769.587871263513,4401,0
1011.25,2.1,9.5,-2.8,2162.9922,61.76047,-0.6063999999996668,-0.0013999999996485712,-0.0003999999998995918,0.012033999999999878,1.800000000429236e-05,-7.999999986907369e-06,6745,0,1,0,1,0,1,0.6999999999999997,2565.9875767269496,77.09699268144085,20772.18346200734,4402,0
1012.75,2.1,9.5,-2.8,2162.3848,61.77253,-0.6074000000003252,-0.0010000000006584742,0.0003999999989900971,0.012060000000005289,2.6000000005410584e-05,8.000000001118224e-06,6746,0,1,0,1,0,1,0.6999999999999997,2565.927757136505,77.09472138120647,20774.778323871134,4403,0
1013.0,2.1,9.5,-2.8,2161.7761,61.78461,-0.6086999999997715,-0.0012999999994462996,-0.00029999999878782546,0.012079999999997426,1.9999999992137418e-05,-6.000000013273166e-06,6747,0,1,0,1,0,1,0.6999999999999997,2565.867865071132,77.09245254430942,20777.3724552949,4404,0
1013.75,2.1,9.5,-3.0,2161.1665,61.796715,-0.6096000000002277,-0.0009000000004562025,0.0003999999989900971,0.012104999999998256,2.5000000000829914e-05,5.000000008692496e-06,6748,0,1,0,1,0,1,0.8999999999999999,2565.8079004296933,77.09018617335902,20779.965855198632,4405,0
1012.75,2.1,9.5,-3.0,2160.5557,61.80884,-0.6107999999999265,-0.0011999999996987754,-0.0002999999992425728,0.012124999999997499,1.9999999999242846e-05,-5.000000001587068e-06,6749,0,1,0,1,0,1,0.8999999999999999,2565.7478630666665,77.08792227022222,20782.55852214234,4406,0
1012.75,2.1,9.5,-3.0,2159.9436,61.82099,-0.6120999999998276,-0.001299999999901047,-0.00010000000020227162,0.012150000000005434,2.500000000793534e-05,5.000000008692496e-06,6750,0,1,0,1,0,1,0.8999999999999999,2565.687752821804,77.08566083750556,20785.150454566017,4407,0
1011.75,2.1,9.5,-3.0,2159.3303,61.83316,-0.6132999999999811,-0.0012000000001535227,9.999999974752427e-05,0.012169999999997572,1.9999999992137418e-05,-5.000000015797923e-06,6751,0,1,0,1,0,1,0.8999999999999999,2565.627569549763,77.08340187707346,20787.741651029664,4408,0
1010.75,2.1,9.5,-3.0,2158.716,61.845352,-0.6143000000001848,-0.0010000000002037268,0.0001999999999497959,0.01219199999999887,2.200000000129876e-05,2.00000000916134e-06,6752,0,1,0,1,0,1,0.8999999999999999,2565.567313134903,77.08114539108544,20790.332110333286,4409,0
1010.75,2.1,9.5,-3.0,2158.1008,61.857567,-0.6151999999997315,-0.0008999999995467078,0.00010000000065701897,0.01221500000000475,2.300000000587943e-05,1.00000000458067e-06,6753,0,1,0,1,0,1,0.8999999999999999,2565.5069834764586,77.0788913818478,20792.921831396874,4410,0
1012.25,2.1,9.5,-3.0,2157.4844,61.8698,-0.6164000000003398,-0.00120000000060827,-0.0003000000010615622,0.012232999999994831,1.7999999990081506e-05,-5.000000015797923e-06,6754,0,1,0,1,0,1,0.8999999999999999,2565.446580429312,77.07663985092525,20795.51081278043,4411,0
1012.25,2.1,9.5,-3.0,2156.867,61.882053,-0.617399999999634,-0.0009999999992942321,0.00020000000131403795,0.01225300000000118,2.0000000006348273e-05,2.0000000162667675e-06,6755,0,1,0,1,0,1,0.8999999999999999,2565.386103878034,77.07439080017761,20798.09905328396,4412,0
1013.25,2.1,9.5,-3.0,2156.2483,61.89433,-0.6186999999999898,-0.0013000000003557943,-0.0003000000010615622,0.012276999999997429,2.3999999996249244e-05,3.999999989900971e-06,6756,0,1,0,1,0,1,0.8999999999999999,2565.325553662868,77.07214423205565,20800.686551347462,4413,0
1013.0,2.1,9.5,-3.0,2155.6287,61.906624,-0.6195999999999913,-0.0009000000000014552,0.00040000000035433914,0.012294000000004246,1.7000000006817118e-05,-6.999999989432126e-06,6757,0,1,0,1,0,1,0.8999999999999999,2565.2649296833383,77.06990014797277,20803.273305890933,4414,0
1013.25,2.1,9.5,-3.0,2155.008,61.91894,-0.6207000000003973,-0.0011000000004059984,-0.00020000000040454324,0.01231599999999844,2.199999999419333e-05,4.9999999873762135e-06,6758,0,1,0,1,0,1,0.8999999999999999,2565.2042318094395,77.06765855008138,20805.85931559437,4415,0
1013.25,2.1,9.5,-3.0,2154.3862,61.93128,-0.6217999999998938,-0.0010999999994965037,9.094947017729282e-13,0.012340000000001794,2.400000000335467e-05,2.00000000916134e-06,6759,0,1,0,1,0,1,0.8999999999999999,2565.1434599112426,77.06541944082839,20808.444579137784,4416,0
1011.75,2.1,9.5,-3.0,2153.7637,61.943634,-0.6224999999999454,-0.0007000000000516593,0.00039999999944484443,0.012354000000001975,1.4000000000180535e-05,-1.0000000003174137e-05,6760,0,1,0,1,0,1,0.8999999999999999,2565.08261391806,77.0631828211803,20811.029095681162,4417,0
1013.25,2.1,9.5,-3.0,2153.14,61.95601,-0.623700000000099,-0.0012000000001535227,-0.0005000000001018634,0.012375999999996168,2.199999999419333e-05,7.999999994012796e-06,6761,0,1,0,1,0,1,0.8999999999999999,2565.0216936853,77.06094869328601,20813.612863784514,4418,0
1013.0,2.1,9.5,-3.0,2152.5151,61.968407,-0.6248999999997977,-0.0011999999996987754,4.547473508864641e-13,0.012396999999999991,2.1000000003823516e-05,-9.999999903698154e-07,6762,0,1,0,1,0,1,0.8999999999999999,2564.960699068461,77.05871705914535,20816.195882007836,4419,0
1012.75,2.1,9.5,-3.0,2151.8894,61.98082,-0.6257000000000517,-0.0008000000002539309,0.00039999999944484443,0.012413000000002228,1.6000000002236447e-05,-5.000000001587068e-06,6763,0,1,0,1,0,1,0.8999999999999999,2564.899629982259,77.05648792001774,20818.778149391124,4420,0
1012.75,2.1,9.5,-3.0,2151.2627,61.99325,-0.6266999999998006,-0.0009999999997489795,-0.00019999999949504854,0.01243000000000194,1.699999999971169e-05,9.999999974752427e-07,6764,0,1,0,1,0,1,0.8999999999999999,2564.8384863118995,77.05426127730968,20821.359664734387,4421,0
1012.25,2.1,9.5,-3.0,2150.635,62.005707,-0.6277000000000044,-0.0010000000002037268,-4.547473508864641e-13,0.01245699999999772,2.69999999957804e-05,9.999999996068709e-06,6765,0,1,0,1,0,1,0.8999999999999999,2564.7772679426544,77.05203713390482,20823.940426837617,4422,0
1012.0,2.1,9.5,-3.0,2150.0063,62.018177,-0.6287000000002081,-0.0010000000002037268,0.0,0.012470000000000425,1.3000000002705292e-05,-1.3999999993075107e-05,6766,0,1,0,1,0,1,0.8999999999999999,2564.7159747598644,77.04981549061623,20826.520434500817,4423,0
1012.0,2.1,9.5,-3.0,2149.377,62.030666,-0.6293000000000575,-0.0005999999998493877,0.00040000000035433914,0.012488999999995087,1.8999999994662176e-05,5.999999991956884e-06,6767,0,1,0,1,0,1,0.8999999999999999,2564.6546067080376,77.04759634914302,20829.09968700399,4424,0
1012.0,2.1,9.5,-3.0,2148.7463,62.043175,-0.6307000000001608,-0.0014000000001033186,-0.0008000000002539309,0.012509000000001436,2.0000000006348273e-05,1.0000000116860974e-06,6768,0,1,0,1,0,1,0.8999999999999999,2564.593163613532,77.04537971133107,20831.67818266713,4425,0
1010.25,2.1,9.5,-3.0,2148.115,62.0557,-0.6313000000000102,-0.0005999999998493877,0.0008000000002539309,0.012525000000003672,1.6000000002236447e-05,-4.0000000041118255e-06,6769,0,1,0,1,0,1,0.8999999999999999,2564.531645420975,77.04316557843427,20834.255920770236,4426,0
1010.5,2.1,9.5,-3.0,2147.4827,62.068245,-0.6322999999997592,-0.0009999999997489795,-0.0003999999998995918,0.01254499999999581,1.9999999992137418e-05,3.999999989900971e-06,6770,0,1,0,1,0,1,0.8999999999999999,2564.4700520159504,77.04095395229656,20836.832900113317,4427,0
1011.25,2.1,9.5,-3.0,2146.8494,62.080803,-0.6332999999999629,-0.0010000000002037268,-4.547473508864641e-13,0.01255800000000562,1.300000000981072e-05,-6.999999982326699e-06,6771,0,1,0,1,0,1,0.8999999999999999,2564.408383284111,77.03874483372711,20839.409119496366,4428,0
1011.75,2.1,9.5,-3.0,2146.2153,62.093384,-0.6341000000002168,-0.0008000000002539309,0.0001999999999497959,0.012580999999997289,2.2999999991668574e-05,9.999999981857854e-06,6772,0,1,0,1,0,1,0.8999999999999999,2564.3466391407055,77.03653822501107,20841.98457795938,4429,0
1012.25,2.1,9.5,-3.0,2145.5803,62.10598,-0.6349999999997635,-0.0008999999995467078,-9.999999929277692e-05,0.01259600000000205,1.5000000004761205e-05,-7.999999986907369e-06,6773,0,1,0,1,0,1,0.8999999999999999,2564.284819486271,77.03433412725126,20844.559274422372,4430,0
1011.25,2.1,9.5,-3.0,2144.9443,62.11859,-0.6359999999999673,-0.0010000000002037268,-0.00010000000065701897,0.012609999999995125,1.3999999993075107e-05,-1.0000000116860974e-06,6774,0,1,0,1,0,1,0.8999999999999999,2564.2229242066423,77.03213254140222,20847.13320768533,4431,0
1010.25,2.1,9.5,-3.0,2144.3076,62.13122,-0.6367000000000189,-0.0007000000000516593,0.0003000000001520675,0.012630000000001473,2.0000000006348273e-05,6.000000013273166e-06,6775,0,1,0,1,0,1,0.8999999999999999,2564.1609532319953,77.02993346930343,20849.706376908256,4432,0
1010.75,2.1,9.5,-3.0,2143.67,62.143867,-0.6376000000000204,-0.0009000000000014552,-0.0001999999999497959,0.012647000000001185,1.699999999971169e-05,-3.000000006636583e-06,6776,0,1,0,1,0,1,0.8999999999999999,2564.0989064630367,77.0277369123506,20852.27878101115,4433,0
1010.75,2.1,9.5,-3.0,2143.0315,62.15653,-0.6385000000000218,-0.0009000000000014552,0.0,0.012662999999996316,1.599999999513102e-05,-1.00000000458067e-06,6777,0,1,0,1,0,1,0.8999999999999999,2564.036783800531,77.02554287179109,20854.850418914015,4434,0
1010.5,2.1,9.5,-3.0,2142.3923,62.16921,-0.6392000000000735,-0.0007000000000516593,0.0001999999999497959,0.012680000000003133,1.7000000006817118e-05,1.0000000116860974e-06,6778,0,1,0,1,0,1,0.8999999999999999,2563.974585174805,77.02335134901904,20857.421289776852,4435,0
1010.5,2.1,9.5,-3.0,2141.7522,62.1819,-0.6401000000000749,-0.0009000000000014552,-0.0001999999999497959,0.012689999999999202,9.999999996068709e-06,-7.000000010748408e-06,6779,0,1,0,1,0,1,0.8999999999999999,2563.912310486726,77.02116234439528,20859.991392519656,4436,0
1009.75,2.1,10.5,-3.0,2141.1113,62.19461,-0.6408999999998741,-0.0007999999997991836,0.00010000000020227162,0.012709999999998445,1.9999999999242846e-05,1.0000000003174137e-05,6780,0,1,0,1,0,1,0.8999999999999999,2563.8499596519687,77.0189758597552,20862.56072618243,4437,0
1009.75,2.1,10.5,-3.0,2140.4697,62.207336,-0.6415999999999258,-0.0007000000000516593,9.999999974752427e-05,0.012726000000000681,1.6000000002236447e-05,-3.999999997006398e-06,6781,0,1,0,1,0,1,0.8999999999999999,2563.787532601003,77.01679189634326,20865.12928992517,4438,0
1008.75,2.1,10.5,-3.0,2139.8274,62.220078,-0.6422999999999774,-0.0007000000000516593,0.0,0.012742000000002918,1.6000000002236447e-05,0.0,6782,0,1,0,1,0,1,0.8999999999999999,2563.7250292643375,77.01461045540321,20867.697082907882,4439,0
1007.25,2.1,10.5,-3.0,2139.184,62.232834,-0.6433999999999287,-0.001099999999951251,-0.0003999999998995918,0.012755999999995993,1.3999999993075107e-05,-2.00000000916134e-06,6783,0,1,0,1,0,1,0.8999999999999999,2563.6624495135616,77.01243153788326,20870.264103810565,4440,0
1007.25,2.1,10.5,-3.0,2138.54,62.245605,-0.6440000000002328,-0.000600000000304135,0.0004999999996471161,0.012771000000000754,1.5000000004761205e-05,1.0000000116860974e-06,6784,0,1,0,1,0,1,0.8999999999999999,2563.599793294031,77.0102551448784,20872.830351913213,4441,0
1006.25,2.1,10.5,-3.0,2137.8953,62.25839,-0.6446999999998297,-0.000699999999596912,-9.999999929277692e-05,0.012785000000000935,1.4000000000180535e-05,-1.00000000458067e-06,6785,0,1,0,1,0,1,0.8999999999999999,2563.5370605363987,77.00808127733569,20875.395826375832,4442,0
1006.25,2.1,10.5,-3.0,2137.25,62.27119,-0.6453000000001339,-0.000600000000304135,9.999999929277692e-05,0.01279999999999859,1.4999999997655777e-05,9.999999974752427e-07,6786,0,1,0,1,0,1,0.8999999999999999,2563.4742511860914,77.0059099363489,20877.960526478422,4443,0
1006.25,2.1,10.5,-3.0,2136.6038,62.284004,-0.6462000000001353,-0.0009000000000014552,-0.00029999999969732016,0.012814000000005876,1.4000000007285962e-05,-9.999999903698154e-07,6787,0,1,0,1,0,1,0.8999999999999999,2563.411365144372,77.00374112286387,20880.524451140976,4444,0
1007.75,2.1,10.5,-3.0,2135.9568,62.296833,-0.6469999999999345,-0.0007999999997991836,0.00010000000020227162,0.012828999999996427,1.499999999055035e-05,9.99999983264388e-07,6788,0,1,0,1,0,1,0.8999999999999999,2563.348402327294,77.0015748379732,20883.087599403505,4445,0
1007.5,2.1,10.5,-3.0,2135.309,62.309673,-0.6477999999997337,-0.0007999999997991836,0.0,0.012839999999997076,1.100000000064938e-05,-3.999999989900971e-06,6789,0,1,0,1,0,1,0.8999999999999999,2563.2853626509573,76.99941108217968,20885.649970306,4446,0
1007.75,2.1,10.5,-3.0,2134.661,62.32253,-0.6480000000001382,-0.00020000000040454324,0.0005999999993946403,0.012857000000003893,1.7000000006817118e-05,6.000000006167738e-06,6790,0,1,0,1,0,1,0.8999999999999999,2563.222246119865,76.99724985686939,20888.211563608464,4447,0
1007.75,2.0,10.5,-3.0,2134.0117,62.3354,-0.6493000000000393,-0.001299999999901047,-0.0010999999994965037,0.012869999999999493,1.2999999995599865e-05,-4.000000011217253e-06,6791,0,1,0,1,0,1,1.0,2563.159052576561,76.99509116283863,20890.772377750895,4448,0
1007.75,2.0,10.5,-3.0,2133.362,62.34828,-0.6496999999999389,-0.0003999999998995918,0.0009000000000014552,0.012880000000002667,1.0000000003174137e-05,-2.999999992425728e-06,6792,0,1,0,1,0,1,1.0,2563.0957819961727,76.99293500044163,20893.332412253298,4449,0
1009.25,2.0,10.5,-3.0,2132.7117,62.361176,-0.650300000000243,-0.000600000000304135,-0.00020000000040454324,0.012895999999997798,1.599999999513102e-05,5.999999991956884e-06,6793,0,1,0,1,0,1,1.0,2563.032434324404,76.99078137091551,20895.891666395666,4450,0
1009.25,2.0,10.5,-3.0,2132.0608,62.374084,-0.6508999999996377,-0.0005999999993946403,9.094947017729282e-13,0.012908000000003028,1.200000000523005e-05,-3.999999989900971e-06,6794,0,1,0,1,0,1,1.0,2562.9690095069905,76.98863027490802,20898.450139458004,4451,0
1009.5,2.0,10.5,-3.0,2131.4092,62.387005,-0.6516000000001441,-0.0007000000005064066,-0.00010000000111176632,0.012920999999998628,1.2999999995599865e-05,9.999999903698154e-07,6795,0,1,0,1,0,1,1.0,2562.9055074749854,76.98648171321365,20901.007830600312,4452,0
1010.25,2.0,10.5,-3.0,2130.7568,62.399937,-0.6523999999999432,-0.0007999999997991836,-9.999999929277692e-05,0.012931999999999277,1.100000000064938e-05,-1.9999999949504854e-06,6796,0,1,0,1,0,1,1.0,2562.8419281447696,76.9843356863322,20903.564738862588,4453,0
1008.75,2.0,10.5,-3.0,2130.104,62.412884,-0.6528000000002976,-0.00040000000035433914,0.00039999999944484443,0.012946999999996933,1.4999999997655777e-05,3.999999997006398e-06,6797,0,1,0,1,0,1,1.0,2562.7782714916148,76.98219219535157,20906.120863764834,4454,0
1007.75,2.0,10.5,-3.0,2129.4504,62.425842,-0.653599999999642,-0.0007999999993444362,-0.0003999999989900971,0.012958000000004688,1.1000000007754807e-05,-3.999999989900971e-06,6798,0,1,0,1,0,1,1.0,2562.7145374319753,76.9800512407707,20908.676204347048,4455,0
1007.25,2.0,10.5,-3.0,2128.7964,62.438812,-0.6539999999999964,-0.00040000000035433914,0.0003999999989900971,0.012969999999995707,1.1999999991019195e-05,9.99999983264388e-07,6799,0,1,0,1,0,1,1.0,2562.6507259411765,76.9779128232353,20911.23076012923,4456,0
1005.75,2.0,10.5,-3.0,2128.1416,62.45179,-0.6548000000002503,-0.0008000000002539309,-0.0003999999998995918,0.01297800000000393,8.000000008223651e-06,-3.9999999827955435e-06,6800,0,1,0,1,0,1,1.0,2562.586836935745,76.97577694280253,20913.78453015138,4457,0
1006.25,2.0,10.5,-3.0,2127.4863,62.464783,-0.6552999999998974,-0.0004999999996471161,0.00030000000060681487,0.012992999999994481,1.499999999055035e-05,6.999999982326699e-06,6801,0,1,0,1,0,1,1.0,2562.52287037636,76.97364360055866,20916.3375138135,4458,0
1007.25,2.0,10.5,-3.0,2126.8306,62.477787,-0.6557000000002517,-0.00040000000035433914,9.999999929277692e-05,0.013004000000002236,1.1000000007754807e-05,-3.9999999827955435e-06,6802,0,1,0,1,0,1,1.0,2562.4588262384245,76.97151279700132,20918.889710635587,4459,0
1007.0,2.0,10.5,-3.0,2126.174,62.490803,-0.6565999999997985,-0.0008999999995467078,-0.0004999999991923687,0.01301600000000036,1.1999999998124622e-05,9.999999903698154e-07,6803,0,1,0,1,0,1,1.0,2562.3947044238685,76.96938453277484,20921.441119537645,4460,0
1006.25,2.0,10.5,-3.0,2125.517,62.503826,-0.6570000000001528,-0.00040000000035433914,0.0004999999991923687,0.013022999999996898,6.999999996537554e-06,-5.000000001587068e-06,6804,0,1,0,1,0,1,1.0,2562.330504908156,76.9672588077884,20923.99174003967,4461,0
1006.25,2.0,10.5,-3.0,2124.8596,62.51686,-0.6574000000000524,-0.0003999999998995918,4.547473508864641e-13,0.013034000000004653,1.1000000007754807e-05,4.000000011217253e-06,6805,0,1,0,1,0,1,1.0,2562.2662276667647,76.96513562253894,20926.541571661663,4462,0
1006.25,2.0,10.5,-3.0,2124.2017,62.529907,-0.6578999999996995,-0.0004999999996471161,-9.999999974752427e-05,0.013047000000000253,1.2999999995599865e-05,1.999999987845058e-06,6806,0,1,0,1,0,1,1.0,2562.2018726604965,76.96301497781695,20929.090613803623,4463,0
1004.25,2.0,10.5,-3.0,2123.5432,62.542965,-0.6585000000000036,-0.000600000000304135,-0.00010000000065701897,0.013058000000000902,1.100000000064938e-05,-1.9999999949504854e-06,6807,0,1,0,1,0,1,1.0,2562.137439835488,76.96089687411869,20931.638865745554,4464,0
1004.0,2.0,10.5,-3.0,2122.8843,62.55603,-0.6588999999999032,-0.0003999999998995918,0.00020000000040454324,0.01306499999999744,6.999999996537554e-06,-4.0000000041118255e-06,6808,0,1,0,1,0,1,1.0,2562.0729291672787,76.95878131135262,20934.186327007454,4465,0
1005.25,2.0,10.5,-3.0,2122.2246,62.569103,-0.6597000000001572,-0.0008000000002539309,-0.00040000000035433914,0.013072999999998558,8.000000001118224e-06,1.00000000458067e-06,6809,0,1,0,1,0,1,1.0,2562.0083405726873,76.95666828957415,20936.73299662932,4466,0
1005.75,2.0,10.5,-3.0,2121.5647,62.58219,-0.659900000000107,-0.0001999999999497959,0.000600000000304135,0.013086999999998739,1.4000000000180535e-05,5.999999999062311e-06,6810,0,1,0,1,0,1,1.0,2561.943674056673,76.95455780971957,20939.278874371154,4467,0
1005.75,2.0,10.5,-3.0,2120.9043,62.595284,-0.6603999999997541,-0.0004999999996471161,-0.00029999999969732016,0.013094000000002382,7.000000003642981e-06,-6.999999996537554e-06,6811,0,1,0,1,0,1,1.0,2561.8789295801525,76.952449871697,20941.82395963296,4468,0
1006.25,2.0,10.5,-3.0,2120.2434,62.608387,-0.6609000000003107,-0.0005000000005566108,-9.094947017729282e-13,0.013103000000000975,8.999999998593466e-06,1.9999999949504854e-06,6812,0,1,0,1,0,1,1.0,2561.814107104066,76.9503444757082,20944.36825181473,4469,0
1006.75,2.0,10.5,-3.0,2119.582,62.621502,-0.6613999999999578,-0.0004999999996471161,9.094947017729282e-13,0.0131149999999991,1.1999999998124622e-05,2.9999999995311555e-06,6813,0,1,0,1,0,1,1.0,2561.749206589375,76.94824162239507,20946.91175031647,4470,0
1006.25,2.0,10.5,-3.0,2118.9202,62.63462,-0.6617999999998574,-0.0003999999998995918,9.999999974752427e-05,0.01311799999999863,2.9999999995311555e-06,-8.999999998593466e-06,6814,0,1,0,1,0,1,1.0,2561.684228011739,76.9461413110785,20949.45445465818,4471,0
1005.25,2.0,10.5,-3.0,2118.2578,62.64775,-0.6624000000001615,-0.000600000000304135,-0.00020000000040454324,0.01313000000000386,1.200000000523005e-05,9.000000005698894e-06,6815,0,1,0,1,0,1,1.0,2561.619171317488,76.94404354240024,20951.996364119856,4472,0
1004.75,2.0,10.5,-3.0,2117.5952,62.66089,-0.6625999999996566,-0.00019999999949504854,0.0004000000008090865,0.01313999999999993,9.999999996068709e-06,-2.00000000916134e-06,6816,0,1,0,1,0,1,1.0,2561.554036511662,76.94194831670822,20954.537478461498,4473,0
1004.75,2.0,10.5,-3.0,2116.9321,62.674034,-0.6631000000002132,-0.0005000000005566108,-0.0003000000010615622,0.013143999999996936,3.999999997006398e-06,-5.999999999062311e-06,6817,0,1,0,1,0,1,1.0,2561.4888235552944,76.93985563347022,20957.07779708311,4474,0
1005.0,2.0,10.5,-3.0,2116.2688,62.687187,-0.663300000000163,-0.0001999999999497959,0.00030000000060681487,0.013153000000002635,9.000000005698894e-06,5.000000008692496e-06,6818,0,1,0,1,0,1,1.0,2561.423532453439,76.93776549288752,20959.61731974469,4475,0
1005.25,2.0,10.5,-3.0,2115.605,62.700348,-0.6637999999998101,-0.0004999999996471161,-0.00029999999969732016,0.013160999999996648,7.999999994012796e-06,-1.0000000116860974e-06,6819,0,1,0,1,0,1,1.0,2561.3581631671555,76.93567789501466,20962.15604584624,4476,0
1006.25,2.0,10.5,-3.0,2114.9407,62.713516,-0.664299999999912,-0.0005000000001018634,-4.547473508864641e-13,0.01316800000000029,7.000000003642981e-06,-9.999999903698154e-07,6820,0,1,0,1,0,1,1.0,2561.292715657528,76.93359283975957,20964.69397478776,4477,0
1005.75,2.0,10.5,-3.0,2114.2761,62.726692,-0.664600000000064,-0.0003000000001520675,0.0001999999999497959,0.013176000000001409,8.000000001118224e-06,9.999999974752427e-07,6821,0,1,0,1,0,1,1.0,2561.227189914981,76.93151032717678,20967.231106209245,4478,0
1005.25,2.0,10.5,-3.0,2113.6113,62.739876,-0.6648000000000138,-0.0001999999999497959,0.00010000000020227162,0.013184000000002527,8.000000001118224e-06,0.0,6822,0,1,0,1,0,1,1.0,2561.161585944599,76.92943035732083,20969.7674398707,4479,0
1005.25,2.0,10.5,-3.0,2112.946,62.753067,-0.6653000000001157,-0.0005000000001018634,-0.0003000000001520675,0.013190999999999065,6.999999996537554e-06,-1.00000000458067e-06,6823,0,1,0,1,0,1,1.0,2561.0959037075027,76.92735293009966,20972.30297517212,4480,0
1005.25,2.0,10.5,-3.0,2112.2805,62.766262,-0.6655000000000655,-0.0001999999999497959,0.0003000000001520675,0.013194999999996071,3.999999997006398e-06,-2.9999999995311555e-06,6824,0,1,0,1,0,1,1.0,2561.0301432087913,76.92527804498168,20974.837711873508,4481,0
1006.75,2.0,10.5,-3.0,2111.6145,62.779465,-0.6659999999997126,-0.0004999999996471161,-0.00029999999969732016,0.013203000000004295,8.000000008223651e-06,4.000000011217253e-06,6825,0,1,0,1,0,1,1.0,2560.96430440961,76.92320570202169,20977.371649374865,4482,0
1006.75,2.0,10.5,-3.0,2110.9485,62.792675,-0.6660000000001673,-4.547473508864641e-13,0.0004999999991923687,0.013210000000000832,6.999999996537554e-06,-1.0000000116860974e-06,6826,0,1,0,1,0,1,1.0,2560.8983873443676,76.92113590112788,20979.90478767619,4483,0
1008.25,2.0,10.5,-3.0,2110.282,62.80589,-0.6664999999998145,-0.0004999999996471161,-0.0004999999991923687,0.013214999999995314,4.999999994481641e-06,-2.0000000020559128e-06,6827,0,1,0,1,0,1,1.0,2560.832391974224,76.91906864191564,20982.437126177483,4484,0
1006.75,2.0,10.5,-3.0,2109.615,62.81911,-0.6670000000003711,-0.0005000000005566108,-9.094947017729282e-13,0.013220000000004006,5.000000008692496e-06,1.4210854715202004e-14,6828,0,1,0,1,0,1,1.0,2560.76631826036,76.9170039240006,20984.968664278746,4485,0
1007.75,2.0,10.5,-3.0,2108.948,62.832336,-0.6669999999999163,4.547473508864641e-13,0.0005000000010113581,0.013225999999995963,5.999999991956884e-06,9.99999983264388e-07,6829,0,1,0,1,0,1,1.0,2560.700166237189,76.91494174714495,20987.499401979974,4486,0
1007.75,2.0,10.5,-3.0,2108.2808,62.845566,-0.6671999999998661,-0.0001999999999497959,-0.00020000000040454324,0.013230000000000075,4.0000000041118255e-06,-1.999999987845058e-06,6830,0,1,0,1,0,1,1.0,2560.633935909823,76.91288211081832,20990.02933904117,4487,0
1007.75,2.0,10.5,-3.0,2107.613,62.858803,-0.6678000000001703,-0.000600000000304135,-0.00040000000035433914,0.013237000000003718,7.000000003642981e-06,2.9999999995311555e-06,6831,0,1,0,1,0,1,1.0,2560.5676272248243,76.91082501492974,20992.558474742338,4488,0
1008.25,2.0,10.5,-3.0,2106.9453,62.872044,-0.667699999999968,0.00010000000020227162,0.0007000000005064066,0.013241000000000724,3.999999997006398e-06,-3.000000006636583e-06,6832,0,1,0,1,0,1,1.0,2560.501240231231,76.90877045894922,20995.086809203473,4489,0
1008.25,2.0,10.5,-3.0,2106.2773,62.885292,-0.6679999999996653,-0.00029999999969732016,-0.0003999999998995918,0.013247999999997262,6.999999996537554e-06,2.9999999995311555e-06,6833,0,1,0,1,0,1,1.0,2560.4347749195204,76.90671844278607,20997.614342064575,4490,0
1007.75,2.0,10.5,-2.8,2105.609,62.898544,-0.6683000000002721,-0.00030000000060681487,-9.094947017729282e-13,0.013252000000001374,4.0000000041118255e-06,-2.999999992425728e-06,6834,0,1,0,1,0,1,0.7999999999999998,2560.3682312801757,76.90466896591076,21000.14107296564,4491,0
1008.25,2.0,10.5,-2.8,2104.9404,62.911797,-0.6685999999999694,-0.00029999999969732016,9.094947017729282e-13,0.013252999999998849,9.999999974752427e-07,-3.000000006636583e-06,6835,0,1,0,1,0,1,0.7999999999999998,2560.3016093036863,76.90262202735518,21002.66700154668,4492,0
1007.25,2.0,10.5,-2.8,2104.2717,62.925056,-0.6687000000001717,-0.00010000000020227162,0.00019999999949504854,0.013258999999997911,5.999999999062311e-06,5.000000001587068e-06,6836,0,1,0,1,0,1,0.7999999999999998,2560.2349090097996,76.90057762688313,21005.192127687686,4493,0
1007.5,2.0,10.5,-2.8,2103.6028,62.93832,-0.6688999999996668,-0.00019999999949504854,-9.999999929277692e-05,0.013263999999999498,5.000000001587068e-06,-9.999999974752427e-07,6837,0,1,0,1,0,1,0.7999999999999998,2560.168130403627,76.89853576411231,21007.71645114866,4494,0
1006.25,2.0,10.5,-2.8,2102.9338,62.951588,-0.6690000000003238,-0.00010000000065701897,9.999999883802957e-05,0.01326800000000361,4.0000000041118255e-06,-9.999999974752427e-07,6838,0,1,0,1,0,1,0.7999999999999998,2560.101273504898,76.8964964385144,21010.2399718096,4495,0
1005.25,2.0,10.5,-2.8,2102.2646,62.96486,-0.6691999999998188,-0.00019999999949504854,-9.999999883802957e-05,0.013272000000000617,3.999999997006398e-06,-7.105427357601002e-15,6839,0,1,0,1,0,1,0.7999999999999998,2560.0343383187133,76.8944596495614,21012.762689430507,4496,0
1005.75,2.0,10.5,-2.8,2101.5952,62.97813,-0.6693999999997686,-0.0001999999999497959,-4.547473508864641e-13,0.01326999999999856,-2.0000000020559128e-06,-5.999999999062311e-06,6840,0,1,0,1,0,1,0.7999999999999998,2559.9673248501686,76.89242539584856,21015.284603771383,4497,0
1005.75,2.0,10.5,-2.8,2100.9258,62.99141,-0.6694000000002234,-4.547473508864641e-13,0.00019999999949504854,0.013280000000001735,1.0000000003174137e-05,1.200000000523005e-05,6841,0,1,0,1,0,1,0.7999999999999998,2559.900233133587,76.89039367772581,21017.80571483223,4498,0
1005.5,2.0,10.5,-2.8,2100.256,63.00469,-0.669800000000123,-0.0003999999998995918,-0.00039999999944484443,0.01327999999999463,-7.105427357601002e-15,-1.0000000010279564e-05,6842,0,1,0,1,0,1,0.7999999999999998,2559.8330631448193,76.88836449408154,21020.326022133042,4499,0
1005.75,2.0,10.5,-2.8,2099.5862,63.01797,-0.6697999999996682,4.547473508864641e-13,0.00040000000035433914,0.013280000000001735,7.105427357601002e-15,1.4210854715202004e-14,6843,0,1,0,1,0,1,0.7999999999999998,2559.7658149181766,76.8863378438048,21022.84552567382,4500,0
1005.75,2.0,10.5,-2.8,2098.9165,63.031254,-0.6697000000003754,9.999999929277692e-05,9.999999883802957e-05,0.013283999999998741,3.999999997006398e-06,3.999999989900971e-06,6844,0,1,0,1,0,1,0.7999999999999998,2559.6984885025568,76.88431372636961,21025.36422557457,4501,0
1006.25,2.0,10.5,-2.8,2098.2463,63.04454,-0.6702000000000226,-0.0004999999996471161,-0.000599999998939893,0.013286000000000797,2.0000000020559128e-06,-1.9999999949504854e-06,6845,0,1,0,1,0,1,0.7999999999999998,2559.631083859188,76.88229214095823,21027.882121235285,4502,0
1005.25,2.0,10.5,-2.8,2097.5764,63.05783,-0.6698999999998705,0.0003000000001520675,0.0007999999997991836,0.013290000000004909,4.0000000041118255e-06,2.0000000020559128e-06,6846,0,1,0,1,0,1,0.7999999999999998,2559.5636010661606,76.88027308704541,21030.399213015968,4503,0
1005.25,2.0,10.5,-2.8,2096.9062,63.07112,-0.6702000000000226,-0.0003000000001520675,-0.000600000000304135,0.013289999999997804,-7.105427357601002e-15,-4.000000011217253e-06,6847,0,1,0,1,0,1,0.7999999999999998,2559.496040113902,76.8782565635222,21032.91550055662,4504,0
1005.75,2.0,10.5,-2.8,2096.2358,63.084415,-0.6703999999999724,-0.0001999999999497959,0.00010000000020227162,0.01329499999999939,5.000000001587068e-06,5.000000008692496e-06,6848,0,1,0,1,0,1,0.7999999999999998,2559.4284010074466,76.87624257001022,21035.43098361724,4505,0
1004.75,2.0,10.5,-2.8,2095.5657,63.097706,-0.6700999999998203,0.0003000000001520675,0.0005000000001018634,0.013291000000002384,-3.999999997006398e-06,-8.999999998593466e-06,6849,0,1,0,1,0,1,0.7999999999999998,2559.3606838248174,76.87423110481751,21037.945662557828,4506,0
1003.75,2.0,10.5,-2.8,2094.8953,63.111004,-0.6703999999999724,-0.0003000000001520675,-0.000600000000304135,0.013297999999998922,6.999999996537554e-06,1.0999999993543952e-05,6850,0,1,0,1,0,1,0.7999999999999998,2559.292888556415,76.87222216785871,21040.45953701838,4507,0
1004.25,2.0,10.5,-2.8,2094.2249,63.1243,-0.6703999999999724,0.0,0.0003000000001520675,0.013295999999996866,-2.0000000020559128e-06,-8.999999998593466e-06,6851,0,1,0,1,0,1,0.7999999999999998,2559.225015236427,76.87021575773497,21042.972606998905,4508,0
1004.75,2.0,10.5,-2.8,2093.5544,63.137596,-0.6705000000001746,-0.00010000000020227162,-0.00010000000020227162,0.013296000000003971,7.105427357601002e-15,2.00000000916134e-06,6852,0,1,0,1,0,1,0.7999999999999998,2559.1570638844305,76.86821187334014,21045.484872379395,4509,0
1004.75,2.0,10.5,-2.8,2092.884,63.150894,-0.6703999999999724,0.00010000000020227162,0.00020000000040454324,0.013297999999998922,1.9999999949504854e-06,1.999999987845058e-06,6853,0,1,0,1,0,1,0.7999999999999998,2559.0890345491684,76.86621051386052,21047.996333279854,4510,0
1004.5,2.0,10.5,-2.8,2092.2136,63.164192,-0.6703999999999724,0.0,-0.00010000000020227162,0.013297999999998922,0.0,-1.9999999949504854e-06,6854,0,1,0,1,0,1,0.7999999999999998,2559.0209272647703,76.86421167819111,21050.50698970028,4511,0
1004.75,2.0,10.5,-2.8,2091.5432,63.17749,-0.6703999999999724,0.0,0.0,0.013297999999998922,0.0,0.0,6855,0,1,0,1,0,1,0.7999999999999998,2558.9527420653444,76.86221536522753,21053.016841640674,4512,0
1001.75,2.0,10.5,-2.8,2090.8728,63.19079,-0.6703999999999724,0.0,0.0,0.013300000000000978,2.0000000020559128e-06,2.0000000020559128e-06,6856,0,1,0,1,0,1,0.7999999999999998,2558.884478984979,76.86022157415779,21055.525889101034,4513,0
1001.75,2.0,10.5,-2.8,2090.2024,63.204086,-0.6703999999999724,0.0,0.0,0.013295999999996866,-4.0000000041118255e-06,-6.000000006167738e-06,6857,0,1,0,1,0,1,0.7999999999999998,2558.8161380577426,76.85823030329541,21058.034132081364,4514,0
1002.0,2.0,10.5,-2.8,2089.532,63.21738,-0.6703999999999724,0.0,0.0,0.013294000000001915,-1.9999999949504854e-06,2.00000000916134e-06,6858,0,1,0,1,0,1,0.7999999999999998,2558.747719317685,76.85624155124654,21060.541570581663,4515,0
1000.75,2.0,10.5,-2.8,2088.8618,63.23068,-0.6702000000000226,0.0001999999999497959,0.0001999999999497959,0.013300000000000978,5.999999999062311e-06,7.999999994012796e-06,6859,0,1,0,1,0,1,0.7999999999999998,2558.6792228279887,76.85425531778426,21063.04820484193,4516,0
998.75,2.0,10.5,-2.8,2088.1917,63.243973,-0.670100000000275,9.999999974752427e-05,-0.00010000000020227162,0.013292999999997335,-7.000000003642981e-06,-1.3000000002705292e-05,6860,0,1,0,1,0,1,0.7999999999999998,2558.610648637225,76.85227160078706,21065.55403498216,4517,0
999.75,2.0,10.5,-2.8,2087.5215,63.257267,-0.6702000000000226,-9.999999974752427e-05,-0.00019999999949504854,0.013294000000001915,1.00000000458067e-06,8.000000008223651e-06,6861,0,1,0,1,0,1,0.7999999999999998,2558.5419967647917,76.8502903993005,21068.059060882362,4518,0
998.25,2.0,10.5,-2.8,2086.8513,63.27056,-0.6702000000000226,0.0,9.999999974752427e-05,0.01329300000000444,-9.999999974752427e-07,-2.0000000020559128e-06,6862,0,1,0,1,0,1,0.7999999999999998,2558.4732672446453,76.84831171207927,21070.56328254253,4519,0
998.25,2.0,10.5,-2.8,2086.1814,63.283855,-0.6698999999998705,0.0003000000001520675,0.0003000000001520675,0.01329499999999939,1.9999999949504854e-06,2.999999992425728e-06,6863,0,1,0,1,0,1,0.7999999999999998,2558.4044601544288,76.84633553831584,21073.066700322666,4520,0
998.25,2.0,10.5,-2.8,2085.5115,63.297146,-0.6698999999998705,0.0,-0.0003000000001520675,0.013290999999995279,-4.0000000041118255e-06,-5.999999999062311e-06,6864,0,1,0,1,0,1,0.7999999999999998,2558.335575528041,76.84436187632922,21075.569314222772,4521,0
1000.25,2.0,10.5,-2.8,2084.8418,63.310432,-0.6696999999999207,0.0001999999999497959,0.0001999999999497959,0.013286000000000797,-4.999999994481641e-06,-9.999999903698154e-07,6865,0,1,0,1,0,1,0.7999999999999998,2558.266613428488,76.84239072429362,21078.071124482845,4522,0
1000.5,2.0,10.5,-2.8,2084.172,63.32372,-0.669800000000123,-0.00010000000020227162,-0.0003000000001520675,0.013288000000002853,2.0000000020559128e-06,6.999999996537554e-06,6866,0,1,0,1,0,1,0.7999999999999998,2558.1975738750543,76.84042208140382,21080.572130982884,4523,0
1000.75,2.0,10.5,-2.8,2083.5024,63.337,-0.6696000000001732,0.0001999999999497959,0.0003000000001520675,0.013280000000001735,-8.000000001118224e-06,-1.0000000003174137e-05,6867,0,1,0,1,0,1,0.7999999999999998,2558.1284569306927,76.83845594539896,21083.072333962893,4524,0
997.75,2.0,10.5,-2.8,2082.8333,63.350285,-0.6691000000000713,0.0005000000001018634,0.0003000000001520675,0.013284999999996217,4.999999994481641e-06,1.2999999995599865e-05,6868,0,1,0,1,0,1,0.7999999999999998,2558.0592627019946,76.83649231591207,21085.57173402287,4525,0
996.75,2.0,10.5,-2.8,2082.164,63.363564,-0.6692999999995664,-0.00019999999949504854,-0.000699999999596912,0.013278999999997154,-5.999999999062311e-06,-1.0999999993543952e-05,6869,0,1,0,1,0,1,0.7999999999999998,2557.9899911935954,76.83453119097526,21088.070330922812,4526,0
997.0,2.0,10.5,-2.8,2081.4949,63.37684,-0.6691000000000713,0.00019999999949504854,0.0003999999989900971,0.013276000000004728,-2.999999992425728e-06,3.000000006636583e-06,6870,0,1,0,1,0,1,0.7999999999999998,2557.9206424683452,76.83257256905837,21090.568124902726,4527,0
997.0,2.0,10.5,-2.8,2080.8262,63.39011,-0.6687000000001717,0.0003999999998995918,0.00020000000040454324,0.01326999999999856,-6.000000006167738e-06,-3.00000001374201e-06,6871,0,1,0,1,0,1,0.7999999999999998,2557.851216618161,76.83061644819557,21093.065116442605,4528,0
995.75,2.0,10.5,-2.8,2080.1575,63.40338,-0.6687000000001717,0.0,-0.0003999999998995918,0.01326999999999856,0.0,6.000000006167738e-06,6872,0,1,0,1,0,1,0.7999999999999998,2557.7817136767057,76.8286628272952,21095.56130554245,4529,0
995.25,2.0,10.5,-2.8,2079.489,63.416645,-0.6684999999997672,0.00020000000040454324,0.00020000000040454324,0.013265000000004079,-4.999999994481641e-06,-4.999999994481641e-06,6873,0,1,0,1,0,1,0.7999999999999998,2557.712133706721,76.82671170453884,21098.056692442267,4530,0
994.75,2.0,10.5,-2.8,2078.8206,63.42991,-0.6684000000000196,9.999999974752427e-05,-0.00010000000065701897,0.013264999999996974,-7.105427357601002e-15,4.9999999873762135e-06,6874,0,1,0,1,0,1,0.7999999999999998,2557.6424767563635,76.82476307883637,21100.55127726205,4531,0
996.75,2.0,10.5,-2.8,2078.1526,63.443165,-0.66800000000012,0.0003999999998995918,0.0003000000001520675,0.013255000000000905,-9.999999996068709e-06,-9.999999988963282e-06,6875,0,1,0,1,0,1,0.7999999999999998,2557.572742917394,76.82281694764397,21103.045060481803,4532,0
997.75,1.9,10.5,-2.8,2077.4849,63.45642,-0.667699999999968,0.0003000000001520675,-9.999999974752427e-05,0.013255000000000905,0.0,9.999999996068709e-06,6876,0,1,0,1,0,1,0.8999999999999999,2557.5029322669766,76.82087330987349,21105.53804246152,4533,0
995.75,1.9,10.5,-2.8,2076.8174,63.46967,-0.6675000000000182,0.0001999999999497959,-0.00010000000020227162,0.013249999999999318,-5.000000001587068e-06,-5.000000001587068e-06,6877,0,1,0,1,0,1,0.8999999999999999,2557.433044867694,76.81893216371037,21108.03022344121,4534,0
996.25,1.9,10.5,-2.8,2076.15,63.482914,-0.6673999999998159,0.00010000000020227162,-9.999999974752427e-05,0.013244000000000256,-5.999999999062311e-06,-9.999999974752427e-07,6878,0,1,0,1,0,1,0.8999999999999999,2557.363080767553,76.81699350719582,21110.521603540863,4535,0
996.25,1.9,10.5,-2.8,2075.483,63.496155,-0.6669999999999163,0.0003999999998995918,0.00029999999969732016,0.013241000000000724,-2.9999999995311555e-06,2.9999999995311555e-06,6879,0,1,0,1,0,1,0.8999999999999999,2557.2930400581395,76.81505733880815,21113.012183240488,4536,0
994.25,1.9,10.5,-2.8,2074.8162,63.509388,-0.6667999999999665,0.0001999999999497959,-0.0001999999999497959,0.013232999999999606,-8.000000001118224e-06,-5.000000001587068e-06,6880,0,1,0,1,0,1,0.8999999999999999,2557.2229228019182,76.81312365629995,21115.50196278008,4537,0
995.75,1.9,10.5,-2.8,2074.1497,63.522617,-0.6665000000002692,0.00029999999969732016,9.999999974752427e-05,0.013228999999995494,-4.0000000041118255e-06,3.999999997006398e-06,6881,0,1,0,1,0,1,0.8999999999999999,2557.1527290758504,76.81119245800639,21117.99094251964,4538,0
995.25,1.9,10.5,-2.8,2073.4834,63.535843,-0.6662999999998647,0.00020000000040454324,-9.999999929277692e-05,0.013226000000003069,-2.999999992425728e-06,1.0000000116860974e-06,6882,0,1,0,1,0,1,0.8999999999999999,2557.0824589423214,76.80926374240883,21120.479122699166,4539,0
995.75,1.9,10.5,-2.8,2072.8176,63.54906,-0.6658000000002176,0.0004999999996471161,0.0002999999992425728,0.01321699999999737,-9.000000005698894e-06,-6.000000013273166e-06,6883,0,1,0,1,0,1,0.8999999999999999,2557.0121125072633,76.80733750711796,21122.96650391866,4540,0
993.25,1.9,10.5,-2.8,2072.152,63.562275,-0.665599999999813,0.00020000000040454324,-0.0002999999992425728,0.01321500000000242,-1.9999999949504854e-06,7.000000010748408e-06,6884,0,1,0,1,0,1,0.8999999999999999,2556.94168983297,76.80541375076254,21125.45308641812,4541,0
992.25,1.9,10.5,-2.8,2071.4868,63.57548,-0.6651999999999134,0.0003999999998995918,0.00019999999949504854,0.013204999999999245,-1.0000000003174137e-05,-8.000000008223651e-06,6885,0,1,0,1,0,1,0.8999999999999999,2556.8711910107463,76.80349247081035,21127.938870677553,4542,0
992.25,1.9,10.5,-2.8,2070.822,63.58868,-0.6648000000000138,0.0003999999998995918,0.0,0.013199999999997658,-5.000000001587068e-06,5.000000001587068e-06,6886,0,1,0,1,0,1,0.8999999999999999,2556.8006161318426,76.80157366545666,21130.423857176953,4543,0
993.25,1.9,10.5,-2.8,2070.1575,63.601875,-0.6645000000003165,0.00029999999969732016,-0.00010000000020227162,0.013195000000003176,-4.999999994481641e-06,7.105427357601002e-15,6887,0,1,0,1,0,1,0.8999999999999999,2556.7299652729384,76.7996573328978,21132.908046276323,4544,0
994.25,1.9,10.5,-2.8,2069.4934,63.615063,-0.6640999999999622,0.00040000000035433914,0.00010000000065701897,0.013187999999999533,-7.000000003642981e-06,-2.00000000916134e-06,6888,0,1,0,1,0,1,0.8999999999999999,2556.6592385251847,76.79774347104079,21135.391438455656,4545,0
994.0,1.9,10.5,-2.8,2068.8296,63.628242,-0.6637999999998101,0.0003000000001520675,-0.00010000000020227162,0.01317900000000094,-8.999999998593466e-06,-1.9999999949504854e-06,6889,0,1,0,1,0,1,0.8999999999999999,2556.5884359651673,76.79583207750363,21137.87403407496,4546,0
994.0,1.9,10.5,-2.8,2068.166,63.641415,-0.6635999999998603,0.0001999999999497959,-0.00010000000020227162,0.013173000000001878,-5.999999999062311e-06,2.9999999995311555e-06,6890,0,1,0,1,0,1,0.8999999999999999,2556.517557654912,76.79392315034103,21140.355833374233,4547,0
994.0,1.9,10.5,-2.8,2067.5032,63.654583,-0.6628000000000611,0.0007999999997991836,0.0005999999998493877,0.01316800000000029,-5.000000001587068e-06,9.999999974752427e-07,6891,0,1,0,1,0,1,0.8999999999999999,2556.446603743471,76.79201668775391,21142.836837313473,4548,0
994.0,1.9,10.5,-2.8,2066.8406,63.66774,-0.6626000000001113,0.0001999999999497959,-0.0005999999998493877,0.013156999999999641,-1.100000000064938e-05,-5.999999999062311e-06,6892,0,1,0,1,0,1,0.8999999999999999,2556.3755742927606,76.79011268707383,21145.31704613268,4549,0
994.0,1.9,10.5,-2.8,2066.1782,63.680893,-0.6624000000001615,0.0001999999999497959,0.0,0.01315299999999553,-4.0000000041118255e-06,6.999999996537554e-06,6893,0,1,0,1,0,1,0.8999999999999999,2556.304469364665,76.78821114664926,21147.79646007186,4550,0
994.75,1.9,10.5,-2.8,2065.5166,63.694035,-0.6615999999999076,0.0008000000002539309,0.000600000000304135,0.013142000000001985,-1.0999999993543952e-05,-6.999999989432126e-06,6894,0,1,0,1,0,1,0.8999999999999999,2556.233289108049,76.78631206381435,21150.275080091003,4551,0
993.25,1.9,10.5,-2.8,2064.8552,63.70717,-0.6613999999999578,0.0001999999999497959,-0.000600000000304135,0.013134999999998342,-7.000000003642981e-06,3.999999989900971e-06,6895,0,1,0,1,0,1,0.8999999999999999,2556.162033584687,76.78441543648492,21152.752906430116,4552,0
994.25,1.9,10.5,-2.8,2064.1943,63.720295,-0.6608999999998559,0.0005000000001018634,0.0003000000001520675,0.013125000000002274,-9.999999996068709e-06,-2.999999992425728e-06,6896,0,1,0,1,0,1,0.8999999999999999,2556.0907028998113,76.78252126214296,21155.229939689198,4553,0
995.25,1.9,10.5,-2.8,2063.534,63.733414,-0.6603000000000065,0.0005999999998493877,9.999999974752427e-05,0.013119000000003211,-5.999999999062311e-06,3.999999997006398e-06,6897,0,1,0,1,0,1,0.8999999999999999,2556.019297173094,76.78062953885184,21157.706180588248,4554,0
994.25,1.9,10.5,-2.8,2062.874,63.746525,-0.6600000000003092,0.00029999999969732016,-0.0003000000001520675,0.013110999999994988,-8.000000008223651e-06,-2.00000000916134e-06,6898,0,1,0,1,0,1,0.8999999999999999,2555.947816480649,76.77874026438614,21160.181629487266,4555,0
994.25,1.9,10.5,-2.8,2062.2146,63.759624,-0.6594000000000051,0.000600000000304135,0.00030000000060681487,0.013099000000003969,-1.1999999991019195e-05,-3.9999999827955435e-06,6899,0,1,0,1,0,1,0.8999999999999999,2555.876260942029,76.77685343594203,21162.656287106252,4556,0
994.75,1.9,10.5,-2.8,2061.5554,63.772713,-0.6591999999996005,0.00020000000040454324,-0.0003999999998995918,0.013089000000000794,-1.0000000003174137e-05,1.999999987845058e-06,6900,0,1,0,1,0,1,0.8999999999999999,2555.8046306187507,76.7749690510071,21165.130153685204,4557,0
993.25,1.9,10.5,-2.8,2060.897,63.785797,-0.6584000000002561,0.0007999999993444362,0.000599999998939893,0.013083999999999207,-5.000000001587068e-06,5.000000001587068e-06,6901,0,1,0,1,0,1,0.8999999999999999,2555.7329256592293,76.77308710779484,21167.60323018413,4558,0
994.25,1.9,10.5,-2.8,2060.239,63.79887,-0.6579999999999018,0.00040000000035433914,-0.0003999999989900971,0.013072999999998558,-1.100000000064938e-05,-5.999999999062311e-06,6902,0,1,0,1,0,1,0.8999999999999999,2555.661146153846,76.7712076036506,21170.07551708302,4559,0
995.25,1.9,10.5,-2.8,2059.5815,63.81193,-0.6575000000002547,0.0004999999996471161,9.999999929277692e-05,0.013059999999995853,-1.3000000002705292e-05,-2.0000000020559128e-06,6903,0,1,0,1,0,1,0.8999999999999999,2555.589292207416,76.76933053563152,21172.54701498188,4560,0
993.75,1.9,10.5,-2.8,2058.9248,63.82498,-0.6567000000000007,0.0008000000002539309,0.00030000000060681487,0.013049999999999784,-9.999999996068709e-06,3.000000006636583e-06,6904,0,1,0,1,0,1,0.8999999999999999,2555.5173639681393,76.767455901231,21175.01772484071,4561,0
991.75,1.9,10.5,-2.8,2058.2683,63.838024,-0.6564999999995962,0.00020000000040454324,-0.0005999999998493877,0.013044000000000722,-5.999999999062311e-06,3.999999997006398e-06,6905,0,1,0,1,0,1,0.8999999999999999,2555.4453614972485,76.76558369852302,21177.487646899506,4562,0
992.25,1.9,10.5,-2.8,2057.6125,63.85106,-0.6557999999999993,0.000699999999596912,0.0004999999991923687,0.013035999999999603,-8.000000001118224e-06,-2.0000000020559128e-06,6906,0,1,0,1,0,1,0.8999999999999999,2555.3732849283333,76.76371392529317,21179.95678199827,4563,0
992.25,1.9,10.5,-2.8,2056.9575,63.86408,-0.6550000000002001,0.0007999999997991836,0.00010000000020227162,0.013020000000004472,-1.599999999513102e-05,-7.999999994012796e-06,6907,0,1,0,1,0,1,0.8999999999999999,2555.30113440938,76.76184657817024,21182.425131097007,4564,0
991.25,1.9,10.5,-2.8,2056.3027,63.87709,-0.6547999999997955,0.00020000000040454324,-0.0005999999993946403,0.013010000000001298,-1.0000000003174137e-05,5.999999991956884e-06,6908,0,1,0,1,0,1,0.8999999999999999,2555.2289100014473,76.75998165465336,21184.892694435708,4565,0
991.5,1.9,10.5,-2.8,2055.6487,63.890087,-0.6539999999999964,0.0007999999997991836,0.0005999999993946403,0.012996999999998593,-1.3000000002705292e-05,-2.9999999995311555e-06,6909,0,1,0,1,0,1,0.8999999999999999,2555.156611852388,76.75811915180897,21187.359472974378,4566,0
991.5,1.9,10.5,-2.8,2054.9954,63.903076,-0.6533000000003995,0.000699999999596912,-0.00010000000020227162,0.012988999999997475,-8.000000001118224e-06,5.000000001587068e-06,6910,0,1,0,1,0,1,0.8999999999999999,2555.0842400955,76.75625906742873,21189.82546755302,4567,0
991.75,1.9,10.5,-2.8,2054.3423,63.916054,-0.6530999999999949,0.00020000000040454324,-0.0004999999991923687,0.01297800000000393,-1.0999999993543952e-05,-2.999999992425728e-06,6911,0,1,0,1,0,1,0.8999999999999999,2555.011794791667,76.75440139887152,21192.290678411628,4568,0
991.75,1.9,10.5,-2.8,2053.6902,63.92902,-0.6520999999997912,0.0010000000002037268,0.0007999999997991836,0.0129659999999987,-1.200000000523005e-05,-1.0000000116860974e-06,6912,0,1,0,1,0,1,0.8999999999999999,2554.9392761174595,76.7525461433531,21194.755106750203,4569,0
990.75,1.9,10.5,-2.8,2053.0386,63.94197,-0.6516000000001441,0.0004999999996471161,-0.0005000000005566108,0.012949999999996464,-1.6000000002236447e-05,-3.999999997006398e-06,6913,0,1,0,1,0,1,0.8999999999999999,2554.8666841770323,76.75069329751229,21197.21875316875,4570,0
992.25,1.9,10.5,-2.8,2052.3877,63.954914,-0.6508999999996377,0.0007000000005064066,0.0002000000008592906,0.012944000000004507,-5.999999991956884e-06,1.0000000010279564e-05,6914,0,1,0,1,0,1,0.8999999999999999,2554.794019103398,76.748842859436,21199.681618507264,4571,0
991.75,1.9,10.5,-2.8,2051.7373,63.967842,-0.6504000000004453,0.0004999999991923687,-0.00020000000131403795,0.012927999999995166,-1.6000000009341875e-05,-1.0000000017384991e-05,6915,0,1,0,1,0,1,0.8999999999999999,2554.7212810005785,76.74699482576634,21202.14370336575,4572,0
990.25,1.9,10.5,-2.8,2051.0876,63.98076,-0.6496999999999389,0.0007000000005064066,0.00020000000131403795,0.012917999999999097,-9.999999996068709e-06,6.000000013273166e-06,6916,0,1,0,1,0,1,0.8999999999999999,2554.6484700014457,76.74514919401474,21204.6050085842,4573,0
989.75,1.9,10.5,-2.8,2050.4387,63.993664,-0.648899999999685,0.0008000000002539309,9.999999974752427e-05,0.012904000000006022,-1.3999999993075107e-05,-3.999999997006398e-06,6917,0,1,0,1,0,1,0.8999999999999999,2554.575586253252,76.74330596111594,21207.06553512262,4574,0
989.75,1.9,10.5,-2.8,2049.7905,64.00655,-0.648200000000088,0.000699999999596912,-0.00010000000065701897,0.01288600000000173,-1.800000000429236e-05,-4.000000011217253e-06,6918,0,1,0,1,0,1,0.8999999999999999,2554.502629888712,76.74146512342824,21209.52528382101,4575,0
989.75,1.9,10.5,-2.8,2049.143,64.01943,-0.6475000000000364,0.0007000000000516593,4.547473508864641e-13,0.012879999999995562,-6.000000006167738e-06,1.1999999998124622e-05,6919,0,1,0,1,0,1,0.8999999999999999,2554.429601040463,76.73962667904624,21211.98425551937,4576,0
988.75,1.9,10.5,-2.8,2048.496,64.032295,-0.6469999999999345,0.0005000000001018634,-0.0001999999999497959,0.012865000000005011,-1.499999999055035e-05,-8.999999984382612e-06,6920,0,1,0,1,0,1,0.8999999999999999,2554.356499812166,76.73779062476521,21214.442450817696,4577,0
990.25,1.9,10.5,-2.8,2047.85,64.04514,-0.6460000000001855,0.0009999999997489795,0.0004999999996471161,0.012844999999998663,-2.0000000006348273e-05,-5.000000015797923e-06,6921,0,1,0,1,0,1,0.8999999999999999,2554.283326379659,76.73595695665993,21216.899870915993,4578,0
988.25,1.9,10.5,-2.8,2047.2046,64.05798,-0.6453999999998814,0.000600000000304135,-0.00039999999944484443,0.012839999999997076,-5.000000001587068e-06,1.5000000004761205e-05,6922,0,1,0,1,0,1,0.8999999999999999,2554.2100808608984,76.73412567297414,21219.35651653426,4579,0
987.75,1.9,10.5,-2.8,2046.5599,64.07081,-0.6447000000000571,0.0006999999998242856,9.99999995201506e-05,0.012829999999993902,-1.0000000003174137e-05,-5.000000001587068e-06,6923,0,1,0,1,0,1,0.8999999999999999,2554.136763388215,76.73229677123051,21221.812388512495,4580,0
987.75,1.9,10.5,-2.8,2045.916,64.08362,-0.6439000000000306,0.0008000000000265572,0.00010000000020227162,0.012810000000001764,-1.9999999992137418e-05,-9.999999988963282e-06,6924,0,1,0,1,0,1,0.8999999999999999,2554.063374108303,76.73047024750902,21224.2674878107,4581,0
986.75,1.9,10.5,-2.8,2045.2728,64.09641,-0.6431999999999789,0.0007000000000516593,-9.999999997489795e-05,0.012790000000009627,-1.9999999992137418e-05,0.0,6925,0,1,0,1,0,1,0.8999999999999999,2553.9899131533352,76.728646097892,21226.721815268873,4582,0
987.25,1.9,10.5,-2.8,2044.6305,64.10919,-0.6422999999999774,0.0009000000000014552,0.0001999999999497959,0.012779999999992242,-1.0000000017384991e-05,9.999999974752427e-06,6926,0,1,0,1,0,1,0.8999999999999999,2553.916380684279,76.7268243199076,21229.175371967016,4583,0
988.25,1.9,10.5,-2.8,2043.9889,64.121956,-0.6415999999999258,0.0007000000000516593,-0.0001999999999497959,0.012765999999999167,-1.3999999993075107e-05,-3.999999975690116e-06,6927,0,1,0,1,0,1,0.8999999999999999,2553.8427768331408,76.72500491050808,21231.628158745127,4584,0
990.75,1.9,10.5,-2.8,2043.348,64.134705,-0.6409000000001015,0.0006999999998242856,-2.2737367544323206e-13,0.012748999999999455,-1.699999999971169e-05,-3.000000006636583e-06,6928,0,1,0,1,0,1,0.8999999999999999,2553.7691017318516,76.72318786621447,21234.080176443207,4585,0
991.75,1.9,10.5,-2.8,2042.708,64.147446,-0.6399999999998727,0.0009000000002288289,0.00020000000040454324,0.012741000000005442,-7.999999994012796e-06,9.000000005698894e-06,6929,0,1,0,1,0,1,0.8999999999999999,2553.6953555411255,76.72137318484847,21236.531426141257,4586,0
991.5,1.9,10.5,-2.8,2042.0688,64.160164,-0.6392000000000735,0.0007999999997991836,-0.0001000000004296453,0.012717999999992458,-2.3000000012984856e-05,-1.500000001897206e-05,6930,0,1,0,1,0,1,0.8999999999999999,2553.621538407156,76.71956086206896,21238.981908799276,4587,0
993.75,1.9,10.5,-2.8,2041.4305,64.17287,-0.638300000000072,0.0009000000000014552,0.00010000000020227162,0.012706000000008544,-1.1999999983913767e-05,1.1000000029071089e-05,6931,0,1,0,1,0,1,0.8999999999999999,2553.547650490479,76.71775089512406,21241.431625497265,4588,0
994.25,1.9,10.5,-2.8,2040.793,64.185555,-0.6375000000000455,0.0008000000000265572,-9.999999997489795e-05,0.01268499999999051,-2.100000001803437e-05,-9.000000034120603e-06,6932,0,1,0,1,0,1,0.8999999999999999,2553.473691937112,76.71594327996539,21243.88057719522,4589,0
994.5,1.9,10.5,-2.8,2040.1564,64.19823,-0.6365999999998166,0.0009000000002288289,0.00010000000020227162,0.012675000000001546,-9.999999988963282e-06,1.1000000029071089e-05,6933,0,1,0,1,0,1,0.8999999999999999,2553.3996629074127,76.71413801413325,21246.32876497315,4590,0
993.75,1.9,10.5,-2.8,2039.5205,64.210884,-0.6358999999999924,0.0006999999998242856,-0.00020000000040454324,0.012653999999997723,-2.1000000003823516e-05,-1.1000000014860234e-05,6934,0,1,0,1,0,1,0.8999999999999999,2553.3255635328046,76.71233509358326,21248.776189671047,4591,0
993.75,1.9,10.5,-2.8,2038.8856,64.223526,-0.634900000000016,0.0009999999999763531,0.0003000000001520675,0.012642000000013809,-1.1999999983913767e-05,9.000000019909749e-06,6935,0,1,0,1,0,1,0.8999999999999999,2553.251393987889,76.71053451557094,21251.222852488914,4592,0
993.75,1.9,10.5,-2.8,2038.2516,64.23615,-0.6340000000000146,0.0009000000000014552,-9.999999997489795e-05,0.0126239999999882,-1.8000000025608642e-05,-6.000000041694875e-06,6936,0,1,0,1,0,1,0.8999999999999999,2553.1771544327516,76.7087362764884,21253.66875450675,4593,0
993.5,1.9,10.5,-2.8,2037.6184,64.24876,-0.633199999999988,0.0008000000000265572,-9.999999997489795e-05,0.012610000000009336,-1.3999999978864253e-05,4.00000004674439e-06,6937,0,1,0,1,0,1,0.8999999999999999,2553.102845012972,76.70694037330642,21256.113896684557,4594,0
993.25,1.9,10.5,-2.8,2036.9861,64.261345,-0.6322999999999865,0.0009000000000014552,9.999999997489795e-05,0.0125850000000014,-2.500000000793534e-05,-1.1000000029071089e-05,6938,0,1,0,1,0,1,0.8999999999999999,2553.0284658884566,76.70514680141231,21258.55828010233,4595,0
993.25,1.9,10.5,-2.8,2036.3547,64.27392,-0.6313999999999851,0.0009000000000014552,0.0,0.012574999999998226,-1.0000000003174137e-05,1.5000000004761205e-05,6939,0,1,0,1,0,1,0.8999999999999999,2552.9540172190204,76.70335555835734,21261.001905840076,4596,0
995.25,1.9,10.5,-2.8,2035.7244,64.286476,-0.6303000000000338,0.001099999999951251,0.0001999999999497959,0.012555999999989353,-1.900000000887303e-05,-9.000000005698894e-06,6940,0,1,0,1,0,1,0.8999999999999999,2552.8794991932,76.70156664039763,21263.44477521779,4597,0
994.25,1.9,10.5,-2.8,2035.0948,64.29901,-0.6295999999999822,0.0007000000000516593,-0.0003999999998995918,0.012534000000002266,-2.1999999987087904e-05,-2.9999999782148734e-06,6941,0,1,0,1,0,1,0.8999999999999999,2552.8049119418033,76.69978004335927,21265.886889075475,4598,0
993.75,1.9,10.5,-2.8,2034.4663,64.31153,-0.6285000000000309,0.001099999999951251,0.0003999999998995918,0.01252000000000919,-1.3999999993075107e-05,7.999999994012796e-06,6942,0,1,0,1,0,1,0.8999999999999999,2552.730255653176,76.69799576422295,21268.32824873313,4599,0
994.0,1.9,10.5,-2.8,2033.8387,64.32403,-0.6276000000000295,0.0009000000000014552,-0.0001999999999497959,0.012499999999988631,-2.0000000020559128e-05,-6.00000002748402e-06,6943,0,1,0,1,0,1,0.8999999999999999,2552.655530486751,76.69621379910714,21270.768855270755,4600,0
994.25,1.9,10.5,-2.8,2033.2122,64.33652,-0.6265000000000782,0.001099999999951251,0.0001999999999497959,0.012489999999999668,-9.999999988963282e-06,1.0000000031595846e-05,6944,0,1,0,1,0,1,0.8999999999999999,2552.5807366306694,76.69443414557236,21273.208710008348,4601,0
993.75,1.9,10.5,-2.8,2032.5865,64.348976,-0.6257000000000517,0.0008000000000265572,-0.00029999999992469384,0.012456000000000245,-3.399999999942338e-05,-2.40000000104601e-05,6945,0,1,0,1,0,1,0.8999999999999999,2552.5058742297724,76.6926567977253,21275.64781390591,4602,0
993.25,1.9,10.5,-2.8,2031.9619,64.36143,-0.624599999999873,0.0011000000001786248,0.0003000000001520675,0.012454000000005294,-1.9999999949504854e-06,3.2000000004472895e-05,6946,0,1,0,1,0,1,0.8999999999999999,2552.430943472002,76.69088175428243,21278.086168283447,4603,0
992.75,1.9,10.5,-2.8,2031.3383,64.37385,-0.623600000000124,0.0009999999997489795,-0.0001000000004296453,0.01242000000000587,-3.399999999942338e-05,-3.2000000004472895e-05,6947,0,1,0,1,0,1,0.8999999999999999,2552.3559445308006,76.6891090093552,21280.523774340953,4604,0
993.0,1.8,10.5,-2.8,2030.7156,64.38626,-0.6226999999998952,0.0009000000002288289,-9.99999995201506e-05,0.012409999999988486,-1.0000000017384991e-05,2.399999998203839e-05,6948,0,1,0,1,0,1,0.9999999999999998,2552.2808775651174,76.68733856051232,21282.960633158425,4605,0
992.25,1.8,10.5,-2.8,2030.094,64.39865,-0.621599999999944,0.001099999999951251,0.00019999999972242222,0.01239000000001056,-1.9999999977926564e-05,-9.999999960541572e-06,6949,0,1,0,1,0,1,0.9999999999999998,2552.20574276259,76.6855704038849,21285.39674605587,4606,0
992.75,1.8,10.5,-2.8,2029.4734,64.41102,-0.6205999999999676,0.0009999999999763531,-9.999999997489795e-05,0.01236999999999,-2.0000000020559128e-05,-4.263256414560601e-14,6950,0,1,0,1,0,1,0.9999999999999998,2552.1305402963603,76.6838045356064,21287.832114233286,4607,0
990.25,1.8,10.5,-2.8,2028.8539,64.42336,-0.6195000000000164,0.001099999999951251,9.999999997489795e-05,0.0123400000000089,-2.99999999811007e-05,-9.999999960541572e-06,6951,0,1,0,1,0,1,0.9999999999999998,2552.055270353855,76.68204095037399,21290.26673901067,4608,0
991.25,1.8,10.5,-2.8,2028.2354,64.4357,-0.61850000000004,0.0009999999999763531,-9.999999997489795e-05,0.012339999999994689,-1.4210854715202004e-14,2.9999999966889845e-05,6952,0,1,0,1,0,1,0.9999999999999998,2551.9799331080108,76.68027964720264,21292.700621588025,4609,0
991.25,1.8,10.5,-2.8,2027.6179,64.448006,-0.6175000000000637,0.0009999999999763531,0.0,0.012306000000009476,-3.3999999985212526e-05,-3.399999997100167e-05,6953,0,1,0,1,0,1,0.9999999999999998,2551.904528731665,76.67852062021858,21295.13376316535,4610,0
991.75,1.8,10.5,-2.8,2027.0016,64.4603,-0.6162999999999101,0.0012000000001535227,0.00020000000017716957,0.01229399999999714,-1.2000000012335477e-05,2.199999997287705e-05,6954,0,1,0,1,0,1,0.9999999999999998,2551.829057426312,76.6767638667146,21297.566165182645,4611,0
991.5,1.8,10.5,-2.8,2026.3864,64.472565,-0.6151999999999589,0.001099999999951251,-0.00010000000020227162,0.012264999999999304,-2.8999999997836312e-05,-1.6999999985500835e-05,6955,0,1,0,1,0,1,0.9999999999999998,2551.753519378953,76.67500938154112,21299.997828959913,4612,0
992.25,1.8,10.5,-2.8,2025.7722,64.48481,-0.6141999999999825,0.0009999999999763531,-9.999999997489795e-05,0.012244999999992956,-2.0000000006348273e-05,8.999999991488039e-06,6956,0,1,0,1,0,1,0.9999999999999998,2551.67791476211,76.6732571608452,21302.42875569715,4613,0
989.25,1.8,10.5,-2.8,2025.1592,64.49704,-0.6130000000000564,0.001199999999926149,0.0001999999999497959,0.012230000000002406,-1.499999999055035e-05,5.000000015797923e-06,6957,0,1,0,1,0,1,0.9999999999999998,2551.6022437769475,76.67150720149468,21304.858946834356,4614,0
990.25,1.8,10.5,-2.8,2024.5472,64.50924,-0.61200000000008,0.0009999999999763531,-0.0001999999999497959,0.012200000000007094,-2.9999999995311555e-05,-1.5000000004761205e-05,6958,0,1,0,1,0,1,0.9999999999999998,2551.526506595775,76.66975949820376,21307.288403571536,4615,0
989.75,1.8,10.5,-2.8,2023.9364,64.52142,-0.6107999999999265,0.0012000000001535227,0.00020000000017716957,0.012180000000000746,-2.0000000006348273e-05,9.999999988963282e-06,6959,0,1,0,1,0,1,0.9999999999999998,2551.45070341954,76.66801404712643,21309.717127348686,4616,0
990.75,1.8,10.5,-2.8,2023.3268,64.533585,-0.6096000000000004,0.001199999999926149,-2.2737367544323206e-13,0.012164999999995985,-1.5000000004761205e-05,5.000000001587068e-06,6960,0,1,0,1,0,1,0.9999999999999998,2551.3748344490737,76.66627084513719,21312.145119605804,4617,0
990.25,1.8,10.5,-2.8,2022.7183,64.54573,-0.6085000000000491,0.001099999999951251,-9.999999997489795e-05,0.012145000000003847,-1.9999999992137418e-05,-4.9999999873762135e-06,6961,0,1,0,1,0,1,0.9999999999999998,2551.298899870727,76.66452988839414,21314.572381662896,4618,0
989.25,1.8,10.5,-2.8,2022.111,64.557846,-0.6072999999998956,0.0012000000001535227,0.00010000000020227162,0.0121159999999918,-2.9000000012047167e-05,-9.000000019909749e-06,6962,0,1,0,1,0,1,0.9999999999999998,2551.222899885107,76.66279117176505,21316.998914959957,4619,0
989.25,1.8,10.5,-2.8,2021.5048,64.56995,-0.6062000000001717,0.0010999999997238774,-0.0001000000004296453,0.012104000000007886,-1.1999999983913767e-05,1.70000000281334e-05,6963,0,1,0,1,0,1,0.9999999999999998,2551.1468346783454,76.66105469256175,21319.424720816987,4620,0
990.25,1.8,10.5,-2.8,2020.8998,64.582016,-0.6050000000000182,0.0012000000001535227,0.0001000000004296453,0.01206599999999014,-3.800000001774606e-05,-2.6000000033832293e-05,6964,0,1,0,1,0,1,0.9999999999999998,2551.070704450826,76.65932044436468,21321.84980067399,4621,0
990.25,1.8,10.5,-2.8,2020.296,64.59407,-0.6037999999998647,0.0012000000001535227,0.0,0.012054000000006226,-1.1999999983913767e-05,2.6000000033832293e-05,6965,0,1,0,1,0,1,0.9999999999999998,2550.994509402814,76.65758842449038,21324.274155970965,4622,0
989.25,1.8,10.5,-2.8,2019.6934,64.606094,-0.6025999999999385,0.001199999999926149,-2.2737367544323206e-13,0.012023999999996704,-3.000000000952241e-05,-1.8000000025608642e-05,6966,0,1,0,1,0,1,0.9999999999999998,2550.9182497344627,76.65585862767331,21326.69778814791,4623,0
989.0,1.8,10.5,-2.8,2019.092,64.6181,-0.6014000000000124,0.001199999999926149,0.0,0.012005999999999517,-1.7999999997186933e-05,1.2000000012335477e-05,6967,0,1,0,1,0,1,0.9999999999999998,2550.8419256458096,76.65413105037314,21329.120698644827,4624,0
989.75,1.8,10.5,-2.8,2018.492,64.63009,-0.6000000000001364,0.001399999999875945,0.0001999999999497959,0.01198999999999728,-1.6000000002236447e-05,1.9999999949504854e-06,6968,0,1,0,1,0,1,0.9999999999999998,2550.7655373654757,76.65240568933851,21331.542889141714,4625,0
991.75,1.8,10.5,-2.8,2017.893,64.642044,-0.5989999999999327,0.0010000000002037268,-0.0003999999996722181,0.011954000000002907,-3.5999999994373866e-05,-1.9999999992137418e-05,6969,0,1,0,1,0,1,0.9999999999999998,2550.6890850645623,76.6506825384505,21333.964360838574,4626,0
989.75,1.8,10.5,-2.8,2017.2953,64.65398,-0.5977000000000317,0.001299999999901047,0.00029999999969732016,0.01193600000000572,-1.7999999997186933e-05,1.7999999997186933e-05,6970,0,1,0,1,0,1,0.9999999999999998,2550.6125689571077,76.64896159417586,21336.385115295405,4627,0
991.25,1.8,10.5,-2.8,2016.699,64.66589,-0.5962999999999283,0.0014000000001033186,0.00010000000020227162,0.01191000000000031,-2.6000000005410584e-05,-8.000000008223651e-06,6971,0,1,0,1,0,1,0.9999999999999998,2550.535989271371,76.64724285183591,21338.805154192207,4628,0
991.25,1.8,10.5,-2.8,2016.1039,64.67778,-0.5951000000000022,0.001199999999926149,-0.00020000000017716957,0.011889999999993961,-2.0000000006348273e-05,5.999999999062311e-06,6972,0,1,0,1,0,1,0.9999999999999998,2550.4593462067974,76.64552630761509,21341.22447896898,4629,0
990.25,1.8,10.5,-2.8,2015.51,64.689644,-0.593900000000076,0.001199999999926149,0.0,0.011864000000002761,-2.599999999119973e-05,-5.999999984851456e-06,6973,0,1,0,1,0,1,0.9999999999999998,2550.3826399627187,76.64381195683968,21343.643091065722,4630,0
990.25,1.8,10.5,-2.8,2014.9175,64.70148,-0.5924999999999727,0.0014000000001033186,0.00020000000017716957,0.0118360000000024,-2.800000000036107e-05,-2.00000000916134e-06,6974,0,1,0,1,0,1,0.9999999999999998,2550.305870767025,76.64209979455197,21346.06099216244,4631,0
989.75,1.8,10.5,-2.6,2014.3262,64.713295,-0.5913000000000466,0.001199999999926149,-0.00020000000017716957,0.011814999999998577,-2.1000000003823516e-05,6.999999996537554e-06,6975,0,1,0,1,0,1,0.8,2550.229038818807,76.64038981680046,21348.478183699128,4632,0
989.5,1.8,10.5,-2.6,2013.7362,64.72508,-0.5899999999999181,0.0013000000001284207,0.00010000000020227162,0.011785000000003265,-2.9999999995311555e-05,-8.999999991488039e-06,6976,0,1,0,1,0,1,0.8,2550.1521443313745,76.638682018346,21350.894667235785,4633,0
989.75,1.8,10.5,-2.6,2013.1476,64.73685,-0.5886000000000422,0.001399999999875945,9.999999974752427e-05,0.011769999999998504,-1.5000000004761205e-05,1.499999999055035e-05,6977,0,1,0,1,0,1,0.8,2550.075187532244,76.63697639610204,21353.310444452418,4634,0
988.25,1.8,10.5,-2.6,2012.5603,64.74858,-0.5872999999999138,0.0013000000001284207,-9.999999974752427e-05,0.011730000000000018,-3.999999999848569e-05,-2.4999999993724487e-05,6978,0,1,0,1,0,1,0.8,2549.9981686344745,76.63527294340163,21355.72551690902,4635,0
988.25,1.8,10.5,-2.6,2011.9744,64.7603,-0.5859000000000378,0.001399999999875945,9.999999974752427e-05,0.011719999999996844,-1.0000000003174137e-05,2.9999999995311555e-05,6979,0,1,0,1,0,1,0.8,2549.92108786533,76.63357165787966,21358.139886285597,4636,0
989.25,1.8,10.5,-2.6,2011.3899,64.77198,-0.5845000000001619,0.001399999999875945,0.0,0.011679999999998358,-3.999999999848569e-05,-2.9999999995311555e-05,6980,0,1,0,1,0,1,0.8,2549.843945451941,76.63187253287494,21360.553554262144,4637,0
988.25,1.8,10.5,-2.6,2010.8066,64.783646,-0.5833000000000084,0.0012000000001535227,-0.00019999999972242222,0.011666000000005283,-1.3999999993075107e-05,2.6000000005410584e-05,6981,0,1,0,1,0,1,0.8,2549.766741592667,76.63017556545402,21362.96652227866,4638,0
988.75,1.8,10.5,-2.6,2010.2249,64.79528,-0.5816999999999553,0.0016000000000531145,0.0003999999998995918,0.01163400000000081,-3.2000000004472895e-05,-1.8000000011397788e-05,6982,0,1,0,1,0,1,0.8,2549.6894765430334,76.6284807501074,21365.378792255153,4639,0
989.0,1.8,10.5,-2.6,2009.6444,64.806885,-0.5805000000000291,0.001199999999926149,-0.00040000000012696546,0.011604999999988763,-2.9000000012047167e-05,2.999999992425728e-06,6983,0,1,0,1,0,1,0.8,2549.6121505011456,76.6267880817583,21367.790365631616,4640,0
989.25,1.8,10.5,-2.6,2009.0653,64.818474,-0.5790999999999258,0.0014000000001033186,0.00020000000017716957,0.011589000000000738,-1.5999999988025593e-05,1.3000000024021574e-05,6984,0,1,0,1,0,1,0.8,2549.5347636936294,76.625097557194,21370.20124408805,4641,0
989.25,1.8,10.5,-2.6,2008.4877,64.830025,-0.5776000000000749,0.0014999999998508429,9.999999974752427e-05,0.011551000000011413,-3.799999998932435e-05,-2.200000000129876e-05,6985,0,1,0,1,0,1,0.8,2549.457316361294,76.62340917005439,21372.611429424458,4642,0
989.75,1.8,10.5,-2.6,2007.9115,64.84155,-0.5761999999999716,0.0014000000001033186,-9.999999974752427e-05,0.011524999999991792,-2.600000001962144e-05,1.1999999969702912e-05,6986,0,1,0,1,0,1,0.8,2549.3798087304995,76.62172291570059,21375.020923320837,4643,0
988.25,1.8,10.5,-2.6,2007.3368,64.85306,-0.5746999999998934,0.0015000000000782165,9.999999997489795e-05,0.011510000000001241,-1.499999999055035e-05,1.1000000029071089e-05,6987,0,1,0,1,0,1,0.8,2549.302241041786,76.6200387910704,21377.42972757719,4644,0
990.75,1.8,10.5,-2.6,2006.7634,64.864525,-0.5733999999999924,0.001299999999901047,-0.00020000000017716957,0.011465000000001169,-4.500000000007276e-05,-3.000000000952241e-05,6988,0,1,0,1,0,1,0.8,2549.2246135069395,76.61835678881098,21379.837843753514,4645,0
991.0,1.8,10.5,-2.6,2006.1915,64.87598,-0.5719000000001415,0.0014999999998508429,0.0001999999999497959,0.011454999999997995,-1.0000000003174137e-05,3.499999999689862e-05,6989,0,1,0,1,0,1,0.8,2549.146926366237,76.61667690658082,21382.24527364981,4646,0
991.0,1.8,10.5,-2.6,2005.6211,64.88739,-0.5703999999998359,0.0015000000003055902,4.547473508864641e-13,0.011409999999997922,-4.500000000007276e-05,-3.499999999689862e-05,6990,0,1,0,1,0,1,0.8,2549.0691798598195,76.61499913703334,21384.65201906608,4647,0
990.25,1.8,10.5,-2.6,2005.0522,64.89878,-0.5688999999999851,0.0014999999998508429,-4.547473508864641e-13,0.011390000000005784,-1.9999999992137418e-05,2.500000000793534e-05,6991,0,1,0,1,0,1,0.8,2548.991374227689,76.61332347640159,21387.058081802323,4648,0
990.25,1.8,10.5,-2.6,2004.4847,64.91015,-0.5675000000001091,0.001399999999875945,-9.999999997489795e-05,0.011369999999999436,-2.0000000006348273e-05,-1.4210854715202004e-14,6992,0,1,0,1,0,1,0.8,2548.91350969541,76.61164992092091,21389.463463538537,4649,0
990.0,1.8,10.5,-2.6,2003.9188,64.92148,-0.565900000000056,0.0016000000000531145,0.00020000000017716957,0.01133000000000095,-3.999999999848569e-05,-1.9999999992137418e-05,6993,0,1,0,1,0,1,0.8,2548.8355865170142,76.60997846396911,21391.868166194727,4650,0
990.75,1.8,10.5,-2.6,2003.3544,64.932785,-0.5643999999999778,0.0015000000000782165,-9.999999997489795e-05,0.011304999999993015,-2.500000000793534e-05,1.499999999055035e-05,6994,0,1,0,1,0,1,0.8,2548.757604932094,76.6083091010722,21394.272191570886,4651,0
992.75,1.8,10.5,-2.6,2002.7915,64.94406,-0.5628999999998996,0.0015000000000782165,0.0,0.011274999999997704,-2.9999999995311555e-05,-4.9999999873762135e-06,6995,0,1,0,1,0,1,0.8,2548.679565180103,76.60664182704403,21396.675541467022,4652,0
992.5,1.8,10.5,-2.6,2002.2301,64.95531,-0.5614000000000487,0.0014999999998508429,-2.2737367544323206e-13,0.011250000000003979,-2.4999999993724487e-05,5.000000001587068e-06,6996,0,1,0,1,0,1,0.8,2548.601467500357,76.60497663741604,21399.078217683127,4653,0
991.75,1.8,10.5,-2.6,2001.6702,64.96652,-0.5598999999999705,0.0015000000000782165,2.2737367544323206e-13,0.011210000000005493,-3.999999999848569e-05,-1.5000000004761205e-05,6997,0,1,0,1,0,1,0.8,2548.523312132038,76.60331352557873,21401.480222019207,4654,0
992.25,1.8,10.5,-2.6,2001.1119,64.977715,-0.5582999999999174,0.0016000000000531145,9.999999997489795e-05,0.011195000000000732,-1.5000000004761205e-05,2.4999999993724487e-05,6998,0,1,0,1,0,1,0.8,2548.4450993284754,76.60165248849836,21403.881556395263,4655,0
992.25,1.8,10.5,-2.6,2000.5552,64.98887,-0.5567000000000917,0.0015999999998257408,-2.2737367544323206e-13,0.011155000000002246,-3.999999999848569e-05,-2.4999999993724487e-05,6999,0,1,0,1,0,1,0.8,2548.366829342857,76.59999351957143,21406.28222273129,4656,0
992.25,1.8,10.5,-2.6,2000.0,65.0,-0.5552000000000135,0.0015000000000782165,-9.999999974752427e-05,0.011129999999994311,-2.500000000793534e-05,1.499999999055035e-05,7000,0,1,0,1,0,1,0.8,2548.288502413941,76.59833661434081,21408.68222282729,4657,0
993.75,1.8,10.5,-2.6,1999.4464,65.0111,-0.5535999999999603,0.0016000000000531145,9.999999997489795e-05,0.011099999999999,-2.9999999995311555e-05,-4.9999999873762135e-06,7001,0,1,0,1,0,1,0.8,2548.21011879463,76.59668176763782,21411.081558603262,4658,0
993.75,1.7,10.5,-2.6,1998.8944,65.02217,-0.5520000000001346,0.0015999999998257408,-2.2737367544323206e-13,0.011070000000003688,-2.9999999995311555e-05,0.0,7002,0,1,0,1,0,1,0.9000000000000001,2548.131678737684,76.59502897429672,21413.48023197921,4659,0
996.25,1.7,10.5,-2.6,1998.344,65.0332,-0.5503999999998541,0.0016000000002804882,4.547473508864641e-13,0.011029999999990991,-4.0000000012696546e-05,-1.0000000017384991e-05,7003,0,1,0,1,0,1,0.9000000000000001,2548.053182495717,76.593378227727,21415.87824487513,4660,0
996.75,1.7,10.5,-2.6,1997.7952,65.04421,-0.5488000000000284,0.0015999999998257408,-4.547473508864641e-13,0.011010000000013065,-1.9999999977926564e-05,2.0000000034769982e-05,7004,0,1,0,1,0,1,0.9000000000000001,2547.974630321199,76.591729524197,21418.275599211025,4661,0
996.75,1.7,10.5,-2.6,1997.2478,65.05519,-0.5473999999999251,0.0014000000001033186,-0.00019999999972242222,0.010979999999989332,-3.0000000023733264e-05,-1.00000000458067e-05,7005,0,1,0,1,0,1,0.9000000000000001,2547.8960224379102,76.59008285854982,21420.672296666893,4662,0
997.25,1.7,10.5,-2.6,1996.702,65.06614,-0.5458000000000993,0.0015999999998257408,0.00019999999972242222,0.010950000000008231,-2.99999999811007e-05,4.263256414560601e-14,7006,0,1,0,1,0,1,0.9000000000000001,2547.8173590980446,76.58843822563152,21423.06833916273,4663,0
996.25,1.7,10.5,-2.6,1996.1578,65.077065,-0.5442000000000462,0.0016000000000531145,2.2737367544323206e-13,0.010925000000000296,-2.500000000793534e-05,4.999999973165359e-06,7007,0,1,0,1,0,1,0.9000000000000001,2547.7386405536527,76.58679562100457,21425.46372861855,4664,0
995.25,1.7,10.5,-2.6,1995.6152,65.08795,-0.5425999999999931,0.0016000000000531145,0.0,0.01088500000000181,-3.999999999848569e-05,-1.499999999055035e-05,7008,0,1,0,1,0,1,0.9000000000000001,2547.659867056642,76.58515503809387,21427.858466954338,4665,0
995.25,1.7,10.5,-2.6,1995.0741,65.09881,-0.5410999999999149,0.0015000000000782165,-9.999999997489795e-05,0.010859999999993875,-2.500000000793534e-05,1.499999999055035e-05,7009,0,1,0,1,0,1,0.9000000000000001,2547.581038844508,76.5835164724679,21430.252555970103,4666,0
994.25,1.7,10.5,-2.6,1994.5345,65.10964,-0.539600000000064,0.0014999999998508429,-2.2737367544323206e-13,0.010829999999998563,-2.9999999995311555e-05,-4.9999999873762135e-06,7010,0,1,0,1,0,1,0.9000000000000001,2547.502156154614,76.58187991898446,21432.64599746584,4667,0
994.75,1.7,10.5,-2.6,1993.9965,65.120445,-0.5380000000000109,0.0016000000000531145,0.00010000000020227162,0.010805000000004839,-2.4999999993724487e-05,5.000000001587068e-06,7011,0,1,0,1,0,1,0.9000000000000001,2547.4232192384484,76.58024537321734,21435.038793361553,4668,0
995.25,1.7,10.5,-2.6,1993.4598,65.13122,-0.5366999999998825,0.0013000000001284207,-0.00029999999992469384,0.010774999999995316,-3.000000000952241e-05,-5.000000015797923e-06,7012,0,1,0,1,0,1,0.9000000000000001,2547.3442283045774,76.57861283002994,21437.43094521724,4669,0
994.75,1.7,10.5,-2.6,1992.9248,65.14196,-0.5350000000000819,0.0016999999998006388,0.0003999999996722181,0.010739999999998417,-3.499999999689862e-05,-4.9999999873762135e-06,7013,0,1,0,1,0,1,0.9000000000000001,2547.2651836184777,76.5769822835757,21439.8224550729,4670,0
994.5,1.7,10.5,-2.6,1992.3914,65.15267,-0.5334000000000287,0.0016000000000531145,-9.999999974752427e-05,0.010710000000003106,-2.9999999995311555e-05,5.000000001587068e-06,7014,0,1,0,1,0,1,0.9000000000000001,2547.186085431219,76.57535372872417,21442.213324848533,4671,0
995.25,1.7,10.5,-2.6,1991.8593,65.16335,-0.5320999999999003,0.0013000000001284207,-0.00029999999992469384,0.010679999999993584,-3.000000000952241e-05,-1.4210854715202004e-14,7015,0,1,0,1,0,1,0.9000000000000001,2547.106933950969,76.57372716034779,21444.603556104143,4672,0
995.75,1.7,10.5,-2.6,1991.3287,65.17401,-0.5306000000000495,0.0014999999998508429,0.00019999999972242222,0.010660000000001446,-1.9999999992137418e-05,1.0000000017384991e-05,7016,0,1,0,1,0,1,0.9000000000000001,2547.0277294142797,76.57210257474703,21446.993150639726,4673,0
995.75,1.7,10.5,-2.6,1990.7998,65.18463,-0.5289000000000215,0.0017000000000280124,0.00020000000017716957,0.01062000000000296,-3.999999999848569e-05,-2.0000000006348273e-05,7017,0,1,0,1,0,1,0.9000000000000001,2546.948472086064,76.57047996537476,21449.382110495284,4674,0
996.75,1.7,10.5,-2.6,1990.2722,65.19523,-0.527599999999893,0.0013000000001284207,-0.0003999999998995918,0.010599999999996612,-2.0000000006348273e-05,1.9999999992137418e-05,7018,0,1,0,1,0,1,0.9000000000000001,2546.869162174099,76.56885932853683,21451.770437230818,4675,0
997.75,1.7,10.5,-2.6,1989.7461,65.205795,-0.5261000000000422,0.0014999999998508429,0.00019999999972242222,0.010564999999999714,-3.499999999689862e-05,-1.499999999055035e-05,7019,0,1,0,1,0,1,0.9000000000000001,2546.78979991453,76.56724065840457,21454.158132646324,4676,0
997.75,1.7,10.5,-2.6,1989.2216,65.21633,-0.5244999999999891,0.0016000000000531145,0.00010000000020227162,0.010535000000004402,-2.9999999995311555e-05,5.000000001587068e-06,7020,0,1,0,1,0,1,0.9000000000000001,2546.710385557613,76.5656239498647,21456.545198661806,4677,0
997.5,1.7,10.5,-2.6,1988.6985,65.226845,-0.5231000000001131,0.001399999999875945,-0.00020000000017716957,0.010514999999998054,-2.0000000006348273e-05,9.999999988963282e-06,7021,0,1,0,1,0,1,0.9000000000000001,2546.6309193249785,76.56400919923098,21458.931636957266,4678,0
996.75,1.7,10.5,-2.6,1988.1768,65.23732,-0.5217000000000098,0.0014000000001033186,2.2737367544323206e-13,0.010474999999999568,-3.999999999848569e-05,-1.9999999992137418e-05,7022,0,1,0,1,0,1,0.9000000000000001,2546.551401438132,76.56239639997153,21461.317449212696,4679,0
997.0,1.7,10.5,-2.6,1987.6566,65.24777,-0.5201999999999316,0.0015000000000782165,9.999999997489795e-05,0.010450000000005844,-2.4999999993724487e-05,1.5000000004761205e-05,7023,0,1,0,1,0,1,0.9000000000000001,2546.4718321326877,76.56078554769363,21463.702637228107,4680,0
995.75,1.7,10.5,-2.6,1987.1378,65.258194,-0.5188000000000557,0.001399999999875945,-0.00010000000020227162,0.010424000000000433,-2.6000000005410584e-05,-1.0000000116860974e-06,7024,0,1,0,1,0,1,0.9000000000000001,2546.392211629893,76.55917663786478,21466.087202683488,4681,0
994.75,1.7,10.5,-2.6,1986.6205,65.26859,-0.5172999999999774,0.0015000000000782165,0.00010000000020227162,0.010396000000000072,-2.800000000036107e-05,-1.9999999949504854e-06,7025,0,1,0,1,0,1,0.9000000000000001,2546.3125401651014,76.55756966567037,21468.471147378845,4682,0
994.75,1.7,10.5,-2.6,1986.1046,65.27895,-0.5159000000001015,0.001399999999875945,-0.00010000000020227162,0.010359999999991487,-3.600000000858472e-05,-8.000000008223651e-06,7026,0,1,0,1,0,1,0.9000000000000001,2546.2328179592996,76.5559646251601,21470.85447299418,4683,0
992.25,1.7,10.5,-2.6,1985.5902,65.28929,-0.5143999999997959,0.0015000000003055902,0.0001000000004296453,0.01033999999999935,-1.9999999992137418e-05,1.6000000016447302e-05,7027,0,1,0,1,0,1,0.9000000000000001,2546.1530452475813,76.55436151266363,21473.23718132949,4684,0
993.75,1.7,10.5,-2.6,1985.0771,65.2996,-0.5131000000001222,0.0012999999996736733,-0.00020000000063191692,0.010310000000004038,-2.9999999995311555e-05,-1.0000000003174137e-05,7028,0,1,0,1,0,1,0.9000000000000001,2546.073222236449,76.55276032309006,21475.619273944772,4685,0
993.75,1.7,10.5,-2.6,1984.5656,65.30988,-0.5115000000000691,0.0016000000000531145,0.0003000000003794412,0.010280000000008727,-2.9999999995311555e-05,0.0,7029,0,1,0,1,0,1,0.9000000000000001,2545.9933491749644,76.55116105135134,21478.00075276003,4686,0
992.75,1.7,10.5,-2.6,1984.0554,65.32013,-0.5101999999999407,0.0013000000001284207,-0.00029999999992469384,0.010249999999999204,-3.000000000952241e-05,-1.4210854715202004e-14,7030,0,1,0,1,0,1,0.9000000000000001,2545.9134262693783,76.54956369236238,21480.381619335265,4687,0
991.75,1.7,10.5,-2.6,1983.5466,65.33035,-0.5088000000000648,0.001399999999875945,9.999999974752427e-05,0.010219999999989682,-3.000000000952241e-05,0.0,7031,0,1,0,1,0,1,0.9000000000000001,2545.8334537400456,76.54796824104096,21482.761875350476,4688,0
990.75,1.7,10.5,-2.6,1983.0393,65.340546,-0.5072999999999865,0.0015000000000782165,0.00010000000020227162,0.010196000000007643,-2.399999998203839e-05,6.00000002748402e-06,7032,0,1,0,1,0,1,0.9000000000000001,2545.7534318214134,76.5463746931608,21485.14152260566,4689,0
989.75,1.7,10.5,-2.6,1982.5333,65.350716,-0.5059999999998581,0.0013000000001284207,-0.0001999999999497959,0.010170000000002233,-2.6000000005410584e-05,-2.000000023372195e-06,7033,0,1,0,1,0,1,0.9000000000000001,2545.6733607193632,76.54478304421383,21487.520562660822,4690,0
990.25,1.7,10.5,-2.6,1982.0288,65.360855,-0.5045000000000073,0.0014999999998508429,0.00019999999972242222,0.010138999999995235,-3.100000000699765e-05,-5.000000001587068e-06,7034,0,1,0,1,0,1,0.9000000000000001,2545.593240668088,76.54319328898366,21489.89899731596,4691,0
988.25,1.7,10.5,-2.6,1981.5256,65.370964,-0.5032000000001062,0.001299999999901047,-0.0001999999999497959,0.010108999999999924,-2.9999999995311555e-05,1.0000000116860974e-06,7035,0,1,0,1,0,1,0.9000000000000001,2545.513071873224,76.54160542239909,21492.276828131075,4692,0
986.75,1.7,10.5,-2.6,1981.0238,65.38104,-0.5018000000000029,0.0014000000001033186,0.00010000000020227162,0.010075999999997975,-3.300000000194814e-05,-3.000000006636583e-06,7036,0,1,0,1,0,1,0.9000000000000001,2545.4328545544977,76.54001943896547,21494.654056786163,4693,0
984.25,1.7,10.5,-2.6,1980.5234,65.3911,-0.5003999999998996,0.0014000000001033186,0.0,0.010059999999995739,-1.6000000002236447e-05,1.699999999971169e-05,7037,0,1,0,1,0,1,0.9000000000000001,2545.3525889315147,76.5384353356067,21497.030684961228,4694,0
984.25,1.7,10.5,-2.6,1980.0243,65.40112,-0.49909999999999854,0.001299999999901047,-0.00010000000020227162,0.010020000000011464,-3.9999999984274837e-05,-2.399999998203839e-05,7038,0,1,0,1,0,1,0.9000000000000001,2545.272275209547,76.53685310583889,21499.406714216268,4695,0
982.75,1.7,10.5,-2.6,1979.5266,65.411125,-0.4977000000001226,0.001399999999875945,9.999999997489795e-05,0.010004999999992492,-1.500000001897206e-05,2.4999999965302777e-05,7039,0,1,0,1,0,1,0.9000000000000001,2545.1919136079546,76.53527274673294,21501.782146231286,4696,0
982.75,1.7,10.5,-2.6,1979.0303,65.42109,-0.4963000000000193,0.0014000000001033186,2.2737367544323206e-13,0.009965000000008217,-3.9999999984274837e-05,-2.4999999965302777e-05,7040,0,1,0,1,0,1,0.9000000000000001,2545.1115043459736,76.53369425181083,21504.15698268628,4697,0
984.25,1.7,10.5,-2.6,1978.5353,65.43104,-0.49499999999989086,0.0013000000001284207,-9.999999997489795e-05,0.009949999999989245,-1.500000001897206e-05,2.4999999965302777e-05,7041,0,1,0,1,0,1,0.9000000000000001,2545.031047628515,76.53211761814825,21506.531225141247,4698,0
984.75,1.7,10.5,-2.6,1978.0416,65.44095,-0.4936999999999898,0.001299999999901047,-2.2737367544323206e-13,0.00991000000000497,-3.9999999984274837e-05,-2.4999999965302777e-05,7042,0,1,0,1,0,1,0.9000000000000001,2544.950543660372,76.53054283927304,21508.904875156193,4699,0
986.25,1.7,10.5,-2.6,1977.5494,65.450836,-0.4921999999999116,0.0015000000000782165,0.00020000000017716957,0.00988599999999451,-2.40000000104601e-05,1.5999999973814738e-05,7043,0,1,0,1,0,1,0.9000000000000001,2544.8699926746167,76.52896991098807,21511.277934531117,4700,0
988.25,1.7,10.5,-2.6,1977.0585,65.46069,-0.49090000000001055,0.001299999999901047,-0.00020000000017716957,0.009854000000004248,-3.199999999026204e-05,-7.999999979801942e-06,7044,0,1,0,1,0,1,0.9000000000000001,2544.7893948757983,76.5273988279631,21513.650404826018,4701,0
988.25,1.7,10.5,-2.6,1976.5688,65.47053,-0.4897000000000844,0.001199999999926149,-9.999999997489795e-05,0.009839999999996962,-1.4000000007285962e-05,1.7999999982976078e-05,7045,0,1,0,1,0,1,0.9000000000000001,2544.7087504541587,76.52582958742549,21516.02228748089,4702,0
988.25,1.7,10.5,-2.6,1976.0804,65.48033,-0.488399999999956,0.0013000000001284207,0.00010000000020227162,0.009799999999998477,-3.999999999848569e-05,-2.599999999119973e-05,7046,0,1,0,1,0,1,0.9000000000000001,2544.62805961402,76.52426218291473,21518.393584055742,4703,0
987.75,1.7,10.5,-2.6,1975.5935,65.49011,-0.48690000000010514,0.0014999999998508429,0.00019999999972242222,0.00978000000000634,-1.9999999992137418e-05,2.0000000006348273e-05,7047,0,1,0,1,0,1,0.9000000000000001,2544.5473225879678,76.52269661081158,21520.76429635057,4704,0
986.75,1.7,10.5,-2.6,1975.1078,65.49986,-0.4856999999999516,0.0012000000001535227,-0.00029999999969732016,0.009749999999996817,-3.000000000952241e-05,-1.0000000017384991e-05,7048,0,1,0,1,0,1,0.9000000000000001,2544.4665395658963,76.5211328660803,21523.134425805376,4705,0
988.25,1.7,10.5,-2.6,1974.6234,65.50958,-0.48440000000005057,0.001299999999901047,9.999999974752427e-05,0.009720000000001505,-2.9999999995311555e-05,1.4210854715202004e-14,7049,0,1,0,1,0,1,0.9000000000000001,2544.385710751773,76.51957094368794,21525.503973980158,4706,0
987.25,1.7,10.5,-2.6,1974.1404,65.51928,-0.48299999999994725,0.0014000000001033186,0.00010000000020227162,0.009699999999995157,-2.0000000006348273e-05,9.999999988963282e-06,7050,0,1,0,1,0,1,0.9000000000000001,2544.3048363636362,76.51801084002268,21527.872942554917,4707,0
987.5,1.7,10.5,-2.6,1973.6586,65.528946,-0.4818000000000211,0.001199999999926149,-0.00020000000017716957,0.009666000000009944,-3.3999999985212526e-05,-1.3999999978864253e-05,7051,0,1,0,1,0,1,0.9000000000000001,2544.223916591038,76.51645254948951,21530.241332969654,4708,0
985.75,1.7,10.5,-2.6,1973.1781,65.53858,-0.4804999999998927,0.0013000000001284207,0.00010000000020227162,0.00963399999999126,-3.200000001868375e-05,1.999999966528776e-06,7052,0,1,0,1,0,1,0.9000000000000001,2544.142951637601,76.51489606678008,21532.609146784365,4709,0
984.25,1.7,10.5,-2.6,1972.6989,65.548195,-0.47919999999999163,0.001299999999901047,-2.2737367544323206e-13,0.00961500000001081,-1.899999998045132e-05,1.3000000038232429e-05,7053,0,1,0,1,0,1,0.9000000000000001,2544.061941706833,76.5133413884321,21534.976385559054,4710,0
985.75,1.7,10.5,-2.6,1972.221,65.557785,-0.4779000000000906,0.001299999999901047,0.0,0.009589999999988663,-2.5000000022146196e-05,-6.000000041694875e-06,7054,0,1,0,1,0,1,0.9000000000000001,2543.980887002126,76.51178851013465,21537.34305085372,4711,0
985.75,1.7,10.5,-2.6,1971.7443,65.567345,-0.47669999999993706,0.0012000000001535227,-9.999999974752427e-05,0.009560000000007562,-2.99999999811007e-05,-4.999999958954504e-06,7055,0,1,0,1,0,1,0.9000000000000001,2543.8997877125853,76.51023742687076,21539.709144108365,4712,0
986.25,1.7,10.5,-2.6,1971.2689,65.57687,-0.475400000000036,0.001299999999901047,9.999999974752427e-05,0.009524999999996453,-3.500000001110948e-05,-5.000000030008778e-06,7056,0,1,0,1,0,1,0.9000000000000001,2543.8186440413774,76.50868813291768,21542.074666882985,4713,0
985.25,1.7,10.5,-2.6,1970.7947,65.58638,-0.47420000000010987,0.001199999999926149,-9.999999997489795e-05,0.009510000000005903,-1.499999999055035e-05,2.0000000020559128e-05,7057,0,1,0,1,0,1,0.9000000000000001,2543.7374561773872,76.50714062538964,21544.439620617584,4714,0
985.5,1.7,10.5,-2.6,1970.3219,65.59586,-0.47280000000000655,0.0014000000001033186,0.00020000000017716957,0.00947999999999638,-3.000000000952241e-05,-1.500000001897206e-05,7058,0,1,0,1,0,1,0.9000000000000001,2543.656224337725,76.50559489927753,21546.80400699216,4715,0
985.5,1.7,10.5,-2.6,1969.8502,65.605316,-0.4716999999998279,0.0011000000001786248,-0.00029999999992469384,0.009456000000000131,-2.3999999996249244e-05,6.000000013273166e-06,7059,0,1,0,1,0,1,0.9000000000000001,2543.574948696884,76.50405095042493,21549.167827326713,4716,0
984.75,1.7,10.5,-2.6,1969.3798,65.61474,-0.47040000000015425,0.0012999999996736733,0.00019999999949504854,0.009423999999995658,-3.2000000004472895e-05,-8.000000008223651e-06,7060,0,1,0,1,0,1,0.9000000000000001,2543.493629457584,76.50250877354482,21551.531083181242,4717,0
982.75,1.7,10.5,-2.6,1968.9106,65.62414,-0.4692000000000007,0.0012000000001535227,-9.99999995201506e-05,0.009399999999999409,-2.3999999996249244e-05,8.000000008223651e-06,7061,0,1,0,1,0,1,0.9000000000000001,2543.4122668082696,76.50096836448598,21553.89377599575,4718,0
981.75,1.7,10.5,-2.6,1968.4427,65.633514,-0.4678999999998723,0.0013000000001284207,9.999999997489795e-05,0.009374000000008209,-2.599999999119973e-05,-1.9999999949504854e-06,7062,0,1,0,1,0,1,0.9000000000000001,2543.3308609514374,76.49942971881637,21556.255907330236,4719,0
983.75,1.7,10.5,-2.6,1967.9761,65.64286,-0.46659999999997126,0.001299999999901047,-2.2737367544323206e-13,0.009345999999993637,-2.8000000014571924e-05,-2.000000023372195e-06,7063,0,1,0,1,0,1,0.9000000000000001,2543.2494120894676,76.49789283182332,21558.617478744698,4720,0
984.0,1.7,10.5,-2.6,1967.5105,65.652176,-0.4655999999999949,0.0009999999999763531,-0.00029999999992469384,0.009315999999998326,-2.9999999995311555e-05,-1.9999999807396307e-06,7064,0,1,0,1,0,1,0.9000000000000001,2543.167920382166,76.4963576985138,21560.97849143914,4721,0
986.25,1.7,10.5,-2.6,1967.0463,65.66147,-0.46420000000011896,0.001399999999875945,0.0003999999998995918,0.009293999999997027,-2.200000000129876e-05,7.999999994012796e-06,7065,0,1,0,1,0,1,0.9000000000000001,2543.0863860458535,76.49482431502972,21563.338947093558,4722,0
985.25,1.7,10.5,-2.6,1966.5831,65.67074,-0.46319999999991524,0.0010000000002037268,-0.0003999999996722181,0.009270000000000778,-2.3999999996249244e-05,-1.9999999949504854e-06,7066,0,1,0,1,0,1,0.9000000000000001,2543.0048092401303,76.4932926772322,21565.698846907955,4723,0
985.0,1.7,10.5,-2.6,1966.1213,65.67998,-0.4618000000000393,0.001399999999875945,0.0003999999996722181,0.009240000000005466,-2.9999999995311555e-05,-5.999999999062311e-06,7067,0,1,0,1,0,1,0.9000000000000001,2542.9231901810977,76.49176278013583,21568.058192562326,4724,0
983.25,1.7,10.5,-2.6,1965.6606,65.68919,-0.46070000000008804,0.001099999999951251,-0.00029999999992469384,0.009209999999995944,-3.000000000952241e-05,-1.4210854715202004e-14,7068,0,1,0,1,0,1,0.9000000000000001,2542.8415290422977,76.49023461875795,21570.41698537668,4725,0
983.25,1.7,10.5,-2.6,1965.2012,65.69838,-0.4593999999999596,0.0013000000001284207,0.00020000000017716957,0.009190000000003806,-1.9999999992137418e-05,1.0000000017384991e-05,7069,0,1,0,1,0,1,0.9000000000000001,2542.7598260254595,76.48870818953323,21572.77522691101,4726,0
983.25,1.7,10.5,-2.6,1964.7429,65.70754,-0.45830000000000837,0.001099999999951251,-0.00020000000017716957,0.009159999999994284,-3.000000000952241e-05,-1.0000000017384991e-05,7070,0,1,0,1,0,1,0.9000000000000001,2542.6780813039177,76.4871834874841,21575.132918485317,4727,0
984.25,1.7,10.5,-2.6,1964.2858,65.716675,-0.45709999999985484,0.0012000000001535227,0.00010000000020227162,0.00913500000000056,-2.4999999993724487e-05,5.000000015797923e-06,7071,0,1,0,1,0,1,0.9000000000000001,2542.5962950650455,76.48566050834276,21577.490061539604,4728,0
985.25,1.7,10.5,-2.6,1963.8298,65.725784,-0.45600000000013097,0.0010999999997238774,-0.0001000000004296453,0.00910900000000936,-2.599999999119973e-05,-9.999999974752427e-07,7072,0,1,0,1,0,1,0.9000000000000001,2542.5144674819735,76.48413924770253,21579.846657393868,4729,0
984.75,1.7,10.5,-2.6,1963.375,65.73487,-0.45479999999997744,0.0012000000001535227,0.0001000000004296453,0.009085999999996375,-2.3000000012984856e-05,2.9999999782148734e-06,7073,0,1,0,1,0,1,0.9000000000000001,2542.4325987418715,76.48261970158326,21582.202707488108,4730,0
985.75,1.7,10.5,-2.6,1962.9214,65.74393,-0.4536000000000513,0.001199999999926149,-2.2737367544323206e-13,0.009060000000005175,-2.599999999119973e-05,-2.9999999782148734e-06,7074,0,1,0,1,0,1,0.9000000000000001,2542.3506890318017,76.48110186558304,21584.558213262328,4731,0
984.75,1.7,10.5,-2.6,1962.469,65.75296,-0.4523999999998978,0.0012000000001535227,2.2737367544323206e-13,0.009029999999995653,-3.000000000952241e-05,-4.00000001832268e-06,7075,0,1,0,1,0,1,0.9000000000000001,2542.268738538722,76.47958573473713,21586.913176156526,4732,0
984.25,1.6,10.5,-2.6,1962.0176,65.76197,-0.4514000000001488,0.0009999999997489795,-0.00020000000040454324,0.009010000000003515,-1.9999999992137418e-05,1.0000000017384991e-05,7076,0,1,0,1,0,1,1.0,2542.1867474212236,76.47807130549667,21589.267597370705,4733,0
984.75,1.6,10.5,-2.6,1961.5675,65.77095,-0.450099999999793,0.0013000000003557943,0.00030000000060681487,0.008979999999993993,-3.000000000952241e-05,-1.0000000017384991e-05,7077,0,1,0,1,0,1,1.0,2542.1047158801925,76.47655857290195,21591.62147846486,4734,0
985.25,1.6,10.5,-2.6,1961.1184,65.77991,-0.449100000000044,0.0009999999997489795,-0.00030000000060681487,0.008960000000001855,-1.9999999992137418e-05,1.0000000017384991e-05,7078,0,1,0,1,0,1,1.0,2542.022644074022,76.47504753340868,21593.974820638992,4735,0
985.0,1.6,10.5,-2.6,1960.6705,65.78883,-0.44790000000011787,0.001199999999926149,0.00020000000017716957,0.00892000000000337,-3.999999999848569e-05,-2.0000000006348273e-05,7079,0,1,0,1,0,1,1.0,2541.9405321892655,76.47353818064971,21596.327625333106,4736,0
985.75,1.6,10.5,-2.6,1960.2238,65.79774,-0.44669999999996435,0.0012000000001535227,2.2737367544323206e-13,0.008910000000000196,-1.0000000003174137e-05,2.9999999995311555e-05,7080,0,1,0,1,0,1,1.0,2541.8583804123714,76.47203051249822,21598.679893987195,4737,0
984.75,1.6,10.5,-2.6,1959.7781,65.80662,-0.445699999999988,0.0009999999999763531,-0.00020000000017716957,0.008879999999990673,-3.000000000952241e-05,-2.0000000006348273e-05,7081,0,1,0,1,0,1,1.0,2541.77618890144,76.47052452400452,21601.031627801265,4738,0
983.25,1.6,10.5,-2.6,1959.3335,65.81547,-0.44460000000003674,0.001099999999951251,9.999999997489795e-05,0.008850000000009572,-2.99999999811007e-05,2.842170943040401e-14,7082,0,1,0,1,0,1,1.0,2541.6939578286037,76.46902021022166,21603.382828095313,4739,0
984.25,1.6,10.5,-2.6,1958.8901,65.824295,-0.4433999999998832,0.0012000000001535227,0.00010000000020227162,0.008825000000001637,-2.500000000793534e-05,4.999999973165359e-06,7083,0,1,0,1,0,1,1.0,2541.611687380011,76.46751756691134,21605.733496309338,4740,0
983.75,1.6,10.5,-2.6,1958.4478,65.8331,-0.44230000000015934,0.0010999999997238774,-0.0001000000004296453,0.008804999999995289,-2.0000000006348273e-05,5.000000001587068e-06,7084,0,1,0,1,0,1,1.0,2541.5293777275933,76.4660165905434,21608.083633763345,4741,0
983.75,1.6,10.5,-2.6,1958.0065,65.84188,-0.4412999999999556,0.0010000000002037268,-9.99999995201506e-05,0.008780000000001564,-2.4999999993724487e-05,-4.9999999873762135e-06,7085,0,1,0,1,0,1,1.0,2541.4470290290715,76.464517276884,21610.43324165733,4742,0
983.75,1.6,10.5,-2.6,1957.5664,65.85063,-0.44010000000002947,0.001199999999926149,0.00019999999972242222,0.008749999999992042,-3.000000000952241e-05,-5.000000015797923e-06,7086,0,1,0,1,0,1,1.0,2541.3646414702976,76.46301962099619,21612.782321431292,4743,0
983.75,1.6,10.5,-2.6,1957.1273,65.85936,-0.43909999999982574,0.0010000000002037268,-0.00019999999972242222,0.008729999999999905,-1.9999999992137418e-05,1.0000000017384991e-05,7087,0,1,0,1,0,1,1.0,2541.282215208804,76.46152361935665,21615.130874285234,4744,0
983.75,1.6,10.5,-2.6,1956.6893,65.86806,-0.43800000000010186,0.0010999999997238774,9.99999995201506e-05,0.008700000000004593,-2.9999999995311555e-05,-1.0000000003174137e-05,7088,0,1,0,1,0,1,1.0,2541.1997504161372,76.46002926703343,21617.478901539154,4745,0
984.75,1.6,10.5,-2.6,1956.2524,65.87674,-0.43689999999992324,0.0011000000001786248,4.547473508864641e-13,0.008679999999998245,-2.0000000006348273e-05,9.999999988963282e-06,7089,0,1,0,1,0,1,1.0,2541.117247263752,76.45853656050775,21619.826404513056,4746,0
985.0,1.6,10.5,-2.6,1955.8167,65.88539,-0.4356999999999971,0.001199999999926149,9.999999974752427e-05,0.008650000000002933,-2.9999999995311555e-05,-9.999999988963282e-06,7090,0,1,0,1,0,1,1.0,2541.034705937104,76.45704549485264,21622.173384646936,4747,0
984.25,1.6,10.5,-2.6,1955.3818,65.89402,-0.43489999999997053,0.0008000000000265572,-0.0003999999998995918,0.008629999999996585,-2.0000000006348273e-05,9.999999988963282e-06,7091,0,1,0,1,0,1,1.0,2540.952126565144,76.45555606655387,21624.519842900794,4748,0
986.75,1.6,10.5,-2.6,1954.9481,65.90262,-0.4337000000000444,0.001199999999926149,0.0003999999998995918,0.008600000000001273,-2.9999999995311555e-05,-9.999999988963282e-06,7092,0,1,0,1,0,1,1.0,2540.8695093331453,76.45406827068942,21626.86578071463,4749,0
987.0,1.6,10.5,-2.6,1954.5154,65.911194,-0.43270000000006803,0.0009999999999763531,-0.0001999999999497959,0.008573999999995863,-2.6000000005410584e-05,3.999999989900971e-06,7093,0,1,0,1,0,1,1.0,2540.7868543980826,76.45258210290388,21629.21119928845,4750,0
986.25,1.6,10.5,-2.6,1954.0837,65.91975,-0.4317000000000917,0.0009999999999763531,0.0,0.008555999999998676,-1.7999999997186933e-05,8.000000008223651e-06,7094,0,1,0,1,0,1,1.0,2540.7041619168426,76.45109755997181,21631.556099822243,4751,0
987.75,1.6,10.5,-2.6,1953.6532,65.928276,-0.43049999999993815,0.0012000000001535227,0.00020000000017716957,0.008526000000003364,-2.9999999995311555e-05,-1.1999999998124622e-05,7095,0,1,0,1,0,1,1.0,2540.621432074408,76.44961463697858,21633.90048375602,4752,0
988.25,1.6,10.5,-2.6,1953.2236,65.93678,-0.4295999999999367,0.0009000000000014552,-0.0003000000001520675,0.008504000000002065,-2.200000000129876e-05,7.999999994012796e-06,7096,0,1,0,1,0,1,1.0,2540.538665013386,76.4481333301395,21636.244352169775,4753,0
989.25,1.6,10.5,-2.6,1952.7952,65.94526,-0.42840000000001055,0.001199999999926149,0.00029999999992469384,0.008480000000005816,-2.3999999996249244e-05,-1.9999999949504854e-06,7097,0,1,0,1,0,1,1.0,2540.4558609185688,76.44665363539025,21638.58770650351,4754,0
989.0,1.6,10.5,-2.6,1952.3677,65.95371,-0.4275000000000091,0.0009000000000014552,-0.00029999999992469384,0.008449999999996294,-3.000000000952241e-05,-6.000000013273166e-06,7098,0,1,0,1,0,1,1.0,2540.373019932385,76.44517554782364,21640.930547837223,4755,0
989.0,1.6,10.5,-2.6,1951.9412,65.96214,-0.42650000000003274,0.0009999999999763531,9.999999997489795e-05,0.008430000000004156,-1.9999999992137418e-05,1.0000000017384991e-05,7099,0,1,0,1,0,1,1.0,2540.2901422112677,76.44369906394367,21643.272877370913,4756,0
989.75,1.6,10.5,-2.6,1951.5156,65.97055,-0.4256000000000313,0.0009000000000014552,-9.999999997489795e-05,0.008409999999997808,-2.0000000006348273e-05,-1.4210854715202004e-14,7100,0,1,0,1,0,1,1.0,2540.2072278974792,76.4422241802563,21645.614696184588,4757,0
987.25,1.6,10.5,-2.6,1951.0912,65.978935,-0.42439999999987776,0.0012000000001535227,0.0003000000001520675,0.008385000000004084,-2.4999999993724487e-05,-4.9999999873762135e-06,7101,0,1,0,1,0,1,1.0,2540.1242771754437,76.44075089256548,21647.95600571824,4758,0
986.75,1.6,10.5,-2.6,1950.6677,65.98729,-0.4235000000001037,0.0008999999997740815,-0.0003000000003794412,0.008354999999994561,-3.000000000952241e-05,-5.000000015797923e-06,7102,0,1,0,1,0,1,1.0,2540.041290187245,76.43927919597353,21650.296807051873,4759,0
986.75,1.6,10.5,-2.6,1950.2452,65.99562,-0.42249999999989996,0.0010000000002037268,0.0001000000004296453,0.008330000000000837,-2.4999999993724487e-05,5.000000015797923e-06,7103,0,1,0,1,0,1,1.0,2539.9582670889636,76.4378090862894,21652.637101385484,4760,0
984.75,1.6,10.5,-2.6,1949.8237,66.00393,-0.421500000000151,0.0009999999997489795,-4.547473508864641e-13,0.008309999999994488,-2.0000000006348273e-05,4.9999999873762135e-06,7104,0,1,0,1,0,1,1.0,2539.8752080365944,76.43634056002814,21654.976889919075,4761,0
984.25,1.6,10.5,-2.6,1949.4032,66.012215,-0.42049999999994725,0.0010000000002037268,4.547473508864641e-13,0.008285000000000764,-2.4999999993724487e-05,-4.9999999873762135e-06,7105,0,1,0,1,0,1,1.0,2539.79211318604,76.43487361300309,21657.316173852647,4762,0
984.25,1.6,10.5,-2.6,1948.9836,66.02048,-0.4195999999999458,0.0009000000000014552,-0.00010000000020227162,0.008265000000008627,-1.9999999992137418e-05,5.000000001587068e-06,7106,0,1,0,1,0,1,1.0,2539.708982679049,76.4334082417335,21659.6549542662,4763,0
984.5,1.6,10.5,-2.6,1948.5651,66.02872,-0.41849999999999454,0.001099999999951251,0.0001999999999497959,0.008240000000000691,-2.500000000793534e-05,-5.000000015797923e-06,7107,0,1,0,1,0,1,1.0,2539.625816685425,76.43194444203714,21661.99323247973,4764,0
984.5,1.6,10.5,-2.6,1948.1475,66.03693,-0.4175999999999931,0.0009000000000014552,-0.0001999999999497959,0.008209999999991169,-3.000000000952241e-05,-5.000000001587068e-06,7108,0,1,0,1,0,1,1.0,2539.542615346744,76.43048220903081,21664.33100957324,4765,0
984.75,1.6,10.5,-2.6,1947.7308,66.04511,-0.41669999999999163,0.0009000000000014552,0.0,0.008179999999995857,-2.9999999995311555e-05,1.4210854715202004e-14,7109,0,1,0,1,0,1,1.0,2539.459378804501,76.42902153783403,21666.668286626733,4766,0
984.75,1.6,10.5,-2.6,1947.3152,66.05328,-0.4156000000000404,0.001099999999951251,0.0001999999999497959,0.008170000000006894,-9.999999988963282e-06,2.0000000006348273e-05,7110,0,1,0,1,0,1,1.0,2539.376107228238,76.42756242638166,21669.0050649602,4767,0
982.75,1.6,10.5,-2.6,1946.9004,66.061424,-0.4148000000000138,0.0008000000000265572,-0.00029999999992469384,0.008144000000001483,-2.6000000005410584e-05,-1.6000000016447302e-05,7111,0,1,0,1,0,1,1.0,2539.292800745219,76.42610487035996,21671.341345533652,4768,0
984.25,1.6,10.5,-2.6,1946.4866,66.06954,-0.41380000000003747,0.0009999999999763531,0.0001999999999497959,0.008116000000001122,-2.800000000036107e-05,-1.9999999949504854e-06,7112,0,1,0,1,0,1,1.0,2539.2094595107546,76.42464886517644,21673.677129547086,4769,0
984.25,1.6,10.5,-2.6,1946.0737,66.07764,-0.412900000000036,0.0009000000000014552,-9.999999997489795e-05,0.008099999999998886,-1.6000000002236447e-05,1.1999999998124622e-05,7113,0,1,0,1,0,1,1.0,2539.1260836660103,76.42319440792802,21676.012418080496,4770,0
986.75,1.6,10.5,-2.6,1945.6617,66.08571,-0.4119999999998072,0.0009000000002288289,2.2737367544323206e-13,0.008070000000003574,-2.9999999995311555e-05,-1.3999999993075107e-05,7114,0,1,0,1,0,1,1.0,2539.042673352073,76.42174149374561,21678.34721221389,4771,0
988.25,1.6,10.5,-2.6,1945.2507,66.09375,-0.4110000000000582,0.0009999999997489795,9.99999995201506e-05,0.008039999999994052,-3.000000000952241e-05,-1.4210854715202004e-14,7115,0,1,0,1,0,1,1.0,2538.959228724002,76.42029011776279,21680.68151314726,4772,0
988.75,1.6,10.5,-2.6,1944.8406,66.101776,-0.41010000000005675,0.0009000000000014552,-9.999999974752427e-05,0.008026000000000977,-1.3999999993075107e-05,1.6000000016447302e-05,7116,0,1,0,1,0,1,1.0,2538.8757499227204,76.41884027736405,21683.01532196061,4773,0
988.25,1.6,10.5,-2.6,1944.4314,66.10978,-0.4092000000000553,0.0009000000000014552,0.0,0.008003999999999678,-2.200000000129876e-05,-8.000000008223651e-06,7117,0,1,0,1,0,1,1.0,2538.7922370890697,76.41739196881146,21685.348639733944,4774,0
988.25,1.6,9.5,-2.6,1944.0231,66.11775,-0.40829999999982647,0.0009000000002288289,2.2737367544323206e-13,0.007970000000000255,-3.399999999942338e-05,-1.1999999998124622e-05,7118,0,1,0,1,0,1,1.0,2538.7086903638155,76.41594518668353,21687.68146754726,4775,0
987.25,1.6,9.5,-2.6,1943.6157,66.12571,-0.4074000000000524,0.0008999999997740815,-4.547473508864641e-13,0.00795999999999708,-1.0000000003174137e-05,2.3999999996249244e-05,7119,0,1,0,1,0,1,1.0,2538.6251098876405,76.41449992893259,21690.01380648055,4776,0
986.25,1.6,9.5,-2.6,1943.2092,66.13364,-0.40650000000005093,0.0009000000000014552,2.2737367544323206e-13,0.007930000000001769,-2.9999999995311555e-05,-1.9999999992137418e-05,7120,0,1,0,1,0,1,1.0,2538.5414958011515,76.41305619070356,21692.345657613827,4777,0
986.25,1.6,9.5,-2.6,1942.8036,66.14155,-0.4056000000000495,0.0009000000000014552,0.0,0.00790999999999542,-2.0000000006348273e-05,9.999999988963282e-06,7121,0,1,0,1,0,1,1.0,2538.457848244875,76.41161396854817,21694.67702202708,4778,0
986.25,1.6,9.5,-2.6,1942.3989,66.14943,-0.404700000000048,0.0009000000000014552,0.0,0.00788000000000011,-2.9999999995311555e-05,-9.999999988963282e-06,7122,0,1,0,1,0,1,1.0,2538.3741673592585,76.41017325761618,21697.007900800316,4779,0
987.25,1.6,9.5,-2.6,1941.995,66.157295,-0.40390000000002146,0.0008000000000265572,-9.999999997489795e-05,0.007865000000009559,-1.499999999055035e-05,1.5000000004761205e-05,7123,0,1,0,1,0,1,1.0,2538.2904532706348,76.40873405516564,21699.338294893532,4780,0
986.75,1.6,9.5,-2.6,1941.592,66.16513,-0.40299999999979264,0.0009000000002288289,0.00010000000020227162,0.007835000000000036,-3.000000000952241e-05,-1.500000001897206e-05,7124,0,1,0,1,0,1,1.0,2538.2067061192984,76.40729635635087,21701.668205386726,4781,0
987.25,1.6,9.5,-2.6,1941.19,66.17294,-0.40200000000004366,0.0009999999997489795,9.99999995201506e-05,0.007809999999992101,-2.500000000793534e-05,5.000000001587068e-06,7125,0,1,0,1,0,1,1.0,2538.1229260595,76.4058601570306,21703.997633479907,4782,0
987.25,1.6,9.5,-2.6,1940.7887,66.18074,-0.401299999999992,0.0007000000000516593,-0.00029999999969732016,0.007800000000003138,-9.999999988963282e-06,1.500000001897206e-05,7126,0,1,0,1,0,1,1.0,2538.039113203311,76.40442545517048,21706.32658001306,4783,0
987.0,1.6,9.5,-2.6,1940.3883,66.18851,-0.40039999999999054,0.0009000000000014552,0.0001999999999497959,0.007769999999993615,-3.000000000952241e-05,-2.0000000020559128e-05,7127,0,1,0,1,0,1,1.0,2537.955267690797,76.40299224593154,21708.6550460662,4784,0
987.0,1.6,9.5,-2.6,1939.9886,66.19626,-0.39970000000016626,0.0006999999998242856,-0.00020000000017716957,0.007750000000001478,-1.9999999992137418e-05,1.0000000017384991e-05,7128,0,1,0,1,0,1,1.0,2537.87138963389,76.40156052588021,21710.983032479322,4785,0
985.75,1.6,9.5,-2.6,1939.59,66.20398,-0.39859999999998763,0.0011000000001786248,0.00040000000035433914,0.007720000000006166,-2.9999999995311555e-05,-1.0000000003174137e-05,7129,0,1,0,1,0,1,1.0,2537.787479200561,76.40013029018233,21713.31054057242,4786,0
986.75,1.6,9.5,-2.6,1939.1921,66.211685,-0.39789999999993597,0.0007000000000516593,-0.00040000000012696546,0.007705000000001405,-1.5000000004761205e-05,1.499999999055035e-05,7130,0,1,0,1,0,1,1.0,2537.7035365025945,76.39870153610994,21715.637571185503,4787,0
986.25,1.6,9.5,-2.6,1938.795,66.21936,-0.3970999999999094,0.0008000000000265572,9.999999997489795e-05,0.007674999999991883,-3.000000000952241e-05,-1.5000000004761205e-05,7131,0,1,0,1,0,1,1.0,2537.6195616657315,76.39727425883342,21717.964125278566,4788,0
986.0,1.6,9.5,-2.6,1938.3988,66.22702,-0.39620000000013533,0.0008999999997740815,9.999999974752427e-05,0.007660000000001332,-1.499999999055035e-05,1.500000001897206e-05,7132,0,1,0,1,0,1,1.0,2537.5355548296648,76.39584845562877,21720.290203931607,4789,0
986.25,1.6,9.5,-2.6,1938.0034,66.23465,-0.3953999999998814,0.0008000000002539309,-9.99999995201506e-05,0.007630000000006021,-2.9999999995311555e-05,-1.5000000004761205e-05,7133,0,1,0,1,0,1,1.0,2537.451516119989,76.39442412167087,21722.61580810463,4790,0
985.75,1.6,9.5,-2.6,1937.6088,66.24226,-0.3946000000000822,0.0007999999997991836,-4.547473508864641e-13,0.007609999999999673,-2.0000000006348273e-05,9.999999988963282e-06,7134,0,1,0,1,0,1,1.0,2537.367445662229,76.3930012535389,21724.940938757638,4791,0
986.75,1.6,9.5,-2.6,1937.2151,66.249855,-0.39370000000008076,0.0009000000000014552,0.00010000000020227162,0.007594999999994911,-1.5000000004761205e-05,5.000000001587068e-06,7135,0,1,0,1,0,1,1.0,2537.283343595852,76.39157984851457,21727.265596970625,4792,0
987.75,1.6,9.5,-2.6,1936.822,66.257416,-0.393100000000004,0.0006000000000767614,-0.00029999999992469384,0.007561000000009699,-3.3999999985212526e-05,-1.899999998045132e-05,7136,0,1,0,1,0,1,1.0,2537.199210018215,76.390159901219,21729.58978346359,4793,0
986.75,1.6,9.5,-2.6,1936.4298,66.26496,-0.39220000000000255,0.0009000000000014552,0.00029999999992469384,0.007543999999995776,-1.7000000013922545e-05,1.699999997128998e-05,7137,0,1,0,1,0,1,1.0,2537.115045068647,76.38874140865788,21731.91349931654,4794,0
988.25,1.6,9.5,-2.6,1936.0385,66.272484,-0.3912999999997737,0.0009000000002288289,2.2737367544323206e-13,0.007524000000003639,-1.9999999992137418e-05,-2.9999999782148734e-06,7138,0,1,0,1,0,1,1.0,2537.030848886399,76.38732436741842,21734.23674560947,4795,0
988.5,1.6,9.5,-2.6,1935.6478,66.27999,-0.3907000000001517,0.000599999999622014,-0.00030000000060681487,0.007505999999992241,-1.8000000011397788e-05,1.9999999807396307e-06,7139,0,1,0,1,0,1,1.0,2536.946621568627,76.38590877436974,21736.55952306238,4796,0
988.5,1.6,9.5,-2.6,1935.2579,66.28747,-0.3898999999998978,0.0008000000002539309,0.00020000000063191692,0.007480000000001041,-2.599999999119973e-05,-7.999999979801942e-06,7140,0,1,0,1,0,1,1.0,2536.8623632404424,76.38449462526256,21738.881832635274,4797,0
987.25,1.6,9.5,-2.6,1934.8689,66.29492,-0.3890000000001237,0.0008999999997740815,9.99999995201506e-05,0.00745000000000573,-2.9999999995311555e-05,-4.0000000041118255e-06,7141,0,1,0,1,0,1,1.0,2536.778074040885,76.38308191528984,21741.203675408146,4798,0
986.25,1.6,9.5,-2.6,1934.4806,66.30236,-0.38829999999984466,0.000700000000279033,-0.00019999999949504854,0.007439999999988345,-1.0000000017384991e-05,1.9999999977926564e-05,7142,0,1,0,1,0,1,1.0,2536.693754080918,76.38167064244716,21743.525052221,4799,0
988.75,1.6,9.5,-2.6,1934.0931,66.30977,-0.3875000000000455,0.0007999999997991836,9.99999995201506e-05,0.007410000000007244,-2.99999999811007e-05,-1.999999996371571e-05,7143,0,1,0,1,0,1,1.0,2536.6094034854423,76.38026080193168,21745.845964033837,4800,0
987.25,1.6,9.5,-2.6,1933.7063,66.31716,-0.3867999999999938,0.0007000000000516593,-9.999999974752427e-05,0.007390000000000896,-2.0000000006348273e-05,9.999999974752427e-06,7144,0,1,0,1,0,1,1.0,2536.5250223652906,76.3788523903429,21748.166411686656,4801,0
987.25,1.6,9.5,-2.6,1933.3203,66.32453,-0.38599999999996726,0.0008000000000265572,9.999999997489795e-05,0.007369999999994548,-2.0000000006348273e-05,0.0,7145,0,1,0,1,0,1,1.0,2536.440610845228,76.37744540428211,21750.486396139455,4802,0
986.75,1.6,9.5,-2.6,1932.9349,66.33188,-0.38540000000011787,0.0005999999998493877,-0.00020000000017716957,0.00735000000000241,-1.9999999992137418e-05,1.4210854715202004e-14,7146,0,1,0,1,0,1,1.0,2536.356169021967,76.3760398403526,21752.805918112237,4803,0
986.25,1.6,9.5,-2.6,1932.5504,66.3392,-0.38449999999988904,0.0009000000002288289,0.0003000000003794412,0.007320000000007099,-2.9999999995311555e-05,-1.0000000003174137e-05,7147,0,1,0,1,0,1,1.0,2536.2716970341353,76.37463569376048,21755.124978685,4804,0
985.75,1.6,9.5,-2.6,1932.1666,66.346504,-0.38380000000006476,0.0006999999998242856,-0.00020000000040454324,0.007303999999990651,-1.6000000016447302e-05,1.3999999978864253e-05,7148,0,1,0,1,0,1,1.0,2536.1871949923066,76.37323296167295,21757.443578697745,4805,0
985.5,1.6,9.5,-2.6,1931.7834,66.35379,-0.383199999999988,0.0006000000000767614,-9.999999974752427e-05,0.007286000000007675,-1.7999999982976078e-05,-1.999999966528776e-06,7149,0,1,0,1,0,1,1.0,2536.1026629930066,76.37183164097902,21759.761718870468,4806,0
985.75,1.6,9.5,-2.6,1931.4011,66.36105,-0.38229999999998654,0.0009000000000014552,0.00029999999992469384,0.007260000000002265,-2.6000000005410584e-05,-8.000000022434506e-06,7150,0,1,0,1,0,1,1.0,2536.018101174661,76.37043172745071,21762.079400283175,4807,0
985.75,1.6,9.5,-2.6,1931.0194,66.36829,-0.38170000000013715,0.0005999999998493877,-0.0003000000001520675,0.007239999999995916,-2.0000000006348273e-05,5.999999999062311e-06,7151,0,1,0,1,0,1,1.0,2535.933509633669,76.36903321770134,21764.396623655866,4808,0
985.75,1.6,9.5,-2.6,1930.6384,66.37551,-0.3809999999998581,0.000700000000279033,0.0001000000004296453,0.007220000000003779,-1.9999999992137418e-05,1.4210854715202004e-14,7152,0,1,0,1,0,1,1.0,2535.848888480358,76.36763610834616,21766.713389828536,4809,0
985.25,1.6,9.5,-2.6,1930.2582,66.382706,-0.38020000000005894,0.0007999999997991836,9.99999995201506e-05,0.007195999999993319,-2.40000000104601e-05,-4.00000001832268e-06,7153,0,1,0,1,0,1,1.0,2535.7642378389714,76.36624039544311,21769.029699761188,4810,0
985.75,1.6,9.5,-2.6,1929.8787,66.389885,-0.3795000000000073,0.0007000000000516593,-9.999999974752427e-05,0.007179000000007818,-1.6999999985500835e-05,7.000000024959263e-06,7154,0,1,0,1,0,1,1.0,2535.6795578197066,76.36484607603074,21771.34555429382,4811,0
985.75,1.6,9.5,-2.6,1929.4998,66.39703,-0.3788999999999305,0.0006000000000767614,-9.999999997489795e-05,0.007144999999994184,-3.4000000013634235e-05,-1.70000000281334e-05,7155,0,1,0,1,0,1,1.0,2535.594848518726,76.36345314477362,21773.66095414644,4812,0
985.75,1.6,9.5,-2.6,1929.1216,66.40417,-0.37820000000010623,0.0006999999998242856,9.999999974752427e-05,0.007139999999992597,-5.000000001587068e-06,2.9000000012047167e-05,7156,0,1,0,1,0,1,1.0,2535.510110046109,76.36206160039123,21775.975900159036,4813,0
986.25,1.6,9.5,-2.6,1928.7441,66.411285,-0.37750000000005457,0.0007000000000516593,2.2737367544323206e-13,0.007115000000013083,-2.4999999979513632e-05,-1.9999999977926564e-05,7157,0,1,0,1,0,1,1.0,2535.425342511875,76.36067143880973,21778.290393171617,4814,0
986.5,1.6,9.5,-2.6,1928.3673,66.41837,-0.3768000000000029,0.0007000000000516593,0.0,0.00708499999998935,-3.0000000023733264e-05,-5.000000044219632e-06,7158,0,1,0,1,0,1,1.0,2535.3405460259814,76.35928265525912,21780.60443402418,4815,0
988.25,1.6,9.5,-2.6,1927.9911,66.425446,-0.37619999999992615,0.0006000000000767614,-9.999999997489795e-05,0.007075999999997862,-8.999999991488039e-06,2.1000000032245225e-05,7159,0,1,0,1,0,1,1.0,2535.2557206843576,76.35789524790502,21782.91802343672,4816,0
987.75,1.6,9.5,-2.6,1927.6156,66.432495,-0.3754999999998745,0.0007000000000516593,9.999999997489795e-05,0.007049000000009187,-2.6999999988674972e-05,-1.7999999997186933e-05,7160,0,1,0,1,0,1,1.0,2535.170866596844,76.35650921240051,21785.231162249245,4817,0
986.75,1.6,9.5,-2.6,1927.2407,66.43952,-0.3749000000000251,0.0005999999998493877,-0.00010000000020227162,0.007024999999998727,-2.40000000104601e-05,2.9999999782148734e-06,7161,0,1,0,1,0,1,1.0,2535.085983859257,76.35512454481989,21787.543851181756,4818,0
985.75,1.6,9.5,-2.6,1926.8666,66.44653,-0.37409999999999854,0.0008000000000265572,0.00020000000017716957,0.0070099999999939655,-1.5000000004761205e-05,9.000000005698894e-06,7162,0,1,0,1,0,1,1.0,2535.001072595281,76.35374124249616,21789.856091194244,4819,0
985.75,1.6,9.5,-2.6,1926.493,66.45352,-0.37360000000012406,0.0004999999998744897,-0.0003000000001520675,0.006990000000001828,-1.9999999992137418e-05,-4.9999999873762135e-06,7163,0,1,0,1,0,1,1.0,2534.9161328866553,76.35235930206588,21792.167882886715,4820,0
984.75,1.6,9.5,-2.6,1926.1201,66.46049,-0.372899999999845,0.000700000000279033,0.00020000000040454324,0.00696999999999548,-2.0000000006348273e-05,-1.4210854715202004e-14,7164,0,1,0,1,0,1,1.0,2534.831164842987,76.35097872016748,21794.479227099167,4821,0
984.25,1.6,9.5,-2.6,1925.7478,66.46743,-0.37229999999999563,0.0005999999998493877,-0.0001000000004296453,0.006940000000000168,-2.9999999995311555e-05,-9.999999988963282e-06,7165,0,1,0,1,0,1,1.0,2534.7461685598664,76.34959949204577,21796.790124551604,4822,0
984.25,1.6,9.5,-2.6,1925.3762,66.47436,-0.37160000000017135,0.0006999999998242856,9.999999997489795e-05,0.006930000000011205,-9.999999988963282e-06,2.0000000006348273e-05,7166,0,1,0,1,0,1,1.0,2534.661144146784,76.34822161573881,21799.100576084023,4823,0
982.25,1.6,9.5,-2.6,1925.0051,66.48126,-0.3710999999998421,0.0005000000003292371,-0.00019999999949504854,0.0069000000000016826,-3.000000000952241e-05,-2.0000000020559128e-05,7167,0,1,0,1,0,1,1.0,2534.576091685268,76.34684508649555,21801.410582296423,4824,0
980.75,1.6,9.5,-2.6,1924.6348,66.488144,-0.37030000000004293,0.0007999999997991836,0.0002999999994699465,0.006883999999999446,-1.6000000002236447e-05,1.4000000007285962e-05,7168,0,1,0,1,0,1,1.0,2534.4910112986468,76.34546990152043,21803.720144148807,4825,0
980.75,1.6,9.5,-2.6,1924.265,66.49501,-0.36979999999994106,0.0005000000001018634,-0.00029999999969732016,0.006865999999988048,-1.8000000011397788e-05,-2.00000000916134e-06,7169,0,1,0,1,0,1,1.0,2534.40590306834,76.34409605774057,21806.02926224117,4826,0
981.75,1.6,9.5,-2.6,1923.8958,66.501854,-0.3692000000000917,0.0005999999998493877,9.999999974752427e-05,0.00684400000000096,-2.1999999987087904e-05,-3.999999975690116e-06,7170,0,1,0,1,0,1,1.0,2534.320767089667,76.34272355152699,21808.337937293516,4827,0
980.75,1.6,9.5,-2.6,1923.5272,66.508675,-0.3686000000000149,0.0006000000000767614,2.2737367544323206e-13,0.006821000000002186,-2.2999999998774e-05,-1.0000000116860974e-06,7171,0,1,0,1,0,1,1.0,2534.2356034578916,76.34135237911322,21810.646170025848,4828,0
979.75,1.6,9.5,-2.6,1923.1592,66.51548,-0.36799999999993815,0.0006000000000767614,0.0,0.00680499999999995,-1.6000000002236447e-05,6.999999996537554e-06,7172,0,1,0,1,0,1,1.0,2534.150412268228,76.33998253771085,21812.953961158157,4829,0
979.75,1.6,9.5,-2.6,1922.7917,66.52226,-0.36750000000006366,0.0004999999998744897,-0.00010000000020227162,0.0067800000000062255,-2.4999999993724487e-05,-8.999999991488039e-06,7173,0,1,0,1,0,1,1.0,2534.0651936018958,76.3386140232785,21815.26131129045,4830,0
979.75,1.6,9.5,-2.6,1922.4249,66.52903,-0.366800000000012,0.0007000000000516593,0.00020000000017716957,0.006770000000003051,-1.0000000003174137e-05,1.499999999055035e-05,7174,0,1,0,1,0,1,1.0,2533.9799475679442,76.33724683386758,21817.56822126273,4831,0
979.5,1.6,9.5,-2.6,1922.0586,66.53577,-0.36629999999991014,0.0005000000001018634,-0.0001999999999497959,0.006739999999993529,-3.000000000952241e-05,-2.0000000006348273e-05,7175,0,1,0,1,0,1,1.0,2533.8946742474914,76.3358809647436,21819.874691674988,4832,0
978.25,1.6,9.5,-2.6,1921.6929,66.542496,-0.36570000000006075,0.0005999999998493877,9.999999974752427e-05,0.006726000000000454,-1.3999999993075107e-05,1.6000000016447302e-05,7176,0,1,0,1,0,1,1.0,2533.8093737355443,76.33451641340393,21822.180723247227,4833,0
976.75,1.6,9.5,-2.6,1921.3278,66.549194,-0.365099999999984,0.0006000000000767614,2.2737367544323206e-13,0.006698000000000093,-2.800000000036107e-05,-1.4000000007285962e-05,7177,0,1,0,1,0,1,1.0,2533.724046127055,76.33315317539706,21824.48631669945,4834,0
977.75,1.6,9.5,-2.6,1920.9633,66.55588,-0.3645000000001346,0.0005999999998493877,-2.2737367544323206e-13,0.006686000000001968,-1.1999999998124622e-05,1.6000000002236447e-05,7178,0,1,0,1,0,1,1.0,2533.6386915169246,76.33179124850258,21826.791472751658,4835,0
977.75,1.6,9.5,-2.6,1920.5992,66.562546,-0.36409999999978027,0.00040000000035433914,-0.00019999999949504854,0.00666599999999562,-2.0000000006348273e-05,-8.000000008223651e-06,7179,0,1,0,1,0,1,1.0,2533.5533099721447,76.3304306293872,21829.096191883847,4836,0
977.75,1.6,9.5,-2.6,1920.2357,66.56918,-0.36350000000015825,0.000599999999622014,0.00019999999926767487,0.006634000000005358,-3.199999999026204e-05,-1.1999999983913767e-05,7180,0,1,0,1,0,1,1.0,2533.4679015875226,76.32907131304833,21831.40047481602,4837,0
977.75,1.6,9.5,-2.6,1919.8728,66.57581,-0.3628999999998541,0.000600000000304135,6.821210263296962e-13,0.006630000000001246,-4.0000000041118255e-06,2.7999999986150215e-05,7181,0,1,0,1,0,1,1.0,2533.382466457811,76.32771329838485,21833.70432226817,4838,0
978.0,1.6,9.5,-2.6,1919.5104,66.58241,-0.362400000000207,0.0004999999996471161,-0.00010000000065701897,0.006599999999991724,-3.000000000952241e-05,-2.6000000005410584e-05,7182,0,1,0,1,0,1,1.0,2533.2970046637897,76.3263565806766,21836.00773484031,4839,0
977.75,1.6,9.5,-2.6,1919.1486,66.589,-0.36179999999990287,0.000600000000304135,0.00010000000065701897,0.00659000000000276,-9.999999988963282e-06,2.0000000020559128e-05,7183,0,1,0,1,0,1,1.0,2533.2115163001117,76.32500115798997,21838.310713252427,4840,0
976.75,1.6,9.5,-2.6,1918.7871,66.595566,-0.36149999999997817,0.00029999999992469384,-0.0003000000003794412,0.006566000000006511,-2.3999999996249244e-05,-1.4000000007285962e-05,7184,0,1,0,1,0,1,1.0,2533.126001419624,76.32364702644398,21840.61325786453,4841,0
976.75,1.6,9.5,-2.6,1918.4263,66.60211,-0.3607999999999265,0.0007000000000516593,0.00040000000012696546,0.0065439999999910015,-2.2000000015509613e-05,1.9999999807396307e-06,7185,0,1,0,1,0,1,1.0,2533.04046013081,76.32229418243807,21842.915369516613,4842,0
976.75,1.6,9.5,-2.6,1918.066,66.608635,-0.360300000000052,0.0004999999998744897,-0.00020000000017716957,0.00652500000001055,-1.899999998045132e-05,3.0000000350582923e-06,7186,0,1,0,1,0,1,1.0,2532.9548925142617,76.32094262279115,21845.21704880868,4843,0
976.75,1.6,9.5,-2.6,1917.7062,66.61514,-0.35979999999995016,0.0005000000001018634,2.2737367544323206e-13,0.006504999999989991,-2.0000000020559128e-05,-1.0000000401078069e-06,7187,0,1,0,1,0,1,1.0,2532.8692986505284,76.31959234418476,21847.51829634073,4844,0
977.25,1.6,9.5,-2.6,1917.3468,66.621635,-0.35940000000005057,0.0003999999998995918,-0.00010000000020227162,0.006495000000001028,-9.999999988963282e-06,1.0000000031595846e-05,7188,0,1,0,1,0,1,1.0,2532.783678606204,76.31824334469327,21849.819112592766,4845,0
977.75,1.6,9.5,-2.6,1916.988,66.628105,-0.3587999999999738,0.0006000000000767614,0.00020000000017716957,0.006470000000007303,-2.4999999993724487e-05,-1.5000000004761205e-05,7189,0,1,0,1,0,1,1.0,2532.698032475661,76.31689562030597,21852.11949828478,4846,0
976.25,1.6,9.5,-2.6,1916.6296,66.63455,-0.3584000000000742,0.0003999999998995918,-0.00020000000017716957,0.006444999999999368,-2.500000000793534e-05,-1.4210854715202004e-14,7190,0,1,0,1,0,1,1.0,2532.612360325407,76.31554916701432,21854.41945389678,4847,0
975.75,1.6,9.5,-2.6,1916.2719,66.64098,-0.35770000000002256,0.0007000000000516593,0.0003000000001520675,0.006429999999994607,-1.5000000004761205e-05,1.0000000003174137e-05,7191,0,1,0,1,0,1,1.0,2532.526662263626,76.31420398220244,21856.71898026876,4848,0
975.75,1.6,9.5,-2.6,1915.9144,66.64739,-0.35750000000007276,0.0001999999999497959,-0.0005000000001018634,0.006410000000002469,-1.9999999992137418e-05,-4.9999999873762135e-06,7192,0,1,0,1,0,1,1.0,2532.4409383289308,76.31286006256083,21859.01807764072,4849,0
974.25,1.6,9.5,-2.6,1915.5575,66.653786,-0.356899999999996,0.0006000000000767614,0.00040000000012696546,0.006395999999995183,-1.4000000007285962e-05,5.999999984851456e-06,7193,0,1,0,1,0,1,1.0,2532.355188615513,76.31151740561579,21861.31674673267,4850,0
974.5,1.6,9.5,-2.6,1915.201,66.66016,-0.35649999999986903,0.00040000000012696546,-0.0001999999999497959,0.006374000000008095,-2.1999999987087904e-05,-7.999999979801942e-06,7194,0,1,0,1,0,1,1.0,2532.269413189715,76.31017600778318,21863.614988024598,4851,0
974.75,1.6,9.5,-2.6,1914.8451,66.66651,-0.35590000000001965,0.0005999999998493877,0.00019999999972242222,0.006349999999997635,-2.40000000104601e-05,-2.000000023372195e-06,7195,0,1,0,1,0,1,1.0,2532.1836121456363,76.3088358652029,21865.91280223651,4852,0
974.75,1.6,9.5,-2.6,1914.4896,66.67285,-0.3554999999998927,0.00040000000012696546,-0.00019999999972242222,0.006339999999994461,-1.0000000003174137e-05,1.4000000007285962e-05,7196,0,1,0,1,0,1,1.0,2532.097785549535,76.3074969759622,21868.210189848407,4853,0
974.25,1.6,9.5,-2.6,1914.1345,66.67917,-0.35510000000022046,0.0003999999996722181,-4.547473508864641e-13,0.006320000000002324,-1.9999999992137418e-05,-9.999999988963282e-06,7197,0,1,0,1,0,1,1.0,2532.01193346763,76.3061593367602,21870.507151340287,4854,0
973.25,1.6,9.5,-2.6,1913.7799,66.68546,-0.3545999999998912,0.0005000000003292371,0.00010000000065701897,0.006290000000007012,-2.9999999995311555e-05,-1.0000000003174137e-05,7198,0,1,0,1,0,1,1.0,2531.9260559799973,76.30482294290874,21872.803687312145,4855,0
973.75,1.6,9.5,-2.6,1913.4257,66.69174,-0.35419999999999163,0.0003999999998995918,-0.0001000000004296453,0.006279999999989627,-1.0000000017384991e-05,1.9999999977926564e-05,7199,0,1,0,1,0,1,1.0,2531.8401531527775,76.3034877925,21875.09979824399,4856,0
973.75,1.6,9.5,-2.6,1913.0719,66.698006,-0.35380000000009204,0.0003999999998995918,0.0,0.006266000000010763,-1.3999999978864253e-05,-3.999999961479261e-06,7200,0,1,0,1,0,1,1.0,2531.7542250520764,76.3021538830718,21877.39548461582,4857,0
973.75,1.6,9.5,-2.6,1912.7185,66.70425,-0.3533999999999651,0.00040000000012696546,2.2737367544323206e-13,0.006243999999995253,-2.2000000015509613e-05,-8.00000003664536e-06,7201,0,1,0,1,0,1,1.0,2531.6682717439603,76.3008212110525,21879.69074690763,4858,0
973.25,1.6,9.5,-2.6,1912.3656,66.71047,-0.3528999999998632,0.0005000000001018634,9.999999997489795e-05,0.006219999999999004,-2.3999999996249244e-05,-1.9999999807396307e-06,7202,0,1,0,1,0,1,1.0,2531.5822933083437,76.29948977259475,21881.985585719423,4859,0
973.5,1.6,9.5,-2.6,1912.0131,66.716675,-0.352500000000191,0.0003999999996722181,-0.0001000000004296453,0.006204999999994243,-1.5000000004761205e-05,8.999999991488039e-06,7203,0,1,0,1,0,1,1.0,2531.4962898112162,76.29815956510272,21884.2800015312,4860,0
973.5,1.6,9.5,-2.6,1911.661,66.72286,-0.35209999999983665,0.00040000000035433914,6.821210263296962e-13,0.0061850000000021055,-1.9999999992137418e-05,-4.9999999873762135e-06,7204,0,1,0,1,0,1,1.0,2531.4102613185287,76.29683058528799,21886.57399482296,4861,0
973.5,1.6,9.5,-2.6,1911.3092,66.729034,-0.35180000000013933,0.00029999999969732016,-0.00010000000065701897,0.006174000000001456,-1.100000000064938e-05,8.999999991488039e-06,7205,0,1,0,1,0,1,1.0,2531.32420788232,76.29550283111296,21888.8675659547,4862,0
974.25,1.6,9.5,-2.6,1910.9579,66.73518,-0.3512999999998101,0.0005000000003292371,0.00020000000063191692,0.006146000000001095,-2.800000000036107e-05,-1.699999999971169e-05,7206,0,1,0,1,0,1,1.0,2531.2381295823507,76.29417629818232,21891.16071552643,4863,0
973.75,1.6,9.5,-2.6,1910.607,66.74132,-0.3509000000001379,0.0003999999996722181,-0.00010000000065701897,0.006140000000002033,-5.999999999062311e-06,2.200000000129876e-05,7207,0,1,0,1,0,1,1.0,2531.1520264844617,76.2928509851554,21893.453444018138,4864,0
974.25,1.6,9.5,-2.6,1910.2565,66.74743,-0.3505000000000109,0.00040000000012696546,4.547473508864641e-13,0.00610999999999251,-3.000000000952241e-05,-2.40000000104601e-05,7208,0,1,0,1,0,1,1.0,2531.06589865446,76.29152688736302,21895.74575190983,4865,0
975.25,1.6,9.5,-2.6,1909.9062,66.753525,-0.3503000000000611,0.0001999999999497959,-0.00020000000017716957,0.00609500000000196,-1.499999999055035e-05,1.500000001897206e-05,7209,0,1,0,1,0,1,1.0,2530.979746130374,76.29020400221914,21898.037639441507,4866,0
975.0,1.6,9.5,-2.6,1909.5565,66.759605,-0.34969999999998436,0.0006000000000767614,0.00040000000012696546,0.006079999999997199,-1.5000000004761205e-05,-1.4210854715202004e-14,7210,0,1,0,1,0,1,1.0,2530.8935690056855,76.28888232713909,21900.329107333164,4867,0
974.25,1.6,9.5,-2.6,1909.207,66.76566,-0.3494999999998072,0.00020000000017716957,-0.0003999999998995918,0.006055000000003474,-2.4999999993724487e-05,-9.999999988963282e-06,7211,0,1,0,1,0,1,1.0,2530.8073673183585,76.28756185815308,21902.620155824807,4868,0
975.75,1.6,9.5,-2.6,1908.858,66.771706,-0.34900000000016007,0.0004999999996471161,0.0002999999994699465,0.006045999999997775,-9.000000005698894e-06,1.5999999988025593e-05,7212,0,1,0,1,0,1,1.0,2530.7211411479275,76.28624259351172,21904.910785516433,4869,0
974.75,1.6,9.5,-2.6,1908.5093,66.77773,-0.348700000000008,0.0003000000001520675,-0.00019999999949504854,0.0060240000000106875,-2.1999999987087904e-05,-1.299999998138901e-05,7213,0,1,0,1,0,1,1.0,2530.6348905461605,76.28492452966454,21907.20099676804,4870,0
975.25,1.6,9.5,-2.6,1908.1609,66.78374,-0.34839999999985594,0.0003000000001520675,0.0,0.006009999999989191,-1.4000000021496817e-05,7.999999965591087e-06,7214,0,1,0,1,0,1,1.0,2530.548615564796,76.28360766417187,21909.49078993963,4871,0
973.75,1.6,9.5,-2.6,1907.8129,66.789734,-0.3480000000001837,0.0003999999996722181,9.99999995201506e-05,0.005994000000001165,-1.5999999988025593e-05,-1.999999966528776e-06,7215,0,1,0,1,0,1,1.0,2530.4623162694015,76.28229199431817,21911.780165511205,4872,0
971.75,1.6,9.5,-2.6,1907.4652,66.7957,-0.3476999999998043,0.0003000000003794412,-9.999999929277692e-05,0.005966000000000804,-2.800000000036107e-05,-1.2000000012335477e-05,7216,0,1,0,1,0,1,1.0,2530.375992711653,76.28097751572676,21914.069123842764,4873,0
970.25,1.6,9.5,-2.6,1907.1179,66.80166,-0.34730000000013206,0.0003999999996722181,9.999999929277692e-05,0.005960000000001742,-5.999999999062311e-06,2.200000000129876e-05,7217,0,1,0,1,0,1,1.0,2530.2896449570517,76.27966422707121,21916.357665414307,4874,0
970.25,1.6,9.5,-2.6,1906.7709,66.807594,-0.34699999999998,0.0003000000001520675,-9.99999995201506e-05,0.005933999999996331,-2.6000000005410584e-05,-2.0000000006348273e-05,7218,0,1,0,1,0,1,1.0,2530.20327305721,76.27835212425543,21918.64579058583,4875,0
970.0,1.6,9.5,-2.6,1906.4242,66.813515,-0.3467000000000553,0.00029999999992469384,-2.2737367544323206e-13,0.005921000000000731,-1.2999999995599865e-05,1.300000000981072e-05,7219,0,1,0,1,0,1,1.0,2530.116877063712,76.27704120498616,21920.93349971734,4876,0
969.25,1.6,9.5,-2.6,1906.0778,66.81941,-0.34639999999990323,0.0003000000001520675,2.2737367544323206e-13,0.0058950000000095315,-2.599999999119973e-05,-1.2999999995599865e-05,7220,0,1,0,1,0,1,1.0,2530.0304570281123,76.27573146517103,21923.22079316883,4877,0
967.75,1.6,9.5,-2.6,1905.7317,66.825294,-0.34609999999997854,0.00029999999992469384,-2.2737367544323206e-13,0.005883999999994671,-1.1000000014860234e-05,1.4999999976339495e-05,7221,0,1,0,1,0,1,1.0,2529.9440130019384,76.27442290279701,21925.507671300307,4878,0
967.75,1.6,9.5,-2.6,1905.3859,66.83116,-0.34580000000005384,0.00029999999992469384,0.0,0.005865999999997484,-1.7999999997186933e-05,-6.999999982326699e-06,7222,0,1,0,1,0,1,1.0,2529.8575450366884,76.273115514883,21927.794134471766,4879,0
967.75,1.6,9.5,-2.6,1905.0404,66.83701,-0.3454999999999018,0.0003000000001520675,2.2737367544323206e-13,0.005850000000009459,-1.5999999988025593e-05,2.00000000916134e-06,7223,0,1,0,1,0,1,1.0,2529.7710531838316,76.27180929872647,21930.080183043206,4880,0
968.0,1.6,9.5,-2.6,1904.6952,66.84284,-0.3451999999999771,0.00029999999992469384,-2.2737367544323206e-13,0.0058299999999889,-2.0000000020559128e-05,-4.000000032533535e-06,7224,0,1,0,1,0,1,1.0,2529.68453749481,76.27050425107267,21932.365817374633,4881,0
968.25,1.6,9.5,-2.6,1904.3503,66.84866,-0.3449000000000524,0.00029999999992469384,0.0,0.005819999999999936,-9.999999988963282e-06,1.0000000031595846e-05,7225,0,1,0,1,0,1,1.0,2529.597998021035,76.2692003700526,21934.651037826043,4882,0
968.5,1.5,9.5,-2.6,1904.0056,66.85446,-0.3447000000001026,0.0001999999999497959,-9.999999997489795e-05,0.005800000000007799,-1.9999999992137418e-05,-1.0000000003174137e-05,7226,0,1,0,1,0,1,1.1,2529.511434800055,76.26789765241456,21936.935844637435,4883,0
966.75,1.5,9.5,-2.6,1903.6613,66.86024,-0.3442999999999756,0.00040000000012696546,0.00020000000017716957,0.005780000000001451,-2.0000000006348273e-05,-1.4210854715202004e-14,7227,0,1,0,1,0,1,1.1,2529.424847897067,76.26659609490868,21939.22023828881,4884,0
967.75,1.5,9.5,-2.6,1903.3173,66.866005,-0.34400000000005093,0.00029999999992469384,-0.00010000000020227162,0.0057649999999966894,-1.5000000004761205e-05,5.000000001587068e-06,7228,0,1,0,1,0,1,1.1,2529.338237363397,76.26529569497856,21941.50421914017,4885,0
970.25,1.5,9.5,-2.6,1902.9734,66.87175,-0.34389999999984866,0.00010000000020227162,-0.00019999999972242222,0.005745000000004552,-1.9999999992137418e-05,-4.9999999873762135e-06,7229,0,1,0,1,0,1,1.1,2529.251603222683,76.26399644937759,21943.78778731151,4886,0
969.25,1.5,9.5,-2.6,1902.6298,66.87748,-0.34360000000015134,0.00029999999969732016,0.00019999999949504854,0.005729999999999791,-1.5000000004761205e-05,4.9999999873762135e-06,7230,0,1,0,1,0,1,1.1,2529.1649455262063,76.26269835555249,21946.07094316284,4887,0
969.75,1.5,9.5,-2.6,1902.2865,66.883194,-0.3432999999999993,0.0003000000001520675,4.547473508864641e-13,0.005713999999997554,-1.6000000002236447e-05,-9.999999974752427e-07,7231,0,1,0,1,0,1,1.1,2529.078264325221,76.26140141081305,21948.353687054147,4888,0
968.75,1.5,9.5,-2.6,1901.9434,66.88889,-0.3430999999998221,0.00020000000017716957,-9.999999997489795e-05,0.0056960000000003674,-1.7999999997186933e-05,-1.9999999949504854e-06,7232,0,1,0,1,0,1,1.1,2528.9915596571273,76.26010561219411,21950.63601922544,4889,0
968.75,1.5,9.5,-2.6,1901.6006,66.89457,-0.3428000000001248,0.00029999999969732016,9.99999995201506e-05,0.005679999999998131,-1.6000000002236447e-05,1.9999999949504854e-06,7233,0,1,0,1,0,1,1.1,2528.904831573127,76.25881095700858,21952.917940036717,4890,0
969.25,1.5,9.5,-2.6,1901.2579,66.90024,-0.3426999999999225,0.00010000000020227162,-0.00019999999949504854,0.005669999999994957,-1.0000000003174137e-05,5.999999999062311e-06,7234,0,1,0,1,0,1,1.1,2528.818080096752,76.25751744340015,21955.19944960798,4891,0
969.25,1.5,9.5,-2.6,1900.9155,66.90588,-0.3423999999999978,0.00029999999992469384,0.00019999999972242222,0.005639999999999645,-2.9999999995311555e-05,-1.9999999992137418e-05,7235,0,1,0,1,0,1,1.1,2528.73130527916,76.2562250667496,21957.480548299223,4892,0
969.0,1.5,9.5,-2.6,1900.5735,66.911514,-0.3420000000000982,0.0003999999998995918,9.999999997489795e-05,0.005634000000000583,-5.999999999062311e-06,2.3999999996249244e-05,7236,0,1,0,1,0,1,1.1,2528.644507185298,76.25493382575654,21959.76123659045,4893,0
966.75,1.5,9.5,-2.6,1900.2314,66.91713,-0.3421000000000731,-9.999999997489795e-05,-0.0004999999998744897,0.005616000000003396,-1.7999999997186933e-05,-1.1999999998124622e-05,7237,0,1,0,1,0,1,1.1,2528.5576858109976,76.25364371746339,21962.04151436166,4894,0
966.25,1.5,9.5,-2.6,1899.8898,66.92272,-0.34159999999997126,0.0005000000001018634,0.0006000000000767614,0.0055899999999979855,-2.6000000005410584e-05,-8.000000008223651e-06,7238,0,1,0,1,0,1,1.1,2528.4708412349773,76.2523547378091,21964.321382212856,4895,0
966.75,1.5,9.5,-2.6,1899.5482,66.92831,-0.34159999999997126,0.0,-0.0005000000001018634,0.0055899999999979855,0.0,2.6000000005410584e-05,7239,0,1,0,1,0,1,1.1,2528.383973466851,76.25106688632597,21966.600840144034,4896,0
968.25,1.5,9.5,-2.6,1899.2069,66.93387,-0.34130000000004657,0.00029999999992469384,0.00029999999992469384,0.005560000000002674,-2.9999999995311555e-05,-2.9999999995311555e-05,7240,0,1,0,1,0,1,1.1,2528.297082557658,76.24978015840354,21968.879888515195,4897,0
968.25,1.5,9.5,-2.6,1898.8657,66.93942,-0.3411999999998443,0.00010000000020227162,-0.00019999999972242222,0.0055499999999995,-1.0000000003174137e-05,1.9999999992137418e-05,7241,0,1,0,1,0,1,1.1,2528.2101685307925,76.24849455219554,21971.15852744634,4898,0
968.5,1.5,9.5,-2.6,1898.5248,66.944954,-0.340900000000147,0.00029999999969732016,0.00019999999949504854,0.005533999999997263,-1.6000000002236447e-05,-5.999999999062311e-06,7242,0,1,0,1,0,1,1.1,2528.1232314372496,76.2472100650283,21973.43675729747,4899,0
968.25,1.5,9.5,-2.6,1898.1841,66.95047,-0.3406999999999698,0.00020000000017716957,-9.99999995201506e-05,0.005516000000000076,-1.7999999997186933e-05,-1.9999999949504854e-06,7243,0,1,0,1,0,1,1.1,2528.0362713141913,76.24592669395362,21975.714578308583,4900,0
966.75,1.5,9.5,-2.6,1897.8434,66.95597,-0.3406999999999698,0.0,-0.00020000000017716957,0.00549999999999784,-1.6000000002236447e-05,1.9999999949504854e-06,7244,0,1,0,1,0,1,1.1,2527.949288171152,76.2446444363009,21977.99199047968,4901,0
966.25,1.5,9.5,-2.6,1897.503,66.96146,-0.3404000000000451,0.00029999999992469384,0.00029999999992469384,0.005490000000008877,-9.999999988963282e-06,6.000000013273166e-06,7245,0,1,0,1,0,1,1.1,2527.862282059067,76.24336329022908,21980.26899417076,4902,0
966.0,1.5,9.5,-2.6,1897.1627,66.96693,-0.34029999999984284,0.00010000000020227162,-0.00019999999972242222,0.005470000000002528,-2.0000000006348273e-05,-1.0000000017384991e-05,7246,0,1,0,1,0,1,1.1,2527.7752530012417,76.24208325251828,21982.545589501824,4903,0
965.75,1.5,9.5,-2.6,1896.8226,66.972374,-0.3401000000001204,0.00019999999972242222,9.99999995201506e-05,0.005443999999997118,-2.6000000005410584e-05,-5.999999999062311e-06,7247,0,1,0,1,0,1,1.1,2527.688201034768,76.2408043191225,21984.82177671287,4904,0
964.25,1.5,9.5,-2.6,1896.4827,66.97781,-0.33989999999994325,0.00020000000017716957,4.547473508864641e-13,0.005436000000003105,-7.999999994012796e-06,1.8000000011397788e-05,7248,0,1,0,1,0,1,1.1,2527.601126196717,76.23952648848118,21987.097556043904,4905,0
965.25,1.5,9.5,-2.6,1896.1428,66.98324,-0.33989999999994325,0.0,-0.00020000000017716957,0.005429999999989832,-6.000000013273166e-06,1.9999999807396307e-06,7249,0,1,0,1,0,1,1.1,2527.5140284965514,76.23824975931035,21989.37292749492,4906,0
965.25,1.5,9.5,-2.6,1895.8032,66.98864,-0.33960000000001855,0.00029999999992469384,0.00029999999992469384,0.005400000000008731,-2.99999999811007e-05,-2.3999999967827534e-05,7250,0,1,0,1,0,1,1.1,2527.426907985105,76.23697412701696,21991.647891425917,4907,0
966.25,1.5,9.5,-2.6,1895.4636,66.994026,-0.33960000000001855,0.0,-0.00029999999992469384,0.005386000000001445,-1.4000000007285962e-05,1.5999999973814738e-05,7251,0,1,0,1,0,1,1.1,2527.339764671815,76.23569958921676,21993.922447836896,4908,0
966.0,1.5,9.5,-2.6,1895.1243,66.999405,-0.33930000000009386,0.00029999999992469384,0.00029999999992469384,0.005378999999990697,-7.000000010748408e-06,6.999999996537554e-06,7252,0,1,0,1,0,1,1.1,2527.252598607473,76.23442614449193,21996.196597087863,4909,0
964.75,1.5,9.5,-2.6,1894.785,67.00476,-0.3392999999998665,2.2737367544323206e-13,-0.00029999999969732016,0.005355000000008658,-2.399999998203839e-05,-1.699999997128998e-05,7253,0,1,0,1,0,1,1.1,2527.1654098014887,76.23315378908188,21998.470339178813,4910,0
964.25,1.5,9.5,-2.6,1894.4458,67.01011,-0.33920000000011896,9.999999974752427e-05,9.99999995201506e-05,0.0053499999999928605,-5.000000015797923e-06,1.8999999966240466e-05,7254,0,1,0,1,0,1,1.1,2527.07819827705,76.231882521847,22000.743674229747,4911,0
961.75,1.5,9.5,-2.6,1894.1068,67.015434,-0.3389999999999418,0.00020000000017716957,0.0001000000004296453,0.005324000000001661,-2.599999999119973e-05,-2.0999999975401806e-05,7255,0,1,0,1,0,1,1.1,2526.9909640711135,76.23061233875414,22003.016602480664,4912,0
961.75,1.5,9.5,-2.6,1893.7678,67.020744,-0.3389999999999418,0.0,-0.00020000000017716957,0.005309999999994375,-1.4000000007285962e-05,1.1999999983913767e-05,7256,0,1,0,1,0,1,1.1,2526.9037071930547,76.22934323742594,22005.289123931565,4913,0
960.75,1.5,9.5,-2.6,1893.429,67.02605,-0.338799999999992,0.0001999999999497959,0.0001999999999497959,0.005306000000004474,-3.999999989900971e-06,1.0000000017384991e-05,7257,0,1,0,1,0,1,1.1,2526.8164276798016,76.22807521686416,22007.56123882245,4914,0
961.75,1.5,9.5,-2.6,1893.0902,67.03133,-0.338799999999992,0.0,-0.0001999999999497959,0.005279999999999063,-2.6000000005410584e-05,-2.2000000015509613e-05,7258,0,1,0,1,0,1,1.1,2526.729125540708,76.22680827304036,22009.832947153318,4915,0
961.75,1.5,9.5,-2.6,1892.7516,67.03659,-0.3386000000000422,0.0001999999999497959,0.0001999999999497959,0.005260000000006926,-1.9999999992137418e-05,6.000000013273166e-06,7259,0,1,0,1,0,1,1.1,2526.6418008126725,76.22554240275481,22012.10424916417,4916,0
961.75,1.5,9.5,-2.6,1892.413,67.04185,-0.3386000000000422,0.0,-0.0001999999999497959,0.005259999999992715,-1.4210854715202004e-14,1.9999999977926564e-05,7260,0,1,0,1,0,1,1.1,2526.5544535050267,76.22427760556397,22014.375144855007,4917,0
962.0,1.5,9.5,-2.6,1892.0745,67.04708,-0.3385000000000673,9.999999997489795e-05,9.999999997489795e-05,0.005229999999997403,-2.9999999995311555e-05,-2.99999999811007e-05,7261,0,1,0,1,0,1,1.1,2526.46708364087,76.22301387689342,22016.645634345827,4918,0
962.75,1.5,9.5,-2.6,1891.736,67.0523,-0.33849999999983993,2.2737367544323206e-13,-9.999999974752427e-05,0.00522000000000844,-9.999999988963282e-06,2.0000000006348273e-05,7262,0,1,0,1,0,1,1.1,2526.3796912295193,76.22175121492496,22018.915717636628,4919,0
962.25,1.5,9.5,-2.6,1891.3976,67.05751,-0.3384000000000924,9.999999974752427e-05,9.99999995201506e-05,0.005209999999991055,-1.0000000017384991e-05,-2.842170943040401e-14,7263,0,1,0,1,0,1,1.1,2526.2922762940525,76.22048961784141,22021.185394847416,4920,0
963.75,1.5,9.5,-2.6,1891.0593,67.0627,-0.3383000000001175,9.999999997489795e-05,2.2737367544323206e-13,0.0051900000000131286,-1.9999999977926564e-05,-9.999999960541572e-06,7264,0,1,0,1,0,1,1.1,2526.2048388575363,76.2192290824501,22023.454666098187,4921,0
963.75,1.5,9.5,-2.6,1890.7211,67.06788,-0.33819999999991524,0.00010000000020227162,2.2737367544323206e-13,0.0051799999999957436,-1.0000000017384991e-05,9.999999960541572e-06,7265,0,1,0,1,0,1,1.1,2526.1173789430222,76.2179696069364,22025.723531508942,4922,0
964.25,1.5,9.5,-2.6,1890.3828,67.073044,-0.33829999999989013,-9.999999997489795e-05,-0.00020000000017716957,0.005163999999993507,-1.6000000002236447e-05,-5.999999984851456e-06,7266,0,1,0,1,0,1,1.1,2526.02989654603,76.21671118866108,22027.99199095968,4923,0
965.25,1.5,9.5,-2.6,1890.0447,67.078186,-0.3381000000001677,0.00019999999972242222,0.00029999999969732016,0.005142000000006419,-2.1999999987087904e-05,-5.999999984851456e-06,7267,0,1,0,1,0,1,1.1,2525.9423917033573,76.2154538241607,22030.2600446904,4924,0
963.25,1.5,9.5,-2.6,1889.7065,67.08332,-0.33819999999991524,-9.999999974752427e-05,-0.0002999999994699465,0.0051339999999981956,-8.000000008223651e-06,1.3999999978864253e-05,7268,0,1,0,1,0,1,1.1,2525.8548644105103,76.21419751189985,22032.52769258111,4925,0
964.25,1.5,9.5,-2.6,1889.3684,67.08844,-0.33809999999994034,9.999999997489795e-05,0.00019999999972242222,0.0051200000000051205,-1.3999999993075107e-05,-5.999999984851456e-06,7269,0,1,0,1,0,1,1.1,2525.767314690509,76.21294224951856,22034.794934751797,4926,0
965.75,1.5,9.5,-2.6,1889.0304,67.093544,-0.33799999999996544,9.999999997489795e-05,0.0,0.005103999999988673,-1.6000000016447302e-05,-2.000000023372195e-06,7270,0,1,0,1,0,1,1.1,2525.6797425663594,76.21168803438317,22037.06177132247,4927,0
967.25,1.5,9.5,-2.6,1888.6923,67.09863,-0.3381000000001677,-0.00010000000020227162,-0.00020000000017716957,0.005086000000005697,-1.7999999982976078e-05,-1.999999966528776e-06,7271,0,1,0,1,0,1,1.1,2525.5921480335533,76.21043486358636,22039.32820217313,4928,0
968.25,1.5,9.5,-2.6,1888.3542,67.10371,-0.33809999999994034,2.2737367544323206e-13,0.0001000000004296453,0.005080000000006635,-5.999999999062311e-06,1.1999999983913767e-05,7272,0,1,0,1,0,1,1.1,2525.5045311013337,76.2091827358724,22041.59422730377,4929,0
970.25,1.5,9.5,-2.6,1888.0162,67.108765,-0.33799999999996544,9.999999997489795e-05,9.999999974752427e-05,0.005054999999998699,-2.500000000793534e-05,-1.900000000887303e-05,7273,0,1,0,1,0,1,1.1,2525.4168917926863,76.20793164737421,22043.859846834395,4930,0
970.25,1.5,9.5,-2.6,1887.6781,67.113815,-0.33809999999994034,-9.999999997489795e-05,-0.0001999999999497959,0.005049999999997112,-5.000000001587068e-06,2.0000000006348273e-05,7274,0,1,0,1,0,1,1.1,2525.329230103093,76.20668159697595,22046.125060645,4931,0
968.75,1.5,9.5,-2.6,1887.3401,67.11884,-0.3380000000001928,9.999999974752427e-05,0.00019999999972242222,0.005025000000003388,-2.4999999993724487e-05,-1.9999999992137418e-05,7275,0,1,0,1,0,1,1.1,2525.2415460555253,76.20543258081362,22048.389868855593,4932,0
968.75,1.5,9.5,-2.6,1887.0021,67.12386,-0.33799999999996544,2.2737367544323206e-13,-9.99999995201506e-05,0.00501999999998759,-5.000000015797923e-06,1.9999999977926564e-05,7276,0,1,0,1,0,1,1.1,2525.1538396592,76.2041845977738,22050.65427146617,4933,0
968.25,1.5,9.5,-2.6,1886.664,67.12887,-0.33809999999994034,-9.999999997489795e-05,-0.00010000000020227162,0.0050100000000128375,-9.999999974752427e-06,-4.999999958954504e-06,7277,0,1,0,1,0,1,1.1,2525.066110909591,76.20293764605661,22052.91826835673,4934,0
967.25,1.5,9.5,-2.6,1886.3258,67.13386,-0.33819999999991524,-9.999999997489795e-05,0.0,0.004989999999992278,-2.0000000020559128e-05,-1.00000000458067e-05,7278,0,1,0,1,0,1,1.1,2524.9783598021704,76.20169172248934,22055.181859407276,4935,0
966.25,1.5,9.5,-2.6,1885.9877,67.13883,-0.3381000000001677,9.999999974752427e-05,0.00019999999972242222,0.004970000000000141,-1.9999999992137418e-05,2.842170943040401e-14,7279,0,1,0,1,0,1,1.1,2524.8905863598898,76.2004468239011,22057.4450447378,4936,0
967.75,1.5,9.5,-2.6,1885.6495,67.14379,-0.33819999999991524,-9.999999974752427e-05,-0.00019999999949504854,0.004959999999996967,-1.0000000003174137e-05,9.999999988963282e-06,7280,0,1,0,1,0,1,1.1,2524.8027905782174,76.1992029484961,22059.707824228313,4937,0
969.75,1.5,9.5,-2.6,1885.3114,67.14874,-0.33809999999994034,9.999999997489795e-05,0.00019999999972242222,0.0049500000000080036,-9.999999988963282e-06,1.4210854715202004e-14,7281,0,1,0,1,0,1,1.1,2524.714972480088,76.19796009447954,22061.97019799881,4938,0
970.75,1.5,9.5,-2.6,1884.9731,67.15368,-0.3383000000001175,-0.00020000000017716957,-0.0003000000001520675,0.0049399999999906186,-1.0000000017384991e-05,-2.842170943040401e-14,7282,0,1,0,1,0,1,1.1,2524.6271320472333,76.19671826005766,22064.232165809288,4939,0
970.25,1.5,9.5,-2.6,1884.6348,67.1586,-0.33829999999989013,2.2737367544323206e-13,0.00020000000040454324,0.004920000000012692,-1.9999999977926564e-05,-9.999999960541572e-06,7283,0,1,0,1,0,1,1.1,2524.5392692888527,76.1954774420648,22066.49372765975,4940,0
970.25,1.5,9.5,-2.6,1884.2965,67.163506,-0.3383000000001175,-2.2737367544323206e-13,-4.547473508864641e-13,0.004905999999991195,-1.4000000021496817e-05,5.999999956429747e-06,7284,0,1,0,1,0,1,1.1,2524.4513842141387,76.1942376381606,22068.754883550195,4941,0
970.75,1.5,9.5,-2.6,1883.958,67.168396,-0.33849999999983993,-0.00019999999972242222,-0.00019999999949504854,0.00489000000000317,-1.5999999988025593e-05,-1.999999966528776e-06,7285,0,1,0,1,0,1,1.1,2524.363476804831,76.19299884573154,22071.015633240626,4942,0
970.5,1.5,9.5,-2.6,1883.6195,67.17327,-0.3385000000000673,-2.2737367544323206e-13,0.00019999999949504854,0.004874000000000933,-1.6000000002236447e-05,-1.4210854715202004e-14,7286,0,1,0,1,0,1,1.1,2524.275547070125,76.1917610621655,22073.275976731038,4943,0
971.75,1.5,9.5,-2.6,1883.281,67.17814,-0.3385000000000673,0.0,2.2737367544323206e-13,0.004869999999996821,-4.0000000041118255e-06,1.1999999998124622e-05,7287,0,1,0,1,0,1,1.1,2524.1875950192093,76.19052428649834,22075.535914021435,4944,0
971.25,1.5,9.5,-2.6,1882.9424,67.18299,-0.3386000000000422,-9.999999997489795e-05,-9.999999997489795e-05,0.004850000000004684,-1.9999999992137418e-05,-1.5999999988025593e-05,7288,0,1,0,1,0,1,1.1,2524.099620647551,76.1892885155714,22077.795444991818,4945,0
971.75,1.5,9.5,-2.6,1882.6036,67.18783,-0.338799999999992,-0.0001999999999497959,-9.999999997489795e-05,0.00484000000000151,-1.0000000003174137e-05,9.999999988963282e-06,7289,0,1,0,1,0,1,1.1,2524.0116239369,76.18805374759945,22080.054569402182,4946,0
972.25,1.5,9.5,-2.6,1882.2648,67.19266,-0.338799999999992,0.0,0.0001999999999497959,0.004829999999998336,-1.0000000003174137e-05,0.0,7290,0,1,0,1,0,1,1.1,2523.9236048964476,76.18681998079825,22082.31328725253,4947,0
974.25,1.5,9.5,-2.6,1881.9259,67.197464,-0.3388999999999669,-9.999999997489795e-05,-9.999999997489795e-05,0.004803999999992925,-2.6000000005410584e-05,-1.6000000002236447e-05,7291,0,1,0,1,0,1,1.1,2523.8355635216676,76.18558721119034,22084.571598422863,4948,0
973.25,1.5,9.5,-2.6,1881.5869,67.20226,-0.3389999999999418,-9.999999997489795e-05,0.0,0.004795999999998912,-7.999999994012796e-06,1.8000000011397788e-05,7292,0,1,0,1,0,1,1.1,2523.747499808035,76.18435543726861,22086.829502793178,4949,0
974.25,1.5,9.5,-2.6,1881.2477,67.207054,-0.33920000000011896,-0.00020000000017716957,-0.00010000000020227162,0.004794000000003962,-1.9999999949504854e-06,5.999999999062311e-06,7293,0,1,0,1,0,1,1.1,2523.659413737318,76.18312465834933,22089.08700012348,4950,0
974.0,1.5,9.5,-2.6,1880.9084,67.21182,-0.3392999999998665,-9.999999974752427e-05,0.0001000000004296453,0.004766000000003601,-2.800000000036107e-05,-2.6000000005410584e-05,7294,0,1,0,1,0,1,1.1,2523.5713053050035,76.18189487018505,22091.344090293762,4951,0
974.75,1.5,9.5,-2.6,1880.5691,67.21658,-0.33930000000009386,-2.2737367544323206e-13,9.99999995201506e-05,0.0047599999999903275,-6.000000013273166e-06,2.1999999987087904e-05,7295,0,1,0,1,0,1,1.1,2523.4831745202855,76.18066607154604,22093.60077330403,4952,0
973.75,1.5,9.5,-2.6,1880.2296,67.22133,-0.33950000000004366,-0.0001999999999497959,-0.00019999999972242222,0.004750000000001364,-9.999999988963282e-06,-3.999999975690116e-06,7296,0,1,0,1,0,1,1.1,2523.3950213649446,76.17943826065506,22095.85704891428,4953,0
973.75,1.5,9.5,-2.6,1879.89,67.22606,-0.3395999999997912,-9.999999974752427e-05,0.00010000000020227162,0.004730000000009227,-1.9999999992137418e-05,-1.0000000003174137e-05,7297,0,1,0,1,0,1,1.1,2523.306845834475,76.17821143436558,22098.112917004517,4954,0
974.25,1.5,9.5,-2.6,1879.5503,67.23078,-0.33969999999999345,-0.00010000000020227162,-4.547473508864641e-13,0.004719999999991842,-1.0000000017384991e-05,9.999999974752427e-06,7298,0,1,0,1,0,1,1.1,2523.2186479243733,76.17698559090287,22100.368377454735,4955,0
975.75,1.5,9.5,-2.6,1879.2103,67.23549,-0.3400000000001455,-0.0003000000001520675,-0.0001999999999497959,0.0047100000000028786,-9.999999988963282e-06,2.842170943040401e-14,7299,0,1,0,1,0,1,1.1,2523.13042760274,76.17576072849316,22102.623429904936,4956,0
975.25,1.5,9.5,-2.6,1878.8702,67.24018,-0.34009999999989304,-9.999999974752427e-05,0.00020000000040454324,0.00468999999999653,-2.0000000006348273e-05,-1.0000000017384991e-05,7300,0,1,0,1,0,1,1.1,2523.042184865087,76.17453684399398,22104.878074235123,4957,0
975.75,1.5,9.5,-2.6,1878.53,67.244865,-0.3402000000000953,-0.00010000000020227162,-4.547473508864641e-13,0.004685000000009154,-4.9999999873762135e-06,1.500000001897206e-05,7301,0,1,0,1,0,1,1.1,2522.9539197069294,76.17331393631882,22107.13231032529,4958,0
977.25,1.5,9.5,-2.6,1878.1897,67.249535,-0.3403000000000702,-9.999999997489795e-05,2.2737367544323206e-13,0.004669999999990182,-1.500000001897206e-05,-1.0000000031595846e-05,7302,0,1,0,1,0,1,1.1,2522.8656321237845,76.17209200301245,22109.386138055444,4959,0
978.25,1.5,9.5,-2.6,1877.8491,67.25419,-0.3405999999999949,-0.00029999999992469384,-0.0001999999999497959,0.004654999999999632,-1.499999999055035e-05,2.842170943040401e-14,7303,0,1,0,1,0,1,1.1,2522.77732208379,76.17087104162103,22111.63955706558,4960,0
978.25,1.5,9.5,-2.6,1877.5084,67.258835,-0.3406999999999698,-9.999999997489795e-05,0.0001999999999497959,0.004645000000010668,-9.999999988963282e-06,5.000000001587068e-06,7304,0,1,0,1,0,1,1.1,2522.688989582478,76.16965105037644,22113.892567235704,4961,0
978.5,1.5,9.5,-2.6,1877.1676,67.263466,-0.3407999999999447,-9.999999997489795e-05,0.0,0.0046309999999891716,-1.4000000021496817e-05,-4.000000032533535e-06,7305,0,1,0,1,0,1,1.1,2522.6006346153845,76.16843202696413,22116.145168445808,4962,0
976.75,1.5,9.5,-2.6,1876.8264,67.26808,-0.34120000000007167,-0.00040000000012696546,-0.0003000000001520675,0.004614000000003671,-1.6999999985500835e-05,-2.9999999640040187e-06,7306,0,1,0,1,0,1,1.1,2522.512257136992,76.16721396866019,22118.397360215895,4963,0
976.5,1.5,9.5,-2.6,1876.4852,67.27269,-0.3411999999998443,2.2737367544323206e-13,0.00040000000035433914,0.004609999999999559,-4.0000000041118255e-06,1.299999998138901e-05,7307,0,1,0,1,0,1,1.1,2522.4238571565406,76.16599687452107,22120.649142545964,4964,0
976.75,1.5,9.5,-2.6,1876.1438,67.27728,-0.34140000000002146,-0.00020000000017716957,-0.00020000000040454324,0.0045900000000074215,-1.9999999992137418e-05,-1.5999999988025593e-05,7308,0,1,0,1,0,1,1.1,2522.3354346559036,76.16478074141469,22122.90051519602,4965,0
976.75,1.5,9.5,-2.6,1875.8021,67.28187,-0.34169999999994616,-0.00029999999992469384,-9.999999974752427e-05,0.004589999999993211,-1.4210854715202004e-14,1.9999999977926564e-05,7309,0,1,0,1,0,1,1.1,2522.246989603283,76.16356556894665,22125.15147780606,4966,0
976.25,1.5,9.5,-2.6,1875.4602,67.28644,-0.3419000000001233,-0.00020000000017716957,9.999999974752427e-05,0.004570000000001073,-1.9999999992137418e-05,-1.9999999977926564e-05,7310,0,1,0,1,0,1,1.1,2522.158521980577,76.16235135398713,22127.40203013608,4967,0
976.75,1.5,9.5,-2.6,1875.1182,67.29099,-0.3420000000000982,-9.999999997489795e-05,0.00010000000020227162,0.004549999999994725,-2.0000000006348273e-05,-1.4210854715202004e-14,7311,0,1,0,1,0,1,1.1,2522.07003178337,76.16113809340808,22129.652172066086,4968,0
976.5,1.5,9.5,-2.6,1874.7758,67.29554,-0.3423999999999978,-0.0003999999998995918,-0.00029999999992469384,0.004550000000008936,1.4210854715202004e-14,2.0000000020559128e-05,7312,0,1,0,1,0,1,1.1,2521.9815189662245,76.15992578681801,22131.901903116075,4969,0
975.25,1.5,9.5,-2.6,1874.4332,67.30007,-0.3425999999999476,-0.0001999999999497959,0.0001999999999497959,0.0045300000000025875,-2.0000000006348273e-05,-2.0000000020559128e-05,7313,0,1,0,1,0,1,1.1,2521.8929835110744,76.15871443109107,22134.15122304605,4970,0
975.5,1.4,9.5,-2.6,1874.0906,67.304596,-0.3425999999999476,0.0,0.0001999999999497959,0.004525999999998476,-4.0000000041118255e-06,1.6000000002236447e-05,7314,0,1,0,1,0,1,1.2000000000000002,2521.8044254272045,76.1575040252905,22136.400131856004,4971,0
976.25,1.4,9.5,-2.6,1873.7476,67.309105,-0.3430000000000746,-0.00040000000012696546,-0.00040000000012696546,0.004508999999998764,-1.699999999971169e-05,-1.2999999995599865e-05,7315,0,1,0,1,0,1,1.2000000000000002,2521.7158446692183,76.15629456670312,22138.648629065945,4972,0
977.25,1.4,9.5,-2.6,1873.4043,67.3136,-0.3432999999999993,-0.00029999999992469384,0.00010000000020227162,0.004494999999991478,-1.4000000007285962e-05,2.999999992425728e-06,7316,0,1,0,1,0,1,1.2000000000000002,2521.627241205412,76.1550860530272,22140.89671431587,4973,0
976.75,1.4,9.5,-2.6,1873.0608,67.318085,-0.34349999999994907,-0.0001999999999497959,9.999999997489795e-05,0.004485000000002515,-9.999999988963282e-06,4.00000001832268e-06,7317,0,1,0,1,0,1,1.2000000000000002,2521.538615017764,76.15387848250887,22143.144387365774,4974,0
976.25,1.4,9.5,-2.6,1872.717,67.32256,-0.34379999999987376,-0.00029999999992469384,-9.999999997489795e-05,0.004474999999999341,-1.0000000003174137e-05,-1.4210854715202004e-14,7318,0,1,0,1,0,1,1.2000000000000002,2521.4499660746005,76.15267185339526,22145.391647855664,4975,0
976.25,1.4,9.5,-2.6,1872.373,67.32703,-0.34400000000005093,-0.00020000000017716957,9.999999974752427e-05,0.0044699999999977535,-5.000000001587068e-06,5.000000001587068e-06,7319,0,1,0,1,0,1,1.2000000000000002,2521.3612943579233,76.15146616461749,22147.63849554554,4976,0
978.75,1.4,9.5,-2.6,1872.0288,67.331474,-0.3442000000000007,-0.0001999999999497959,2.2737367544323206e-13,0.004444000000006554,-2.599999999119973e-05,-2.099999998961266e-05,7320,0,1,0,1,0,1,1.2000000000000002,2521.272599849747,76.15026141223876,22149.884930195396,4977,0
978.5,1.4,9.5,-2.6,1871.6842,67.335915,-0.3446000000001277,-0.00040000000012696546,-0.00020000000017716957,0.004440999999999917,-3.000000006636583e-06,2.2999999984563146e-05,7321,0,1,0,1,0,1,1.2000000000000002,2521.18388250478,76.14905759546573,22152.130951325238,4978,0
976.25,1.4,9.5,-2.6,1871.3394,67.34034,-0.3447999999998501,-0.00019999999972242222,0.00020000000040454324,0.004424999999997681,-1.6000000002236447e-05,-1.2999999995599865e-05,7322,0,1,0,1,0,1,1.2000000000000002,2521.095142305066,76.14785471173018,22154.37655869506,4979,0
976.5,1.4,9.5,-2.6,1870.9943,67.34476,-0.3451000000000022,-0.0003000000001520675,-0.0001000000004296453,0.004419999999996094,-5.000000001587068e-06,1.100000000064938e-05,7323,0,1,0,1,0,1,1.2000000000000002,2521.0063792190062,76.14665275996722,22156.62175194487,4980,0
977.25,1.4,9.5,-2.6,1870.6489,67.34916,-0.34540000000015425,-0.0003000000001520675,0.0,0.004400000000003956,-1.9999999992137418e-05,-1.499999999055035e-05,7324,0,1,0,1,0,1,1.2000000000000002,2520.917593215017,76.14545173706485,22158.866530714662,4981,0
978.25,1.4,9.5,-2.6,1870.3032,67.35355,-0.34569999999985157,-0.00029999999969732016,4.547473508864641e-13,0.004390000000000782,-1.0000000003174137e-05,9.999999988963282e-06,7325,0,1,0,1,0,1,1.2000000000000002,2520.8287842615346,76.14425164127765,22161.110894644436,4982,0
979.25,1.4,9.5,-2.6,1869.9573,67.35794,-0.34590000000002874,-0.00020000000017716957,9.99999995201506e-05,0.004390000000000782,0.0,1.0000000003174137e-05,7326,0,1,0,1,0,1,1.2000000000000002,2520.739952340658,76.143052472226,22163.354843494195,4983,0
979.25,1.4,9.5,-2.6,1869.611,67.362305,-0.34629999999992833,-0.0003999999998995918,-0.00019999999972242222,0.004365000000007058,-2.4999999993724487e-05,-2.4999999993724487e-05,7327,0,1,0,1,0,1,1.2000000000000002,2520.6510974072053,76.141854226119,22165.598376783935,4984,0
979.75,1.4,9.5,-2.6,1869.2643,67.36667,-0.3467000000000553,-0.00040000000012696546,-2.2737367544323206e-13,0.004364999999992847,-1.4210854715202004e-14,2.4999999979513632e-05,7328,0,1,0,1,0,1,1.2000000000000002,2520.5622194160183,76.1406569025788,22167.84149403366,4985,0
979.75,1.4,9.5,-2.6,1868.9174,67.37102,-0.3469000000000051,-0.0001999999999497959,0.00020000000017716957,0.0043500000000022965,-1.499999999055035e-05,-1.4999999976339495e-05,7329,0,1,0,1,0,1,1.2000000000000002,2520.47331834925,76.13946049918144,22170.08419500337,4986,0
980.25,1.4,9.5,-2.6,1868.5702,67.37535,-0.3471999999999298,-0.00029999999992469384,-9.999999997489795e-05,0.004329999999995948,-2.0000000006348273e-05,-5.000000015797923e-06,7330,0,1,0,1,0,1,1.2000000000000002,2520.38439417542,76.13826501282226,22172.32647933306,4987,0
980.25,1.4,9.5,-2.6,1868.2225,67.37968,-0.34770000000003165,-0.0005000000001018634,-0.00020000000017716957,0.004329999999995948,0.0,2.0000000006348273e-05,7331,0,1,0,1,0,1,1.2000000000000002,2520.2954468357884,76.13707044312602,22174.568346422733,4988,0
980.25,1.4,9.5,-2.6,1867.8746,67.383995,-0.34789999999998145,-0.0001999999999497959,0.0003000000001520675,0.004315000000005398,-1.499999999055035e-05,-1.499999999055035e-05,7332,0,1,0,1,0,1,1.2000000000000002,2520.2064763125595,76.13587678767217,22176.80979603239,4989,0
978.25,1.4,9.5,-2.6,1867.5264,67.3883,-0.3482000000001335,-0.0003000000001520675,-0.00010000000020227162,0.004305000000002224,-1.0000000003174137e-05,4.9999999873762135e-06,7333,0,1,0,1,0,1,1.2000000000000002,2520.117482574311,76.13468404472322,22179.05082780203,4990,0
978.75,1.4,9.5,-2.6,1867.1779,67.39259,-0.3485000000000582,-0.00029999999992469384,2.2737367544323206e-13,0.0042899999999974625,-1.5000000004761205e-05,-5.000000001587068e-06,7334,0,1,0,1,0,1,1.2000000000000002,2520.0284655896385,76.13349221186094,22181.291441371657,4991,0
978.25,1.4,9.5,-2.6,1866.8289,67.39687,-0.3489999999999327,-0.0004999999998744897,-0.0001999999999497959,0.004280000000008499,-9.999999988963282e-06,5.000000015797923e-06,7335,0,1,0,1,0,1,1.2000000000000002,2519.9394252998914,76.13230128735006,22183.531636141266,4992,0
979.25,1.4,9.5,-2.6,1866.4796,67.401146,-0.34930000000008476,-0.0003000000001520675,0.00019999999972242222,0.0042759999999901765,-4.00000001832268e-06,5.9999999706406015e-06,7336,0,1,0,1,0,1,1.2000000000000002,2519.8503616737084,76.13111127027396,22185.771411750855,4993,0
979.25,1.4,9.5,-2.6,1866.1299,67.40541,-0.34969999999998436,-0.0003999999998995918,-9.999999974752427e-05,0.004264000000006263,-1.1999999983913767e-05,-7.999999965591087e-06,7337,0,1,0,1,0,1,1.2000000000000002,2519.7612746661216,76.12992215862634,22188.01076772043,4994,0
980.25,1.4,9.5,-2.6,1865.7798,67.40966,-0.35009999999988395,-0.0003999999998995918,0.0,0.004249999999998977,-1.4000000007285962e-05,-2.000000023372195e-06,7338,0,1,0,1,0,1,1.2000000000000002,2519.6721642321845,76.12873395012944,22190.24970356999,4995,0
980.25,1.4,9.5,-2.6,1865.4294,67.4139,-0.350400000000036,-0.0003000000001520675,9.999999974752427e-05,0.004239999999995803,-1.0000000003174137e-05,4.0000000041118255e-06,7339,0,1,0,1,0,1,1.2000000000000002,2519.583030340599,76.12754664305177,22192.48821893953,4996,0
981.75,1.4,9.5,-2.6,1865.0786,67.41813,-0.3507999999999356,-0.0003999999998995918,-9.999999974752427e-05,0.004230000000006839,-9.999999988963282e-06,1.4210854715202004e-14,7340,0,1,0,1,0,1,1.2000000000000002,2519.4938729464648,76.12636023566272,22194.726313349052,4997,0
982.75,1.4,9.5,-2.6,1864.7274,67.42235,-0.3512000000000626,-0.00040000000012696546,-2.2737367544323206e-13,0.004219999999989454,-1.0000000017384991e-05,-2.842170943040401e-14,7341,0,1,0,1,0,1,1.2000000000000002,2519.404692004903,76.12517472623263,22196.96398631856,4998,0
982.75,1.4,9.5,-2.6,1864.3759,67.42656,-0.35149999999998727,-0.00029999999992469384,0.00010000000020227162,0.004210000000000491,-9.999999988963282e-06,2.842170943040401e-14,7342,0,1,0,1,0,1,1.2000000000000002,2519.3154874846796,76.12399011303283,22199.20123748805,4999,0
982.25,1.4,9.5,-2.6,1864.0238,67.430756,-0.35210000000006403,-0.0006000000000767614,-0.0003000000001520675,0.004196000000007416,-1.3999999993075107e-05,-4.0000000041118255e-06,7343,0,1,0,1,0,1,1.2000000000000002,2519.2262593137257,76.12280639379085,22201.43806613752,5000,0
982.25,1.4,9.5,-2.6,1863.6715,67.434944,-0.3523000000000138,-0.0001999999999497959,0.00040000000012696546,0.004187999999999192,-8.000000008223651e-06,5.999999984851456e-06,7344,0,1,0,1,0,1,1.2000000000000002,2519.1370074744723,76.12162356705242,22203.674472026978,5001,0
981.25,1.4,9.5,-2.6,1863.3186,67.439125,-0.3528999999998632,-0.0005999999998493877,-0.0003999999998995918,0.004181000000002655,-6.999999996537554e-06,1.0000000116860974e-06,7345,0,1,0,1,0,1,1.2000000000000002,2519.047731894909,76.12044163150014,22205.910454436416,5002,0
980.25,1.4,9.5,-2.6,1862.9655,67.44329,-0.3531000000000404,-0.00020000000017716957,0.0003999999996722181,0.004165000000000418,-1.6000000002236447e-05,-9.000000005698894e-06,7346,0,1,0,1,0,1,1.2000000000000002,2518.958432557506,76.11926058459235,22208.14601312584,5003,0
980.25,1.4,9.5,-2.6,1862.6118,67.44745,-0.35370000000011714,-0.0006000000000767614,-0.0003999999998995918,0.004159999999998831,-5.000000001587068e-06,1.100000000064938e-05,7347,0,1,0,1,0,1,1.2000000000000002,2518.86910939031,76.1180804252858,22210.381147375247,5004,0
981.25,1.4,9.5,-2.6,1862.2577,67.4516,-0.35409999999978936,-0.0003999999996722181,0.00020000000040454324,0.004149999999995657,-1.0000000003174137e-05,-5.000000001587068e-06,7348,0,1,0,1,0,1,1.2000000000000002,2518.7797623486185,76.1169011518574,22212.615856704633,5005,0
982.25,1.4,9.5,-2.6,1861.9032,67.455734,-0.3545000000001437,-0.00040000000035433914,-6.821210263296962e-13,0.004134000000007632,-1.5999999988025593e-05,-5.999999984851456e-06,7349,0,1,0,1,0,1,1.2000000000000002,2518.690391387755,76.11572276176871,22214.850140634004,5006,0
981.25,1.4,9.5,-2.6,1861.5483,67.45986,-0.3549000000000433,-0.0003999999998995918,4.547473508864641e-13,0.004125999999999408,-8.000000008223651e-06,7.999999979801942e-06,7350,0,1,0,1,0,1,1.2000000000000002,2518.600996463066,76.11454525357095,22217.08399868336,5007,0
981.0,1.4,9.5,-2.6,1861.1929,67.46398,-0.3553999999999178,-0.0004999999998744897,-9.999999997489795e-05,0.004120000000000346,-5.999999999062311e-06,2.00000000916134e-06,7351,0,1,0,1,0,1,1.2000000000000002,2518.511577516322,76.11336862608815,22219.317430252697,5008,0
980.25,1.4,9.5,-2.6,1860.837,67.468094,-0.35590000000001965,-0.0005000000001018634,-2.2737367544323206e-13,0.0041139999999870724,-6.000000013273166e-06,-1.4210854715202004e-14,7352,0,1,0,1,0,1,1.2000000000000002,2518.422134489324,76.11219287814498,22221.550434742017,5009,0
980.75,1.4,9.5,-2.6,1860.4808,67.47219,-0.35619999999994434,-0.00029999999992469384,0.00020000000017716957,0.004096000000004096,-1.7999999982976078e-05,-1.1999999969702912e-05,7353,0,1,0,1,0,1,1.2000000000000002,2518.3326673511015,76.11101800693501,22223.78301179132,5010,0
981.25,1.4,9.5,-2.6,1860.124,67.47628,-0.3568000000000211,-0.0006000000000767614,-0.0003000000001520675,0.004090000000005034,-5.999999999062311e-06,1.1999999983913767e-05,7354,0,1,0,1,0,1,1.2000000000000002,2518.243176029912,76.10984401128484,22226.015160680607,5011,0
982.75,1.4,9.5,-2.6,1859.7668,67.480354,-0.3571999999999207,-0.0003999999998995918,0.00020000000017716957,0.004074000000002798,-1.6000000002236447e-05,-1.0000000003174137e-05,7355,0,1,0,1,0,1,1.2000000000000002,2518.1536604812395,76.10867088866232,22228.246880929873,5012,0
984.75,1.4,9.5,-2.6,1859.409,67.48443,-0.35779999999999745,-0.0006000000000767614,-0.00020000000017716957,0.004075999999997748,1.9999999949504854e-06,1.7999999997186933e-05,7356,0,1,0,1,0,1,1.2000000000000002,2518.0641206334103,76.10749863898327,22230.478171819126,5013,0
984.25,1.4,9.5,-2.6,1859.0509,67.48849,-0.3581000000001495,-0.0003000000001520675,0.00029999999992469384,0.004059999999995512,-1.6000000002236447e-05,-1.7999999997186933e-05,7357,0,1,0,1,0,1,1.2000000000000002,2517.9745564555587,76.1063272597173,22232.70903298836,5014,0
985.25,1.4,9.5,-2.6,1858.6923,67.49254,-0.358600000000024,-0.0004999999998744897,-0.00019999999972242222,0.004050000000006548,-9.999999988963282e-06,6.000000013273166e-06,7358,0,1,0,1,0,1,1.2000000000000002,2517.884967889659,76.1051567491507,22234.939463837578,5015,0
986.25,1.4,9.5,-2.6,1858.3331,67.49658,-0.3591999999998734,-0.0005999999998493877,-9.999999997489795e-05,0.004039999999989163,-1.0000000017384991e-05,-2.842170943040401e-14,7359,0,1,0,1,0,1,1.2000000000000002,2517.7953548641303,76.10398710557065,22237.16946364678,5016,0
984.75,1.4,9.5,-2.6,1857.9734,67.50061,-0.35969999999997526,-0.0005000000001018634,9.999999974752427e-05,0.0040300000000002,-9.999999988963282e-06,2.842170943040401e-14,7360,0,1,0,1,0,1,1.2000000000000002,2517.705717321016,76.10281832726531,22239.39903181596,5017,0
984.75,1.4,9.5,-2.6,1857.6133,67.50464,-0.3601000000001022,-0.00040000000012696546,9.999999997489795e-05,0.0040300000000002,0.0,9.999999988963282e-06,7361,0,1,0,1,0,1,1.2000000000000002,2517.616055215974,76.10165041388211,22241.628167865125,5018,0
983.75,1.4,9.5,-2.6,1857.2526,67.50865,-0.3606999999999516,-0.0005999999998493877,-0.00019999999972242222,0.004010000000008063,-1.9999999992137418e-05,-1.9999999992137418e-05,7362,0,1,0,1,0,1,1.2000000000000002,2517.5263684775227,76.1004833623523,22243.856871074273,5019,0
981.25,1.4,9.5,-2.6,1856.8914,67.51265,-0.3612000000000535,-0.0005000000001018634,9.999999974752427e-05,0.003999999999990678,-1.0000000017384991e-05,9.999999974752427e-06,7363,0,1,0,1,0,1,1.2000000000000002,2517.4366570478,76.09931717096686,22246.085140843406,5020,0
979.75,1.4,9.5,-2.6,1856.5297,67.51665,-0.36169999999992797,-0.0004999999998744897,2.2737367544323206e-13,0.0040000000000048885,1.4210854715202004e-14,1.0000000031595846e-05,7364,0,1,0,1,0,1,1.2000000000000002,2517.346920868975,76.09815183937542,22248.312976572517,5021,0
980.75,1.4,9.5,-2.6,1856.1675,67.52064,-0.36220000000002983,-0.0005000000001018634,-2.2737367544323206e-13,0.003990000000001714,-1.0000000003174137e-05,-1.0000000017384991e-05,7365,0,1,0,1,0,1,1.2000000000000002,2517.2571598832474,76.0969873658702,22250.540377661615,5022,0
980.5,1.4,9.5,-2.6,1855.8047,67.52461,-0.3628000000001066,-0.0006000000000767614,-9.999999997489795e-05,0.003969999999995366,-2.0000000006348273e-05,-1.0000000003174137e-05,7366,0,1,0,1,0,1,1.2000000000000002,2517.167374019275,76.095823747387,22252.767343390693,5023,0
981.25,1.4,9.5,-2.6,1855.4414,67.52858,-0.3632999999999811,-0.0004999999998744897,0.00010000000020227162,0.003970000000009577,1.4210854715202004e-14,2.0000000020559128e-05,7367,0,1,0,1,0,1,1.2000000000000002,2517.077563219327,76.09466098357763,22254.993873159754,5024,0
981.0,1.4,9.5,-2.6,1855.0775,67.53254,-0.36389999999983047,-0.0005999999998493877,-9.999999997489795e-05,0.003959999999992192,-1.0000000017384991e-05,-1.0000000031595846e-05,7368,0,1,0,1,0,1,1.2000000000000002,2516.987727412132,76.09349907273715,22257.2199662488,5025,0
981.75,1.4,9.5,-2.6,1854.7131,67.53649,-0.3644000000001597,-0.0005000000003292371,9.99999995201506e-05,0.003950000000003229,-9.999999988963282e-06,2.842170943040401e-14,7369,0,1,0,1,0,1,1.2000000000000002,2516.8978665400273,76.09233801316147,22259.445622057825,5026,0
981.75,1.4,9.5,-2.6,1854.3483,67.540436,-0.3647999999998319,-0.0003999999996722181,0.00010000000065701897,0.003945999999999117,-4.0000000041118255e-06,5.999999984851456e-06,7370,0,1,0,1,0,1,1.2000000000000002,2516.807980558947,76.09117780396147,22261.67084010683,5027,0
982.25,1.4,9.5,-2.6,1853.9827,67.544365,-0.36560000000008586,-0.0008000000002539309,-0.0004000000005817128,0.003928999999999405,-1.699999999971169e-05,-1.2999999995599865e-05,7371,0,1,0,1,0,1,1.2000000000000002,2516.7180693705914,76.09001844248507,22263.895619435825,5028,0
983.25,1.4,9.5,-2.6,1853.6166,67.548294,-0.36609999999996035,-0.0004999999998744897,0.0003000000003794412,0.003928999999999405,0.0,1.699999999971169e-05,7372,0,1,0,1,0,1,1.2000000000000002,2516.628132917401,76.08885992838736,22266.119959444797,5029,0
982.75,1.4,9.5,-2.6,1853.25,67.55221,-0.3666000000000622,-0.0005000000001018634,-2.2737367544323206e-13,0.003916000000003805,-1.2999999995599865e-05,-1.2999999995599865e-05,7373,0,1,0,1,0,1,1.2000000000000002,2516.5381711418495,76.08770225956063,22268.343859533754,5030,0
983.75,1.4,9.5,-2.6,1852.8827,67.556114,-0.3672999999998865,-0.0006999999998242856,-0.00019999999972242222,0.00390399999999147,-1.2000000012335477e-05,9.99999983264388e-07,7374,0,1,0,1,0,1,1.2000000000000002,2516.448183959322,76.0865454340339,22270.567318862693,5031,0
985.25,1.4,9.5,-2.6,1852.5149,67.56001,-0.36780000000021573,-0.0005000000003292371,0.00019999999949504854,0.003896000000011668,-7.999999979801942e-06,4.000000032533535e-06,7375,0,1,0,1,0,1,1.2000000000000002,2516.358171312364,76.08538945037961,22272.790336831615,5032,0
986.25,1.4,9.5,-2.6,1852.1465,67.5639,-0.36839999999983775,-0.000599999999622014,-9.999999929277692e-05,0.0038899999999983947,-6.000000013273166e-06,1.999999966528776e-06,7376,0,1,0,1,0,1,1.2000000000000002,2516.2681331299987,76.08423430744206,22275.012912720515,5033,0
985.25,1.4,9.5,-2.6,1851.7775,67.56779,-0.3690000000001419,-0.000600000000304135,-6.821210263296962e-13,0.0038899999999983947,0.0,6.000000013273166e-06,7377,0,1,0,1,0,1,1.2000000000000002,2516.178069341285,76.08308000487938,22277.2350458094,5034,0
983.75,1.4,9.5,-2.6,1851.4078,67.57166,-0.36969999999996617,-0.0006999999998242856,-9.99999995201506e-05,0.0038699999999920465,-2.0000000006348273e-05,-2.0000000006348273e-05,7378,0,1,0,1,0,1,1.2000000000000002,2516.0879798617702,76.08192653963951,22279.45673525827,5035,0
984.75,1.4,9.5,-2.6,1851.0377,67.57552,-0.37009999999986576,-0.0003999999998995918,0.00029999999992469384,0.003860000000003083,-9.999999988963282e-06,1.0000000017384991e-05,7379,0,1,0,1,0,1,1.2000000000000002,2515.997864647696,76.0807739100271,22281.67798058712,5036,0
985.75,1.4,9.5,-2.6,1850.6669,67.579384,-0.3708000000001448,-0.000700000000279033,-0.0003000000003794412,0.003864000000007195,4.0000000041118255e-06,1.3999999993075107e-05,7380,0,1,0,1,0,1,1.2000000000000002,2515.9077236146863,76.07962211624442,22283.89878095595,5037,0
984.25,1.4,9.5,-2.6,1850.2954,67.58324,-0.3714999999999691,-0.0006999999998242856,4.547473508864641e-13,0.0038559999999989714,-8.000000008223651e-06,-1.2000000012335477e-05,7381,0,1,0,1,0,1,1.2000000000000002,2515.817556678407,76.07847115686806,22286.119135524765,5038,0
982.75,1.4,9.5,-2.6,1849.9233,67.587074,-0.37210000000004584,-0.0006000000000767614,9.999999974752427e-05,0.0038339999999976726,-2.200000000129876e-05,-1.3999999993075107e-05,7382,0,1,0,1,0,1,1.2000000000000002,2515.727363768116,76.07732102857918,22288.33904357356,5039,0
983.75,1.4,9.5,-2.6,1849.5507,67.59091,-0.37259999999992033,-0.0004999999998744897,0.00010000000020227162,0.003835999999992623,1.9999999949504854e-06,2.3999999996249244e-05,7383,0,1,0,1,0,1,1.2000000000000002,2515.6371448266523,76.07617173131094,22290.55850450234,5040,0
984.25,1.4,9.5,-2.6,1849.1772,67.594734,-0.3734999999999218,-0.0009000000000014552,-0.00040000000012696546,0.0038240000000087093,-1.1999999983913767e-05,-1.3999999978864253e-05,7384,0,1,0,1,0,1,1.2000000000000002,2515.546899742722,76.07502326310087,22292.7775172311,5041,0
984.75,1.4,9.5,-2.6,1848.8033,67.59855,-0.37390000000004875,-0.00040000000012696546,0.0004999999998744897,0.0038160000000004857,-8.000000008223651e-06,3.999999975690116e-06,7385,0,1,0,1,0,1,1.2000000000000002,2515.4566284727866,76.0738756225291,22294.99608127984,5042,0
985.25,1.4,9.5,-2.6,1848.4287,67.60236,-0.3746000000001004,-0.0007000000000516593,-0.00029999999992469384,0.0038100000000014234,-5.999999999062311e-06,2.00000000916134e-06,7386,0,1,0,1,0,1,1.2000000000000002,2515.3663309327194,76.07272880844728,22297.214195808567,5043,0
985.5,1.4,9.5,-2.6,1848.0533,67.60616,-0.3753999999998996,-0.0007999999997991836,-9.999999974752427e-05,0.0037999999999982492,-1.0000000003174137e-05,-4.0000000041118255e-06,7387,0,1,0,1,0,1,1.2000000000000002,2515.276007024905,76.07158281916621,22299.431859857275,5044,0
985.75,1.4,9.5,-2.6,1847.6774,67.609955,-0.37590000000000146,-0.0005000000001018634,0.00029999999969732016,0.003794999999996662,-5.000000001587068e-06,5.000000001587068e-06,7388,0,1,0,1,0,1,1.2000000000000002,2515.1856566923807,76.07043765367438,22301.649072825963,5045,0
986.75,1.4,9.5,-2.6,1847.3008,67.61375,-0.3766000000000531,-0.0007000000000516593,-0.0001999999999497959,0.003794999999996662,0.0,5.000000001587068e-06,7389,0,1,0,1,0,1,1.2000000000000002,2515.09527985115,76.06929331163735,22303.86583387463,5046,0
986.5,1.4,9.5,-2.6,1846.9236,67.61752,-0.3771999999999025,-0.0005999999998493877,0.00010000000020227162,0.0037700000000029377,-2.4999999993724487e-05,-2.4999999993724487e-05,7390,0,1,0,1,0,1,1.2000000000000002,2515.0048764307944,76.06814978933838,22306.082142283285,5047,0
987.25,1.4,9.5,-2.6,1846.5455,67.62129,-0.37810000000013133,-0.0009000000002288289,-0.0003000000003794412,0.0037700000000029377,0.0,2.4999999993724487e-05,7391,0,1,0,1,0,1,1.2000000000000002,2514.9144463203465,76.0670070864448,22308.29799697192,5048,0
985.75,1.4,9.5,-2.6,1846.1669,67.62506,-0.3786000000000058,-0.0004999999998744897,0.00040000000035433914,0.0037700000000029377,0.0,0.0,7392,0,1,0,1,0,1,1.2000000000000002,2514.8239894630055,76.0658652026241,22310.513397340535,5049,0
984.25,1.4,9.5,-2.6,1845.7876,67.628815,-0.3792999999998301,-0.0006999999998242856,-0.0001999999999497959,0.0037549999999981765,-1.5000000004761205e-05,-1.5000000004761205e-05,7393,0,1,0,1,0,1,1.2000000000000002,2514.733505774953,76.06472413551529,22312.728342549133,5050,0
984.75,1.4,9.5,-2.6,1845.4076,67.63256,-0.38000000000010914,-0.000700000000279033,-4.547473508864641e-13,0.0037449999999950023,-1.0000000003174137e-05,5.000000001587068e-06,7394,0,1,0,1,0,1,1.2000000000000002,2514.6429951724135,76.06358388343475,22314.94283175771,5051,0
987.25,1.4,9.5,-2.6,1845.0269,67.63631,-0.3806999999999334,-0.0006999999998242856,4.547473508864641e-13,0.0037499999999965894,5.000000001587068e-06,1.5000000004761205e-05,7395,0,1,0,1,0,1,1.2000000000000002,2514.5524575716604,76.06244444672795,22317.156864126275,5052,0
986.25,1.4,9.5,-2.6,1844.6454,67.64004,-0.38149999999996,-0.0008000000000265572,-0.00010000000020227162,0.003730000000004452,-1.9999999992137418e-05,-2.4999999993724487e-05,7396,0,1,0,1,0,1,1.2000000000000002,2514.46189287549,76.06130582236042,22319.370438694816,5053,0
986.75,1.4,9.5,-2.6,1844.2632,67.64377,-0.38220000000001164,-0.0007000000000516593,9.999999997489795e-05,0.003730000000004452,0.0,1.9999999992137418e-05,7397,0,1,0,1,0,1,1.2000000000000002,2514.3713010002703,76.06016801000271,22321.583554623343,5054,0
985.75,1.4,9.5,-2.6,1843.8804,67.64749,-0.3828000000000884,-0.0006000000000767614,9.999999997489795e-05,0.003720000000001278,-1.0000000003174137e-05,-1.0000000003174137e-05,7398,0,1,0,1,0,1,1.2000000000000002,2514.280681875929,76.05903100797406,22323.79621119185,5055,0
985.25,1.4,9.5,-2.6,1843.4968,67.6512,-0.38360000000011496,-0.0008000000000265572,-0.0001999999999497959,0.0037099999999981037,-1.0000000003174137e-05,0.0,7399,0,1,0,1,0,1,1.2000000000000002,2514.190035405405,76.05789481459459,22326.008407440335,5056,0
985.25,1.4,9.5,-2.6,1843.1124,67.65491,-0.38439999999991414,-0.0007999999997991836,2.2737367544323206e-13,0.0037099999999981037,0.0,1.0000000003174137e-05,7400,0,1,0,1,0,1,1.2000000000000002,2514.0993614916906,76.05675942953656,22328.220142408805,5057,0
986.25,1.4,9.5,-2.6,1842.7274,67.65861,-0.3849999999999909,-0.0006000000000767614,0.00019999999972242222,0.0036999999999949296,-1.0000000003174137e-05,-1.0000000003174137e-05,7401,0,1,0,1,0,1,1.2000000000000002,2514.008660064847,76.05562485112131,22330.431415377258,5058,0
985.25,1.4,9.5,-2.6,1842.3416,67.6623,-0.38580000000001746,-0.0008000000000265572,-0.0001999999999497959,0.0036900000000059663,-9.999999988963282e-06,1.4210854715202004e-14,7402,0,1,0,1,0,1,1.2000000000000002,2513.9179310279615,76.05449107767122,22332.642225385687,5059,0
984.25,1.4,9.5,-2.6,1841.9551,67.665985,-0.3865000000000691,-0.0007000000000516593,9.999999997489795e-05,0.0036850000000043792,-5.000000001587068e-06,4.9999999873762135e-06,7403,0,1,0,1,0,1,1.2000000000000002,2513.8271742976767,76.05335810818477,22334.852571594103,5060,0
985.75,1.4,9.5,-2.6,1841.5677,67.66966,-0.3873999999998432,-0.0008999999997740815,-0.00019999999972242222,0.0036749999999869942,-1.0000000017384991e-05,-5.000000015797923e-06,7404,0,1,0,1,0,1,1.2000000000000002,2513.7363897636733,76.05222594098582,22337.0624529225,5061,0
986.25,1.4,9.5,-2.6,1841.1797,67.67333,-0.38800000000014734,-0.000600000000304135,0.0002999999994699465,0.003670000000013829,-4.999999973165359e-06,5.000000044219632e-06,7405,0,1,0,1,0,1,1.2000000000000002,2513.6455773561975,76.05109457507427,22339.271868650874,5062,0
985.25,1.4,9.5,-2.6,1840.7909,67.677,-0.3887999999999465,-0.0007999999997991836,-0.00019999999949504854,0.003669999999999618,-1.4210854715202004e-14,4.999999958954504e-06,7406,0,1,0,1,0,1,1.2000000000000002,2513.5547369785336,76.04996401012555,22341.480817819232,5063,0
985.25,1.4,9.5,-2.6,1840.4012,67.68066,-0.389699999999948,-0.0009000000000014552,-0.00010000000020227162,0.003659999999996444,-1.0000000003174137e-05,-9.999999988963282e-06,7407,0,1,0,1,0,1,1.2000000000000002,2513.463868520518,76.04883424446544,22343.68929934757,5064,0
987.25,1.4,9.5,-2.6,1840.011,67.68431,-0.39020000000004984,-0.0005000000001018634,0.0003999999998995918,0.0036499999999932697,-1.0000000003174137e-05,0.0,7408,0,1,0,1,0,1,1.2000000000000002,2513.372971926036,76.04770527642057,22345.89731263589,5065,0
987.0,1.4,9.5,-2.6,1839.6198,67.68796,-0.3912000000000262,-0.0009999999999763531,-0.0004999999998744897,0.0036500000000074806,1.4210854715202004e-14,1.0000000017384991e-05,7409,0,1,0,1,0,1,1.2000000000000002,2513.282047071525,76.046577105668,22348.104856484195,5066,0
988.25,1.4,9.5,-2.6,1839.2278,67.6916,-0.39200000000005275,-0.0008000000000265572,0.0001999999999497959,0.0036399999999900956,-1.0000000017384991e-05,-1.0000000031595846e-05,7410,0,1,0,1,0,1,1.2000000000000002,2513.191093860478,76.04544973053568,22350.311929932475,5067,0
988.75,1.4,9.5,-2.6,1838.8351,67.69523,-0.39269999999987704,-0.0006999999998242856,0.00010000000020227162,0.0036300000000011323,-9.999999988963282e-06,2.842170943040401e-14,7411,0,1,0,1,0,1,1.2000000000000002,2513.1001122099296,76.04432314935241,22352.51853214074,5068,0
987.75,1.4,9.5,-2.6,1838.4415,67.69885,-0.39360000000010587,-0.0009000000002288289,-0.00020000000040454324,0.003619999999997958,-1.0000000003174137e-05,-1.4210854715202004e-14,7412,0,1,0,1,0,1,1.2000000000000002,2513.0091020099826,76.04319736044786,22354.724662028988,5069,0
985.75,1.4,9.5,-2.6,1838.0472,67.70248,-0.39429999999993015,-0.0006999999998242856,0.00020000000040454324,0.0036300000000011323,1.0000000003174137e-05,2.0000000006348273e-05,7413,0,1,0,1,0,1,1.2000000000000002,2512.9180631777717,76.04207236485027,22356.93031875721,5070,0
986.75,1.3,9.5,-2.6,1837.6521,67.70609,-0.3950999999999567,-0.0008000000000265572,-0.00010000000020227162,0.003610000000008995,-1.9999999992137418e-05,-2.9999999995311555e-05,7414,0,1,0,1,0,1,1.3,2512.8269956169925,76.04094815954147,22359.13550136542,5071,0
986.25,1.3,9.5,-2.6,1837.2561,67.7097,-0.39599999999995816,-0.0009000000000014552,-9.999999997489795e-05,0.003609999999994784,-1.4210854715202004e-14,1.9999999977926564e-05,7415,0,1,0,1,0,1,1.3,2512.735899217907,76.03982474420172,22361.340208773607,5072,0
986.25,1.3,9.5,-2.6,1836.8594,67.7133,-0.3967000000000098,-0.0007000000000516593,0.0001999999999497959,0.0036000000000058208,-9.999999988963282e-06,-9.999999974752427e-06,7416,0,1,0,1,0,1,1.3,2512.644773897802,76.03870211716327,22363.544440141777,5073,0
986.5,1.3,9.5,-2.6,1836.4618,67.716896,-0.3976000000000113,-0.0009000000000014552,-0.0001999999999497959,0.003596000000001709,-4.0000000041118255e-06,5.999999984851456e-06,7417,0,1,0,1,0,1,1.3,2512.5536195470477,76.03758027756807,22365.74819438993,5074,0
986.5,1.3,9.5,-2.6,1836.0634,67.72048,-0.39840000000003783,-0.0008000000000265572,9.999999997489795e-05,0.0035839999999893735,-1.2000000012335477e-05,-8.000000008223651e-06,7418,0,1,0,1,0,1,1.3,2512.462436069551,76.03645922348025,22367.95147055806,5075,0
985.75,1.3,9.5,-2.6,1835.6641,67.72407,-0.3993000000000393,-0.0009000000000014552,-9.999999997489795e-05,0.0035900000000026466,6.000000013273166e-06,1.8000000025608642e-05,7419,0,1,0,1,0,1,1.3,2512.371223355795,76.03533895539084,22370.15426756617,5076,0
986.75,1.3,9.5,-2.6,1835.2639,67.727646,-0.40020000000004075,-0.0009000000000014552,0.0,0.0035759999999953607,-1.4000000007285962e-05,-2.0000000020559128e-05,7420,0,1,0,1,0,1,1.3,2512.2799812963212,76.03421947109554,22372.356584334262,5077,0
986.25,1.3,9.5,-2.6,1834.8629,67.73122,-0.40099999999983993,-0.0007999999997991836,0.00010000000020227162,0.00357400000000041,-1.9999999949504854e-06,1.2000000012335477e-05,7421,0,1,0,1,0,1,1.3,2512.1887097952035,76.03310077000809,22374.558419902336,5078,0
986.25,1.3,9.5,-2.6,1834.461,67.73479,-0.40190000000006876,-0.0009000000002288289,-0.0001000000004296453,0.003570000000010509,-3.999999989900971e-06,-1.9999999949504854e-06,7422,0,1,0,1,0,1,1.3,2512.097408743096,76.03198285127306,22376.75977319039,5079,0
987.75,1.3,9.5,-2.6,1834.0583,67.73834,-0.4027000000000953,-0.0008000000000265572,0.00010000000020227162,0.00354999999998995,-2.0000000020559128e-05,-1.6000000030658157e-05,7423,0,1,0,1,0,1,1.3,2512.006078044181,76.03086571188038,22378.960643238424,5080,0
987.75,1.3,9.5,-2.6,1833.6548,67.7419,-0.4034999999998945,-0.0007999999997991836,2.2737367544323206e-13,0.003560000000007335,1.0000000017384991e-05,3.000000003794412e-05,7424,0,1,0,1,0,1,1.3,2511.9147176026936,76.02974935286196,22381.16102908644,5081,0
988.75,1.3,9.5,-2.6,1833.2504,67.74545,-0.4044000000001233,-0.0009000000002288289,-0.0001000000004296453,0.003550000000004161,-1.0000000003174137e-05,-2.0000000020559128e-05,7425,0,1,0,1,0,1,1.3,2511.8233273094534,76.02863377255588,22383.36092965444,5082,0
986.75,1.3,9.5,-2.6,1832.845,67.74899,-0.4053999999998723,-0.0009999999997489795,-9.99999995201506e-05,0.003540000000000987,-1.0000000003174137e-05,0.0,7426,0,1,0,1,0,1,1.3,2511.731907041874,76.02751896930121,22385.560343742414,5083,0
986.75,1.3,9.5,-2.6,1832.4388,67.75253,-0.40620000000012624,-0.0008000000002539309,0.00019999999949504854,0.003539999999986776,-1.4210854715202004e-14,9.999999988963282e-06,7427,0,1,0,1,0,1,1.3,2511.6404567043614,76.02640494278405,22387.759270390372,5084,0
987.25,1.3,9.5,-2.6,1832.0317,67.756065,-0.4070999999999003,-0.0008999999997740815,-9.99999995201506e-05,0.0035350000000136106,-4.999999973165359e-06,-4.999999958954504e-06,7428,0,1,0,1,0,1,1.3,2511.548976187912,76.02529169201776,22389.95770851831,5085,0
988.25,1.3,9.5,-2.6,1831.6237,67.75959,-0.4079999999999018,-0.0009000000000014552,-2.2737367544323206e-13,0.0035249999999962256,-1.0000000017384991e-05,-5.000000044219632e-06,7429,0,1,0,1,0,1,1.3,2511.45746538358,76.0241792153432,22392.155657046227,5086,0
989.25,1.3,9.5,-2.6,1831.2147,67.763115,-0.4090000000001055,-0.0010000000002037268,-0.00010000000020227162,0.0035249999999962256,0.0,1.0000000017384991e-05,7430,0,1,0,1,0,1,1.3,2511.3659241690216,76.02306751244785,22394.353114774123,5087,0
989.25,1.3,9.5,-2.6,1830.8049,67.76663,-0.4097999999999047,-0.0007999999997991836,0.00020000000040454324,0.0035150000000072623,-9.999999988963282e-06,-9.999999988963282e-06,7431,0,1,0,1,0,1,1.3,2511.2743524488696,76.02195658167385,22396.550080742003,5088,0
989.75,1.3,9.5,-2.6,1830.3943,67.77015,-0.4106000000001586,-0.0008000000002539309,-4.547473508864641e-13,0.0035199999999946385,4.9999999873762135e-06,1.4999999976339495e-05,7432,0,1,0,1,0,1,1.3,2511.1827501278085,76.02084642338222,22398.746553989862,5089,0
990.75,1.3,9.5,-2.6,1829.9825,67.77365,-0.4117999999998574,-0.0011999999996987754,-0.00039999999944484443,0.003500000000002501,-1.9999999992137418e-05,-2.4999999979513632e-05,7433,0,1,0,1,0,1,1.3,2511.091117056766,76.0197370345709,22400.9425330777,5090,0
988.25,1.3,9.5,-2.6,1829.57,67.77715,-0.4125000000001364,-0.000700000000279033,0.0004999999994197424,0.003500000000002501,0.0,1.9999999992137418e-05,7434,0,1,0,1,0,1,1.3,2510.9994531540015,76.0186284149294,22403.138017165522,5091,0
987.25,1.3,9.5,-2.6,1829.1565,67.780655,-0.4134999999998854,-0.0009999999997489795,-0.0002999999994699465,0.0035049999999898773,4.9999999873762135e-06,4.9999999873762135e-06,7435,0,1,0,1,0,1,1.3,2510.907758297472,76.0175205648198,22405.33300505332,5092,0
987.5,1.3,9.5,-2.6,1828.7421,67.78414,-0.41440000000011423,-0.0009000000002288289,9.99999995201506e-05,0.00348499999999774,-1.9999999992137418e-05,-2.4999999979513632e-05,7436,0,1,0,1,0,1,1.3,2510.8160323786474,76.01641348124244,22407.5274956611,5093,0
988.25,1.3,9.5,-2.6,1828.3267,67.78763,-0.4153999999998632,-0.0009999999997489795,-9.99999995201506e-05,0.003489999999999327,5.000000001587068e-06,2.4999999993724487e-05,7437,0,1,0,1,0,1,1.3,2510.7242752756115,76.01530716456035,22409.72148778886,5094,0
989.25,1.3,9.5,-2.6,1827.9103,67.791115,-0.41640000000006694,-0.0010000000002037268,-4.547473508864641e-13,0.0034850000000119508,-4.9999999873762135e-06,-9.999999988963282e-06,7438,0,1,0,1,0,1,1.3,2510.6324868665142,76.01420161379217,22411.914980236597,5095,0
989.25,1.3,9.5,-2.6,1827.493,67.79459,-0.4173000000000684,-0.0009000000000014552,0.00010000000020227162,0.0034749999999945658,-1.0000000017384991e-05,-5.000000030008778e-06,7439,0,1,0,1,0,1,1.3,2510.540667043011,76.01309682728495,22414.107971924317,5096,0
988.25,1.3,9.5,-2.6,1827.0747,67.798065,-0.41830000000004475,-0.0009999999999763531,-9.999999997489795e-05,0.0034749999999945658,0.0,1.0000000017384991e-05,7440,0,1,0,1,0,1,1.3,2510.448815683376,76.01199280473055,22416.30046165202,5097,0
988.25,1.3,9.5,-2.6,1826.6555,67.80153,-0.41919999999981883,-0.0008999999997740815,0.00010000000020227162,0.0034650000000056025,-9.999999988963282e-06,-9.999999988963282e-06,7441,0,1,0,1,0,1,1.3,2510.3569326793877,76.01088954447728,22418.492448339697,5098,0
988.25,1.3,9.5,-2.6,1826.2354,67.80499,-0.42010000000004766,-0.0009000000002288289,-4.547473508864641e-13,0.0034600000000040154,-5.000000001587068e-06,4.9999999873762135e-06,7442,0,1,0,1,0,1,1.3,2510.2650179228804,76.00978704554616,22420.68393090736,5099,0
987.25,1.3,9.5,-2.6,1825.8141,67.80846,-0.4212999999999738,-0.001199999999926149,-0.00029999999969732016,0.0034699999999929787,9.999999988963282e-06,1.499999999055035e-05,7443,0,1,0,1,0,1,1.3,2510.173071265449,76.00868530897367,22422.874907914997,5100,0
985.75,1.3,9.5,-2.6,1825.392,67.811905,-0.42210000000000036,-0.0008000000000265572,0.0003999999998995918,0.003444999999999254,-2.4999999993724487e-05,-3.499999998268777e-05,7444,0,1,0,1,0,1,1.3,2510.0810926124914,76.0075843310947,22425.065378402614,5101,0
984.75,1.3,9.5,-2.6,1824.9688,67.81536,-0.4231999999999516,-0.001099999999951251,-0.00029999999992469384,0.0034550000000024284,1.0000000003174137e-05,3.499999999689862e-05,7445,0,1,0,1,0,1,1.3,2509.98908182917,76.00648411294655,22427.255341050215,5102,0
982.75,1.3,9.5,-2.6,1824.5447,67.8188,-0.42410000000018044,-0.0009000000002288289,0.00019999999972242222,0.003439999999997667,-1.5000000004761205e-05,-2.500000000793534e-05,7446,0,1,0,1,0,1,1.3,2509.8970388075736,76.00538465220895,22429.44479477779,5103,0
980.75,1.3,9.5,-2.6,1824.1195,67.82224,-0.4251999999999043,-0.0010999999997238774,-0.00019999999949504854,0.003439999999997667,0.0,1.5000000004761205e-05,7447,0,1,0,1,0,1,1.3,2509.8049634129966,76.00428594857681,22431.63373826535,5104,0
979.75,1.3,9.5,-2.6,1823.6934,67.82568,-0.4260999999999058,-0.0009000000000014552,0.00019999999972242222,0.003440000000011878,1.4210854715202004e-14,1.4210854715202004e-14,7448,0,1,0,1,0,1,1.3,2509.7128555376557,76.0031880017452,22433.822170432886,5105,0
981.75,1.3,9.5,-2.6,1823.2661,67.82912,-0.4273000000000593,-0.0012000000001535227,-0.0003000000001520675,0.003439999999997667,-1.4210854715202004e-14,-2.842170943040401e-14,7449,0,1,0,1,0,1,1.3,2509.620715033557,76.00209081140939,22436.0100898404,5106,0
981.5,1.3,9.5,-2.6,1822.838,67.83254,-0.42810000000008586,-0.0008000000000265572,0.00040000000012696546,0.003419999999991319,-2.0000000006348273e-05,-1.9999999992137418e-05,7450,0,1,0,1,0,1,1.3,2509.5285418064686,76.0009943745806,22438.1974955279,5107,0
978.75,1.3,9.5,-2.6,1822.4087,67.83597,-0.429300000000012,-0.001199999999926149,-0.0003999999998995918,0.003430000000008704,1.0000000017384991e-05,3.0000000023733264e-05,7451,0,1,0,1,0,1,1.3,2509.4363357085344,75.99989869229736,22440.384386055375,5108,0
980.75,1.3,9.5,-2.6,1821.9785,67.83939,-0.43020000000001346,-0.0009000000000014552,0.00029999999992469384,0.003419999999991319,-1.0000000017384991e-05,-2.0000000034769982e-05,7452,0,1,0,1,0,1,1.3,2509.3440966322287,75.99880376291426,22442.57076034283,5109,0
979.75,1.3,9.5,-2.6,1821.5472,67.842804,-0.4312999999999647,-0.001099999999951251,-0.0001999999999497959,0.0034140000000064674,-5.999999984851456e-06,4.000000032533535e-06,7453,0,1,0,1,0,1,1.3,2509.2518244432517,75.9977095853233,22444.756617070263,5110,0
979.5,1.3,9.5,-2.6,1821.1149,67.84622,-0.43229999999994106,-0.0009999999999763531,9.999999997489795e-05,0.003416000000001418,1.9999999949504854e-06,7.999999979801942e-06,7454,0,1,0,1,0,1,1.3,2509.1595190207913,75.99661615949027,22446.941955037677,5111,0
977.25,1.3,9.5,-2.6,1820.6815,67.84963,-0.4334000000001197,-0.0011000000001786248,-0.00010000000020227162,0.0034100000000023556,-5.999999999062311e-06,-7.999999994012796e-06,7455,0,1,0,1,0,1,1.3,2509.0671802306865,75.99552348430794,22449.126772925072,5112,0
974.25,1.3,9.5,-2.6,1820.2471,67.853035,-0.43439999999986867,-0.0009999999997489795,0.0001000000004296453,0.0034050000000007685,-5.000000001587068e-06,9.999999974752427e-07,7456,0,1,0,1,0,1,1.3,2508.9748079522597,75.99443155880381,22451.311069532443,5113,0
974.75,1.3,9.5,-2.6,1819.8115,67.85644,-0.4356000000000222,-0.0012000000001535227,-0.00020000000040454324,0.0034050000000007685,0.0,5.000000001587068e-06,7457,0,1,0,1,0,1,1.3,2508.88240203808,75.99334038267632,22453.494843419794,5114,0
975.25,1.3,9.5,-2.6,1819.375,67.85983,-0.43650000000002365,-0.0009000000000014552,0.0003000000001520675,0.0033899999999960073,-1.5000000004761205e-05,-1.5000000004761205e-05,7458,0,1,0,1,0,1,1.3,2508.7899623810163,75.99224995361308,22455.678093507122,5115,0
975.25,1.3,9.5,-2.6,1818.9374,67.86323,-0.4375999999999749,-0.001099999999951251,-0.0001999999999497959,0.0033999999999991815,1.0000000003174137e-05,2.500000000793534e-05,7459,0,1,0,1,0,1,1.3,2508.697488847185,75.99116027265416,22457.860818474433,5116,0
975.25,1.3,9.5,-2.6,1818.4987,67.866615,-0.43869999999992615,-0.001099999999951251,0.0,0.0033849999999944203,-1.5000000004761205e-05,-2.500000000793534e-05,7460,0,1,0,1,0,1,1.3,2508.604981302775,75.99007133748827,22460.04301700172,5117,0
975.5,1.3,9.5,-2.6,1818.0588,67.87,-0.43990000000007967,-0.0012000000001535227,-0.00010000000020227162,0.003385000000008631,1.4210854715202004e-14,1.500000001897206e-05,7461,0,1,0,1,0,1,1.3,2508.512439600643,75.9889831478156,22462.224687648988,5118,0
975.25,1.3,9.5,-2.6,1817.6179,67.87339,-0.440900000000056,-0.0009999999999763531,0.00020000000017716957,0.0033899999999960073,4.9999999873762135e-06,4.999999973165359e-06,7462,0,1,0,1,0,1,1.3,2508.4198636205283,75.98789570400643,22464.405829216234,5119,0
975.0,1.3,9.5,-2.6,1817.176,67.87677,-0.4419000000000324,-0.0009999999999763531,0.0,0.003379999999992833,-1.0000000003174137e-05,-1.499999999055035e-05,7463,0,1,0,1,0,1,1.3,2508.3272532422293,75.98680900442122,22466.58644050346,5120,0
977.25,1.3,9.5,-2.6,1816.7329,67.88015,-0.4430999999999585,-0.001199999999926149,-0.0001999999999497959,0.003380000000007044,1.4210854715202004e-14,1.0000000017384991e-05,7464,0,1,0,1,0,1,1.3,2508.2346083188213,75.98572304876087,22468.76652007066,5121,0
977.75,1.3,9.5,-2.6,1816.2887,67.88352,-0.4441999999999098,-0.001099999999951251,9.999999997489795e-05,0.00337000000000387,-1.0000000003174137e-05,-1.0000000017384991e-05,7465,0,1,0,1,0,1,1.3,2508.1419287168496,75.98463783538709,22470.946066597844,5122,0
977.5,1.3,9.5,-2.6,1815.8434,67.886894,-0.4453000000000884,-0.0011000000001786248,-2.2737367544323206e-13,0.003373999999993771,3.999999989900971e-06,1.3999999993075107e-05,7466,0,1,0,1,0,1,1.3,2508.049214302933,75.9835533645373,22473.125078765002,5123,0
978.75,1.3,9.5,-2.6,1815.397,67.89026,-0.44640000000003965,-0.001099999999951251,2.2737367544323206e-13,0.003365999999999758,-7.999999994012796e-06,-1.1999999983913767e-05,7467,0,1,0,1,0,1,1.3,2507.95646494376,75.98246963484199,22475.303555252143,5124,0
979.75,1.3,9.5,-2.6,1814.9495,67.89362,-0.4474999999999909,-0.001099999999951251,0.0,0.0033600000000006958,-5.999999999062311e-06,1.9999999949504854e-06,7468,0,1,0,1,0,1,1.3,2507.863680506092,75.98138664520016,22477.48149473926,5125,0
979.25,1.3,9.5,-2.6,1814.5007,67.89699,-0.44879999999989195,-0.001299999999901047,-0.0001999999999497959,0.00337000000000387,1.0000000003174137e-05,1.6000000002236447e-05,7469,0,1,0,1,0,1,1.3,2507.7708608299868,75.98030439665328,22479.658895666355,5126,0
979.25,1.3,9.5,-2.6,1814.051,67.900345,-0.4497000000001208,-0.0009000000002288289,0.0003999999996722181,0.0033549999999991087,-1.5000000004761205e-05,-2.500000000793534e-05,7470,0,1,0,1,0,1,1.3,2507.6780058091285,75.979222886896,22481.83575695343,5127,0
979.5,1.3,9.5,-2.6,1813.6,67.9037,-0.45100000000002183,-0.001299999999901047,-0.0003999999996722181,0.0033549999999991087,0.0,1.5000000004761205e-05,7471,0,1,0,1,0,1,1.3,2507.5851152837263,75.9781421156317,22484.012077040483,5128,0
979.75,1.3,9.5,-2.6,1813.148,67.90705,-0.4519999999999982,-0.0009999999999763531,0.00029999999992469384,0.0033499999999975216,-5.000000001587068e-06,-5.000000001587068e-06,7472,0,1,0,1,0,1,1.3,2507.4921891342165,75.97706208189481,22486.187854727516,5129,0
978.75,1.3,9.5,-2.6,1812.6947,67.9104,-0.45329999999989923,-0.001299999999901047,-0.00029999999992469384,0.0033499999999975216,0.0,5.000000001587068e-06,7473,0,1,0,1,0,1,1.3,2507.399227200963,75.97598278538935,22488.363088454524,5130,0
979.25,1.3,9.5,-2.6,1812.2402,67.91375,-0.45450000000005275,-0.0012000000001535227,9.999999974752427e-05,0.0033499999999975216,0.0,0.0,7474,0,1,0,1,0,1,1.3,2507.306229337793,75.97490422581939,22490.53777678151,5131,0
979.0,1.3,9.5,-2.6,1811.7847,67.91709,-0.4555000000000291,-0.0009999999999763531,0.00020000000017716957,0.0033400000000085583,-9.999999988963282e-06,-9.999999988963282e-06,7475,0,1,0,1,0,1,1.3,2507.213195425361,75.97382640155162,22492.711918508478,5132,0
978.75,1.3,9.5,-2.6,1811.328,67.92043,-0.45669999999995525,-0.001199999999926149,-0.0001999999999497959,0.0033399999999943475,-1.4210854715202004e-14,9.999999974752427e-06,7476,0,1,0,1,0,1,1.3,2507.120125317641,75.97274931229103,22494.885512195422,5133,0
978.5,1.3,9.5,-2.6,1810.87,67.923775,-0.4580000000000837,-0.0013000000001284207,-0.00010000000020227162,0.0033450000000101454,5.000000015797923e-06,5.000000030008778e-06,7477,0,1,0,1,0,1,1.3,2507.0270188553086,75.97167295841135,22497.058556282343,5134,0
977.25,1.3,9.5,-2.6,1810.411,67.92711,-0.45899999999983265,-0.0009999999997489795,0.0003000000003794412,0.0033349999999927604,-1.0000000017384991e-05,-1.5000000033182914e-05,7478,0,1,0,1,0,1,1.3,2506.9338759192406,75.97059733828051,22499.23104956924,5135,0
976.75,1.3,9.5,-2.6,1809.9507,67.93044,-0.4602999999999611,-0.0013000000001284207,-0.0003000000003794412,0.003330000000005384,-4.9999999873762135e-06,5.000000030008778e-06,7479,0,1,0,1,0,1,1.3,2506.8406963502675,75.96952245093583,22501.40299049612,5136,0
977.75,1.3,9.5,-2.6,1809.4891,67.93378,-0.4616000000000895,-0.0013000000001284207,0.0,0.0033399999999943475,9.999999988963282e-06,1.4999999976339495e-05,7480,0,1,0,1,0,1,1.3,2506.747479989306,75.96844829742012,22503.574377502973,5137,0
976.75,1.3,9.5,-2.6,1809.0265,67.9371,-0.46260000000006585,-0.0009999999999763531,0.0003000000001520675,0.00332000000000221,-1.9999999992137418e-05,-2.99999999811007e-05,7481,0,1,0,1,0,1,1.3,2506.6542267174555,75.9673748747661,22505.745209389806,5138,0
974.25,1.3,9.5,-2.6,1808.5626,67.94044,-0.4638999999999669,-0.001299999999901047,-0.00029999999992469384,0.0033399999999943475,1.9999999992137418e-05,3.9999999984274837e-05,7482,0,1,0,1,0,1,1.3,2506.5609363757853,75.96630218535347,22507.91548459662,5139,0
975.25,1.3,9.5,-2.6,1808.0975,67.943756,-0.46509999999989304,-0.001199999999926149,9.999999997489795e-05,0.0033159999999980982,-2.3999999996249244e-05,-4.399999998838666e-05,7483,0,1,0,1,0,1,1.3,2506.467608818813,75.96523022568145,22510.085201683407,5140,0
975.0,1.3,9.5,-2.6,1807.6312,67.94708,-0.46630000000004657,-0.0012000000001535227,-2.2737367544323206e-13,0.003324000000006322,8.000000008223651e-06,3.2000000004472895e-05,7484,0,1,0,1,0,1,1.3,2506.3742439011353,75.96415899652638,22512.254359210176,5141,0
974.25,1.3,9.5,-2.6,1807.1637,67.9504,-0.4674999999999727,-0.001199999999926149,2.2737367544323206e-13,0.00332000000000221,-4.0000000041118255e-06,-1.2000000012335477e-05,7485,0,1,0,1,0,1,1.3,2506.2808414774245,75.9630884970612,22514.422955736918,5142,0
973.25,1.3,9.5,-2.6,1806.695,67.95372,-0.46870000000012624,-0.0012000000001535227,-2.2737367544323206e-13,0.00332000000000221,0.0,4.0000000041118255e-06,7486,0,1,0,1,0,1,1.3,2506.1874014024306,75.96201872699346,22516.59098982364,5143,0
973.25,1.3,9.5,-2.6,1806.2249,67.95704,-0.4701000000000022,-0.001399999999875945,-0.00019999999972242222,0.00332000000000221,0.0,0.0,7487,0,1,0,1,0,1,1.3,2506.0939235042733,75.96094968603099,22518.758459790337,5144,0
972.25,1.3,9.5,-2.6,1805.7537,67.96035,-0.47119999999995343,-0.001099999999951251,0.00029999999992469384,0.003309999999999036,-1.0000000003174137e-05,-1.0000000003174137e-05,7488,0,1,0,1,0,1,1.3,2506.000407651222,75.9598813725464,22520.925364317016,5145,0
972.0,1.3,9.5,-2.6,1805.2812,67.96367,-0.47250000000008185,-0.0013000000001284207,-0.00020000000017716957,0.0033199999999879992,9.999999988963282e-06,1.9999999992137418e-05,7489,0,1,0,1,0,1,1.3,2505.906853684913,75.95881378758344,22523.091701843667,5146,0
970.25,1.3,9.5,-2.6,1804.8075,67.96698,-0.473700000000008,-0.001199999999926149,0.00010000000020227162,0.003310000000013247,-9.999999974752427e-06,-1.999999996371571e-05,7490,0,1,0,1,0,1,1.3,2505.813261460419,75.95774692951542,22525.257470930297,5147,0
969.75,1.3,9.5,-2.6,1804.3325,67.97028,-0.47499999999990905,-0.001299999999901047,-9.999999997489795e-05,0.003299999999995862,-1.0000000017384991e-05,-4.263256414560601e-14,7491,0,1,0,1,0,1,1.3,2505.719630819541,75.9566807967165,22527.422670016906,5148,0
969.25,1.3,9.5,-2.6,1803.8562,67.973595,-0.47630000000003747,-0.0013000000001284207,-2.2737367544323206e-13,0.003315000000000623,1.5000000004761205e-05,2.5000000022146196e-05,7492,0,1,0,1,0,1,1.3,2505.625961604164,75.95561539089817,22529.58729754349,5149,0
969.75,1.3,9.5,-2.6,1803.3787,67.9769,-0.4774999999999636,-0.001199999999926149,0.00010000000020227162,0.003304999999997449,-1.0000000003174137e-05,-2.500000000793534e-05,7493,0,1,0,1,0,1,1.3,2505.532253669602,75.95455071043502,22531.751352070052,5150,0
969.75,1.3,9.5,-2.6,1802.8999,67.9802,-0.47880000000009204,-0.0013000000001284207,-0.00010000000020227162,0.003299999999995862,-5.000000001587068e-06,5.000000001587068e-06,7494,0,1,0,1,0,1,1.3,2505.4385068579054,75.95348675436958,22533.914832036593,5151,0
969.75,1.3,9.5,-2.6,1802.4198,67.983505,-0.4800999999999931,-0.001299999999901047,2.2737367544323206e-13,0.003304999999997449,5.000000001587068e-06,1.0000000003174137e-05,7495,0,1,0,1,0,1,1.3,2505.3447210112063,75.95242352307898,22536.07773588311,5152,0
969.5,1.3,9.5,-2.6,1801.9385,67.98681,-0.48129999999991924,-0.001199999999926149,9.999999997489795e-05,0.0033050000000116597,1.4210854715202004e-14,-4.9999999873762135e-06,7496,0,1,0,1,0,1,1.3,2505.2508959850607,75.95136101627318,22538.240062169603,5153,0
968.75,1.3,9.5,-2.6,1801.4558,67.990105,-0.48270000000002256,-0.0014000000001033186,-0.00020000000017716957,0.0032949999999942747,-1.0000000017384991e-05,-1.0000000031595846e-05,7497,0,1,0,1,0,1,1.3,2505.157031608429,75.95029923232862,22540.401809216073,5154,0
967.75,1.3,9.5,-2.6,1800.9718,67.99341,-0.4839999999999236,-0.001299999999901047,0.00010000000020227162,0.003304999999997449,1.0000000003174137e-05,2.0000000020559128e-05,7498,0,1,0,1,0,1,1.3,2505.0631277236967,75.94923817228964,22542.56297546252,5155,0
967.25,1.3,9.5,-2.6,1800.4866,67.996704,-0.4852000000000771,-0.0012000000001535227,9.999999974752427e-05,0.0032939999999967995,-1.100000000064938e-05,-2.1000000003823516e-05,7499,0,1,0,1,0,1,1.3,2504.9691841866666,75.94817783440001,22544.72355946894,5156,0
966.75,1.3,9.5,-2.6,1800.0,68.0,-0.48659999999995307,-0.001399999999875945,-0.00019999999972242222,0.003296000000005961,2.00000000916134e-06,1.300000000981072e-05,7500,0,1,0,1,0,1,1.3,2504.8752008265565,75.94711821863753,22546.883559555343,5157,0
966.75,1.3,9.5,-2.6,1799.5121,68.003296,-0.4879000000000815,-0.0013000000001284207,9.999999974752427e-05,0.003296000000005961,0.0,-2.00000000916134e-06,7501,0,1,0,1,0,1,1.3,2504.781177486004,75.94605932471342,22549.04297416172,5158,0
966.25,1.3,9.5,-2.6,1799.023,68.00659,-0.48910000000000764,-0.001199999999926149,0.00010000000020227162,0.0032939999999967995,-2.00000000916134e-06,-2.00000000916134e-06,7502,0,1,0,1,0,1,1.3,2504.687114021058,75.9450011520725,22551.20180184807,5159,0
964.75,1.3,9.5,-2.6,1798.5325,68.00988,-0.4904999999998836,-0.001399999999875945,-0.0001999999999497959,0.0032899999999926877,-4.0000000041118255e-06,-1.9999999949504854e-06,7503,0,1,0,1,0,1,1.3,2504.593010261194,75.9439436998934,22553.3600409344,5160,0
964.25,1.3,9.5,-2.6,1798.0406,68.013176,-0.4918999999999869,-0.0014000000001033186,-2.2737367544323206e-13,0.003296000000005961,6.000000013273166e-06,1.0000000017384991e-05,7504,0,1,0,1,0,1,1.3,2504.498866035976,75.94288696868755,22555.517689740707,5161,0
964.25,1.3,9.5,-2.6,1797.5475,68.016464,-0.4931000000001404,-0.0012000000001535227,0.0001999999999497959,0.003287999999997737,-8.000000008223651e-06,-1.4000000021496817e-05,7505,0,1,0,1,0,1,1.3,2504.404681201705,75.94183095710099,22557.67474682699,5162,0
963.75,1.3,9.5,-2.6,1797.0531,68.01975,-0.4943999999998141,-0.0012999999996736733,-9.99999995201506e-05,0.0032860000000027867,-1.9999999949504854e-06,6.000000013273166e-06,7506,0,1,0,1,0,1,1.3,2504.3104556014387,75.94077566457972,22559.83121063325,5163,0
963.25,1.3,9.5,-2.6,1796.5575,68.02304,-0.495600000000195,-0.0012000000003808964,9.999999929277692e-05,0.0032899999999926877,3.999999989900971e-06,5.999999984851456e-06,7507,0,1,0,1,0,1,1.3,2504.2161890916354,75.93972109136921,22561.98707971948,5164,0
963.25,1.3,9.5,-2.6,1796.0605,68.02633,-0.49699999999984357,-0.0013999999996485712,-0.00019999999926767487,0.0032900000000068985,1.4210854715202004e-14,-3.999999975690116e-06,7508,0,1,0,1,0,1,1.3,2504.1218815021975,75.93866723718205,22564.142352405695,5165,0
962.75,1.3,9.5,-2.6,1795.5624,68.02962,-0.4981000000000222,-0.0011000000001786248,0.0002999999994699465,0.0032899999999926877,-1.4210854715202004e-14,-2.842170943040401e-14,7509,0,1,0,1,0,1,1.3,2504.027532703062,75.93761410173103,22566.297027371882,5166,0
962.25,1.3,9.5,-2.6,1795.0629,68.0329,-0.4995000000001255,-0.0014000000001033186,-0.00029999999992469384,0.0032800000000037244,-9.999999988963282e-06,-9.999999974752427e-06,7510,0,1,0,1,0,1,1.3,2503.933142524298,75.93656168339768,22568.451102938045,5167,0
963.25,1.3,9.5,-2.6,1794.5621,68.03619,-0.5007999999997992,-0.0012999999996736733,0.0001000000004296453,0.0032900000000068985,1.0000000003174137e-05,1.9999999992137418e-05,7511,0,1,0,1,0,1,1.3,2503.8387108093716,75.93550998322684,22570.60457754418,5168,0
964.75,1.3,9.5,-2.6,1794.06,68.03947,-0.502100000000155,-0.0013000000003557943,-6.821210263296962e-13,0.0032799999999895135,-1.0000000017384991e-05,-2.0000000020559128e-05,7512,0,1,0,1,0,1,1.3,2503.744237401837,75.9344589996007,22572.7574496303,5169,0
966.25,1.3,9.5,-2.6,1793.5568,68.04275,-0.5031999999998789,-0.0010999999997238774,0.00020000000063191692,0.0032800000000037244,1.4210854715202004e-14,1.0000000031595846e-05,7513,0,1,0,1,0,1,1.3,2503.649722171946,75.93340873223318,22574.909717876388,5170,0
966.5,1.3,9.5,-2.6,1793.0524,68.046036,-0.5044000000000324,-0.0012000000001535227,-0.0001000000004296453,0.0032860000000027867,5.999999999062311e-06,5.999999984851456e-06,7514,0,1,0,1,0,1,1.3,2503.5551649767135,75.93235918163673,22577.061380842453,5171,0
969.25,1.3,9.5,-2.6,1792.5465,68.04932,-0.5059000000001106,-0.0015000000000782165,-0.00029999999992469384,0.0032839999999936254,-2.00000000916134e-06,-8.000000008223651e-06,7515,0,1,0,1,0,1,1.3,2503.4605656333156,75.93131034725918,22579.212436728496,5172,0
969.25,1.3,9.5,-2.6,1792.0396,68.05259,-0.5068999999998596,-0.0009999999997489795,0.0005000000003292371,0.0032700000000005502,-1.3999999993075107e-05,-1.1999999983913767e-05,7516,0,1,0,1,0,1,1.3,2503.365924025542,75.93026222695224,22581.362884334514,5173,0
969.5,1.3,9.5,-2.6,1791.5314,68.05587,-0.508199999999988,-0.0013000000001284207,-0.0003000000003794412,0.0032800000000037244,1.0000000003174137e-05,2.3999999996249244e-05,7517,0,1,0,1,0,1,1.3,2503.2712399973398,75.92921482176111,22583.51272210051,5174,0
969.75,1.3,9.5,-2.6,1791.0219,68.05915,-0.5095000000001164,-0.0013000000001284207,0.0,0.0032800000000037244,0.0,-1.0000000003174137e-05,7518,0,1,0,1,0,1,1.3,2503.1765133927383,75.92816813140045,22585.661948466477,5175,0
971.25,1.3,9.5,-2.6,1790.5112,68.06243,-0.5107000000000426,-0.001199999999926149,0.00010000000020227162,0.0032800000000037244,0.0,0.0,7519,0,1,0,1,0,1,1.3,2503.081744069149,75.9271221555851,22587.81056199242,5176,0
971.25,1.3,9.5,-2.6,1789.9994,68.065704,-0.5117999999999938,-0.001099999999951251,9.999999997489795e-05,0.003273999999990451,-6.000000013273166e-06,-6.000000013273166e-06,7520,0,1,0,1,0,1,1.3,2502.986931897354,75.92607689323229,22589.958561358344,5177,0
971.25,1.3,9.5,-2.6,1789.4862,68.068985,-0.5131999999998698,-0.001399999999875945,-0.00029999999992469384,0.0032810000000011996,7.000000010748408e-06,1.3000000024021574e-05,7521,0,1,0,1,0,1,1.3,2502.8920767083223,75.92503234498803,22592.10594488424,5178,0
971.5,1.3,9.5,-2.6,1788.9719,68.07226,-0.5143000000000484,-0.0011000000001786248,0.00029999999969732016,0.0032750000000021373,-5.999999999062311e-06,-1.300000000981072e-05,7522,0,1,0,1,0,1,1.3,2502.7971783729895,75.92398850977004,22594.25271125011,5179,0
970.75,1.3,9.5,-2.6,1788.4564,68.07553,-0.5154999999999745,-0.001199999999926149,-9.999999974752427e-05,0.0032700000000005502,-5.000000001587068e-06,9.999999974752427e-07,7523,0,1,0,1,0,1,1.3,2502.7022367490695,75.92294538662945,22596.398859015953,5180,0
971.0,1.3,9.5,-2.6,1787.9397,68.078804,-0.5167000000001281,-0.0012000000001535227,-2.2737367544323206e-13,0.003274000000004662,4.0000000041118255e-06,9.000000005698894e-06,7524,0,1,0,1,0,1,1.3,2502.607251694352,75.92190297581395,22598.544386741774,5181,0
971.0,1.3,9.5,-2.6,1787.4219,68.08208,-0.5177999999998519,-0.0010999999997238774,0.0001000000004296453,0.0032759999999996126,1.9999999949504854e-06,-2.00000000916134e-06,7525,0,1,0,1,0,1,1.3,2502.5122230799893,75.92086127730535,22600.68929310757,5182,0
971.25,1.3,9.5,-2.6,1786.9027,68.08535,-0.5191999999999553,-0.0014000000001033186,-0.0003000000003794412,0.0032700000000005502,-5.999999999062311e-06,-7.999999994012796e-06,7526,0,1,0,1,0,1,1.3,2502.4171507373453,75.91982029002259,22602.833576433342,5183,0
970.25,1.3,9.5,-2.6,1786.3824,68.08862,-0.5203000000001339,-0.0011000000001786248,0.00029999999992469384,0.0032700000000005502,0.0,5.999999999062311e-06,7527,0,1,0,1,0,1,1.3,2502.322034537726,75.91878001368225,22604.97723539909,5184,0
969.25,1.3,9.5,-2.6,1785.8611,68.091896,-0.5212999999998829,-0.0009999999997489795,0.0001000000004296453,0.0032759999999996126,5.999999999062311e-06,5.999999999062311e-06,7528,0,1,0,1,0,1,1.3,2502.2268743657855,75.91774044879799,22607.12026880481,5185,0
969.25,1.3,9.5,-2.6,1785.3385,68.09517,-0.5226000000000113,-0.0013000000001284207,-0.0003000000003794412,0.003273999999990451,-2.00000000916134e-06,-8.000000008223651e-06,7529,0,1,0,1,0,1,1.3,2502.131670066401,75.91670159482072,22609.262675090507,5186,0
970.75,1.3,9.5,-2.6,1784.8147,68.09844,-0.5238000000001648,-0.0012000000001535227,9.999999997489795e-05,0.0032700000000005502,-3.999999989900971e-06,-1.9999999807396307e-06,7530,0,1,0,1,0,1,1.3,2502.036421497809,75.91566345093612,22611.40445281618,5187,0
971.25,1.3,9.5,-2.6,1784.2898,68.101715,-0.5248999999998887,-0.0010999999997238774,0.0001000000004296453,0.0032750000000021373,5.000000001587068e-06,8.999999991488039e-06,7531,0,1,0,1,0,1,1.3,2501.9411285315987,75.91462601752522,22613.545600661822,5188,0
971.25,1.3,9.5,-2.6,1783.7637,68.10498,-0.5261000000000422,-0.0012000000001535227,-0.0001000000004296453,0.003264999999998963,-1.0000000003174137e-05,-1.5000000004761205e-05,7532,0,1,0,1,0,1,1.3,2501.845791026152,75.91358929297756,22615.686117187444,5189,0
971.5,1.3,9.5,-2.6,1783.2365,68.10825,-0.5271999999999935,-0.001099999999951251,0.00010000000020227162,0.0032700000000005502,5.000000001587068e-06,1.5000000004761205e-05,7533,0,1,0,1,0,1,1.3,2501.7504088531987,75.91255327767453,22617.82600107304,5190,0
969.75,1.3,9.5,-2.6,1782.708,68.11152,-0.5284999999998945,-0.001299999999901047,-0.0001999999999497959,0.0032700000000005502,0.0,-5.000000001587068e-06,7534,0,1,0,1,0,1,1.3,2501.654981857996,75.91151797133378,22619.96525075861,5191,0
971.75,1.3,9.5,-2.6,1782.1786,68.11479,-0.5294000000001233,-0.0009000000002288289,0.0003999999996722181,0.0032700000000005502,0.0,0.0,7535,0,1,0,1,0,1,1.3,2501.5595099389593,75.91048337367303,22622.103865164154,5192,0
972.75,1.3,9.5,-2.6,1781.6478,68.11806,-0.5307999999999993,-0.001399999999875945,-0.0004999999996471161,0.0032700000000005502,0.0,0.0,7536,0,1,0,1,0,1,1.3,2501.4639929282207,75.90944948441025,22624.241842609674,5193,0
973.25,1.3,9.5,-2.6,1781.1161,68.12133,-0.5317000000000007,-0.0009000000000014552,0.0004999999998744897,0.0032700000000005502,0.0,0.0,7537,0,1,0,1,0,1,1.3,2501.3684307243298,75.90841630326346,22626.379182015167,5194,0
974.25,1.3,9.5,-2.6,1780.5833,68.124596,-0.532799999999952,-0.001099999999951251,-0.0001999999999497959,0.0032659999999964384,-4.0000000041118255e-06,-4.0000000041118255e-06,7538,0,1,0,1,0,1,1.3,2501.2728231993633,75.90738382942034,22628.515882060634,5195,0
973.25,1.3,9.5,-2.6,1780.0492,68.12786,-0.5341000000000804,-0.0013000000001284207,-0.00020000000017716957,0.003264000000001488,-1.9999999949504854e-06,2.00000000916134e-06,7539,0,1,0,1,0,1,1.3,2501.1771701989387,75.90635206233421,22630.65194118608,5196,0
973.25,1.3,9.5,-2.6,1779.514,68.131134,-0.5352000000000317,-0.001099999999951251,0.00020000000017716957,0.003274000000004662,1.0000000003174137e-05,1.1999999998124622e-05,7540,0,1,0,1,0,1,1.3,2501.0814715952793,75.90532100304999,22632.787358071495,5197,0
973.25,1.3,9.5,-2.6,1778.9778,68.1344,-0.536200000000008,-0.0009999999999763531,9.999999997489795e-05,0.0032659999999964384,-8.000000008223651e-06,-1.8000000011397788e-05,7541,0,1,0,1,0,1,1.3,2500.9857272739323,75.9042906502254,22634.922131516883,5198,0
972.25,1.3,9.5,-2.6,1778.4404,68.137665,-0.5373999999999342,-0.001199999999926149,-0.0001999999999497959,0.003264999999998963,-9.999999974752427e-07,7.000000010748408e-06,7542,0,1,0,1,0,1,1.3,2500.8899370939944,75.9032610034469,22637.05626008225,5199,0
972.75,1.3,9.5,-2.6,1777.902,68.14093,-0.5383999999999105,-0.0009999999999763531,0.0001999999999497959,0.003264999999998963,0.0,9.999999974752427e-07,7543,0,1,0,1,0,1,1.3,2500.7941009411456,75.90223206243373,22639.18974256759,5200,0
972.5,1.3,9.5,-2.6,1777.3624,68.144196,-0.539600000000064,-0.0012000000001535227,-0.00020000000017716957,0.0032659999999964384,9.999999974752427e-07,9.999999974752427e-07,7544,0,1,0,1,0,1,1.3,2500.698218674619,75.90120382703776,22641.3225775329,5201,0
973.25,1.3,9.5,-2.6,1776.8219,68.14747,-0.5405000000000655,-0.0009000000000014552,0.0003000000001520675,0.003274000000004662,8.000000008223651e-06,7.000000010748408e-06,7545,0,1,0,1,0,1,1.3,2500.60229019348,75.9001762980387,22643.45476389819,5202,0
973.25,1.3,9.5,-2.6,1776.2802,68.150734,-0.5416999999999916,-0.001199999999926149,-0.00029999999992469384,0.003264000000001488,-1.0000000003174137e-05,-1.8000000011397788e-05,7546,0,1,0,1,0,1,1.3,2500.5063153570954,75.89914947383066,22645.58630022345,5203,0
973.0,1.3,9.5,-2.6,1775.7374,68.154,-0.5427999999999429,-0.001099999999951251,9.999999997489795e-05,0.0032659999999964384,1.9999999949504854e-06,1.1999999998124622e-05,7547,0,1,0,1,0,1,1.3,2500.410294038156,75.89812335439852,22647.71718518869,5204,0
972.25,1.3,9.5,-2.6,1775.1935,68.157265,-0.5438999999998941,-0.001099999999951251,0.0,0.003264999999998963,-9.999999974752427e-07,-2.999999992425728e-06,7548,0,1,0,1,0,1,1.3,2500.3142261094185,75.89709793932971,22649.847417473895,5205,0
971.25,1.3,9.5,-2.6,1774.6486,68.16053,-0.5449000000000979,-0.0010000000002037268,9.999999974752427e-05,0.003264999999998963,0.0,9.999999974752427e-07,7549,0,1,0,1,0,1,1.3,2500.218111456954,75.89607322834436,22651.97699587908,5206,0
972.25,1.3,9.5,-2.6,1774.1027,68.163795,-0.5459000000000742,-0.0009999999999763531,2.2737367544323206e-13,0.003264999999998963,0.0,0.0,7550,0,1,0,1,0,1,1.3,2500.121949966892,75.89504922116276,22654.105919204238,5207,0
971.75,1.3,9.5,-2.6,1773.5555,68.16706,-0.5471999999999753,-0.001299999999901047,-0.00029999999992469384,0.003265000000013174,1.4210854715202004e-14,1.4210854715202004e-14,7551,0,1,0,1,0,1,1.3,2500.025741485699,75.8940259175053,22656.234185889367,5208,0
970.25,1.3,9.5,-2.6,1773.0074,68.170334,-0.5480999999999767,-0.0009000000000014552,0.0003999999998995918,0.003273999999990451,8.999999977277184e-06,8.99999996306633e-06,7552,0,1,0,1,0,1,1.3,2499.9294859128822,75.89300331828412,22658.36179485447,5209,0
970.5,1.3,9.5,-2.6,1772.4584,68.1736,-0.5489999999999782,-0.0009000000000014552,0.0,0.0032659999999964384,-7.999999994012796e-06,-1.699999997128998e-05,7553,0,1,0,1,0,1,1.3,2499.833183148001,75.89198142216046,22660.48874501955,5210,0
970.75,1.3,9.5,-2.6,1771.9082,68.176865,-0.5501999999999043,-0.001199999999926149,-0.00029999999992469384,0.003265000000013174,-9.99999983264388e-07,7.000000010748408e-06,7554,0,1,0,1,0,1,1.3,2499.7368330509594,75.89096022872269,22662.6150349446,5211,0
971.25,1.3,9.5,-2.6,1771.3569,68.18013,-0.551300000000083,-0.0011000000001786248,9.999999974752427e-05,0.003264999999998963,-1.4210854715202004e-14,9.999999690535333e-07,7555,0,1,0,1,0,1,1.3,2499.640435494971,75.88993973769189,22664.740663309625,5212,0
970.75,1.3,9.5,-2.6,1770.8047,68.183395,-0.5522000000000844,-0.0009000000000014552,0.00020000000017716957,0.003264999999998963,0.0,1.4210854715202004e-14,7556,0,1,0,1,0,1,1.3,2499.5439903797806,75.88891994878921,22666.865629034626,5213,0
970.25,1.3,9.5,-2.6,1770.2515,68.18667,-0.5531999999998334,-0.0009999999997489795,-9.999999974752427e-05,0.0032750000000021373,1.0000000003174137e-05,1.0000000003174137e-05,7557,0,1,0,1,0,1,1.3,2499.4474975919557,75.887900863059,22668.989930919597,5214,0
971.25,1.3,9.5,-2.6,1769.6971,68.18993,-0.5543999999999869,-0.0012000000001535227,-0.00020000000040454324,0.003259999999997376,-1.5000000004761205e-05,-2.500000000793534e-05,7558,0,1,0,1,0,1,1.3,2499.350956991666,75.88688247823787,22671.113567524542,5215,0
971.0,1.3,9.5,-2.6,1769.1418,68.1932,-0.5552999999999884,-0.0009000000000014552,0.0003000000001520675,0.0032700000000005502,1.0000000003174137e-05,2.500000000793534e-05,7559,0,1,0,1,0,1,1.3,2499.2543684788357,75.88586479537037,22673.236537769462,5216,0
971.75,1.3,9.5,-2.6,1768.5856,68.196465,-0.5561999999999898,-0.0009000000000014552,0.0,0.003264999999998963,-5.000000001587068e-06,-1.5000000004761205e-05,7560,0,1,0,1,0,1,1.3,2499.1577319534454,75.88484781351673,22675.358840574354,5217,0
972.75,1.3,9.5,-2.6,1768.0283,68.19974,-0.5573000000001684,-0.0011000000001786248,-0.00020000000017716957,0.0032750000000021373,1.0000000003174137e-05,1.5000000004761205e-05,7561,0,1,0,1,0,1,1.3,2499.061047289077,75.88383153372124,22677.48047461922,5218,0
973.25,1.3,9.5,-2.6,1767.47,68.203,-0.5582999999999174,-0.0009999999997489795,0.0001000000004296453,0.003259999999997376,-1.5000000004761205e-05,-2.500000000793534e-05,7562,0,1,0,1,0,1,1.3,2498.9643143726034,75.88281595372207,22679.601438704056,5219,0
975.75,1.3,9.5,-2.6,1766.9106,68.20627,-0.559400000000096,-0.0011000000001786248,-0.0001000000004296453,0.0032700000000005502,1.0000000003174137e-05,2.500000000793534e-05,7563,0,1,0,1,0,1,1.3,2498.8675330777364,75.88180107456373,22681.721731508867,5220,0
974.75,1.3,9.5,-2.6,1766.3503,68.20954,-0.5602999999998701,-0.0008999999997740815,0.00020000000040454324,0.0032700000000005502,0.0,-1.0000000003174137e-05,7564,0,1,0,1,0,1,1.3,2498.7707033046922,75.88078689596827,22683.841351953655,5221,0
974.25,1.3,9.5,-2.6,1765.7891,68.21281,-0.561200000000099,-0.0009000000002288289,-4.547473508864641e-13,0.0032700000000005502,0.0,0.0,7565,0,1,0,1,0,1,1.3,2498.6738249537407,75.87977341765794,22685.960298958413,5222,0
974.0,1.3,9.5,-2.6,1765.2268,68.21608,-0.5623000000000502,-0.001099999999951251,-0.00019999999972242222,0.0032700000000005502,0.0,0.0,7566,0,1,0,1,0,1,1.3,2498.5768978987708,75.8787606393551,22688.078571203143,5223,0
973.25,1.3,9.5,-2.6,1764.6636,68.21935,-0.5631999999998243,-0.0008999999997740815,0.00020000000017716957,0.0032700000000005502,0.0,0.0,7567,0,1,0,1,0,1,1.3,2498.479922040169,75.87774856078224,22690.196167607846,5224,0
973.0,1.3,9.5,-2.6,1764.0994,68.22262,-0.564200000000028,-0.0010000000002037268,-0.0001000000004296453,0.0032700000000005502,0.0,0.0,7568,0,1,0,1,0,1,1.3,2498.3828972651604,75.87673718166204,22692.313086972525,5225,0
972.25,1.3,9.5,-2.6,1763.5343,68.22589,-0.5651000000000295,-0.0009000000000014552,0.00010000000020227162,0.0032700000000005502,0.0,0.0,7569,0,1,0,1,0,1,1.3,2498.2858234742403,75.87572650171731,22694.42932821717,5226,0
975.25,1.3,9.5,-2.6,1762.9681,68.229164,-0.5661999999999807,-0.001099999999951251,-0.0001999999999497959,0.003273999999990451,3.999999989900971e-06,3.999999989900971e-06,7570,0,1,0,1,0,1,1.3,2498.18870054154,75.87471652119932,22696.544890021796,5227,0
976.25,1.3,9.5,-2.6,1762.4011,68.23244,-0.5670000000000073,-0.0008000000000265572,0.00029999999992469384,0.0032759999999996126,2.00000000916134e-06,-1.9999999807396307e-06,7571,0,1,0,1,0,1,1.3,2498.091528380877,75.87370724009509,22698.65977142639,5228,0
976.5,1.3,9.5,-2.6,1761.833,68.23571,-0.5680999999999585,-0.001099999999951251,-0.00029999999992469384,0.0032700000000005502,-5.999999999062311e-06,-8.000000008223651e-06,7572,0,1,0,1,0,1,1.3,2497.9943068664993,75.87269865733526,22700.773971110957,5229,0
977.25,1.3,9.5,-2.6,1761.264,68.23898,-0.5690000000001874,-0.0009000000002288289,0.00019999999972242222,0.0032700000000005502,0.0,5.999999999062311e-06,7573,0,1,0,1,0,1,1.3,2497.8970358991287,75.87169077264326,22702.8874879955,5230,0
978.75,1.3,9.5,-2.6,1760.6942,68.242256,-0.5697999999999865,-0.0007999999997991836,0.0001000000004296453,0.0032759999999996126,5.999999999062311e-06,5.999999999062311e-06,7574,0,1,0,1,0,1,1.3,2497.799715392739,75.87068358653465,22705.000321120013,5231,0
978.75,1.3,9.5,-2.6,1760.1234,68.24553,-0.5707999999999629,-0.0009999999999763531,-0.00020000000017716957,0.003274000000004662,-1.9999999949504854e-06,-7.999999994012796e-06,7575,0,1,0,1,0,1,1.3,2497.7023452349526,75.86967709846886,22707.112469284497,5232,0
978.25,1.3,9.5,-2.6,1759.5516,68.2488,-0.5717999999999392,-0.0009999999999763531,0.0,0.0032700000000005502,-4.0000000041118255e-06,-2.00000000916134e-06,7576,0,1,0,1,0,1,1.3,2497.6049253134483,75.86867130764155,22709.223931288958,5233,0
976.75,1.3,9.5,-2.6,1758.979,68.252075,-0.5725999999999658,-0.0008000000000265572,0.0001999999999497959,0.0032750000000021373,5.000000001587068e-06,9.000000005698894e-06,7577,0,1,0,1,0,1,1.3,2497.50745554236,75.86766621443654,22711.334706173388,5234,0
976.75,1.3,9.5,-2.6,1758.4054,68.255356,-0.5735999999999422,-0.0009999999999763531,-0.0001999999999497959,0.0032810000000011996,5.999999999062311e-06,9.999999974752427e-07,7578,0,1,0,1,0,1,1.3,2497.409935809473,75.86666181936931,22713.44479273779,5235,0
977.75,1.3,9.5,-2.6,1757.8308,68.25863,-0.5746000000001459,-0.0010000000002037268,-2.2737367544323206e-13,0.003273999999990451,-7.000000010748408e-06,-1.300000000981072e-05,7579,0,1,0,1,0,1,1.3,2497.3123660026386,75.86565812124012,22715.554189782168,5236,0
976.75,1.3,9.5,-2.6,1757.2555,68.26191,-0.5752999999999702,-0.0006999999998242856,0.0003000000003794412,0.0032800000000037244,6.000000013273166e-06,1.3000000024021574e-05,7580,0,1,0,1,0,1,1.3,2497.214746049334,75.86465512056458,22717.662896466514,5237,0
978.25,1.3,9.5,-2.6,1756.6792,68.26518,-0.5762999999999465,-0.0009999999999763531,-0.0003000000001520675,0.0032700000000005502,-1.0000000003174137e-05,-1.6000000016447302e-05,7581,0,1,0,1,0,1,1.3,2497.1170758375097,75.86365281574783,22719.770911590836,5238,0
978.5,1.3,9.5,-2.6,1756.1019,68.26846,-0.5773000000001502,-0.0010000000002037268,-2.2737367544323206e-13,0.0032800000000037244,1.0000000003174137e-05,2.0000000006348273e-05,7582,0,1,0,1,0,1,1.3,2497.019355255176,75.86265120783331,22721.87823395513,5239,0
976.25,1.3,9.5,-2.6,1755.5238,68.27174,-0.5780999999999494,-0.0007999999997991836,0.00020000000040454324,0.0032799999999895135,-1.4210854715202004e-14,-1.0000000017384991e-05,7583,0,1,0,1,0,1,1.3,2496.9215842167723,75.86165029654535,22723.984862599395,5240,0
975.25,1.3,9.5,-2.6,1754.9448,68.275024,-0.5789999999999509,-0.0009000000000014552,-0.00010000000020227162,0.003284000000007836,4.00000001832268e-06,4.000000032533535e-06,7584,0,1,0,1,0,1,1.3,2496.8237626235996,75.8606500821358,22726.09079644363,5241,0
974.75,1.3,9.5,-2.6,1754.365,68.278305,-0.5797999999999774,-0.0008000000000265572,9.999999997489795e-05,0.0032810000000011996,-3.000000006636583e-06,-7.000000024959263e-06,7585,0,1,0,1,0,1,1.3,2496.7258903901925,75.85965056393356,22728.196034527842,5242,0
974.5,1.3,9.5,-2.6,1753.7843,68.281586,-0.5806999999999789,-0.0009000000000014552,-9.999999997489795e-05,0.0032810000000011996,0.0,3.000000006636583e-06,7586,0,1,0,1,0,1,1.3,2496.627967417952,75.85865174166337,22730.300575772024,5243,0
974.25,1.3,9.5,-2.6,1753.2026,68.284874,-0.5816999999999553,-0.0009999999999763531,-9.999999997489795e-05,0.003287999999997737,6.999999996537554e-06,6.999999996537554e-06,7587,0,1,0,1,0,1,1.3,2496.5299935951502,75.85765361597258,22732.404418976177,5244,0
973.75,1.3,9.5,-2.6,1752.6202,68.288155,-0.5824000000000069,-0.0007000000000516593,0.00029999999992469384,0.0032810000000011996,-6.999999996537554e-06,-1.3999999993075107e-05,7588,0,1,0,1,0,1,1.3,2496.4319688496507,75.85665618566347,22734.507563300303,5245,0
971.75,1.3,9.5,-2.6,1752.0369,68.29144,-0.5833000000000084,-0.0009000000000014552,-0.0001999999999497959,0.0032849999999911006,3.999999989900971e-06,1.0999999986438525e-05,7589,0,1,0,1,0,1,1.3,2496.333893083004,75.85565945098814,22736.6100076644,5246,0
972.0,1.3,9.5,-2.6,1751.4528,68.29472,-0.5841000000000349,-0.0008000000000265572,9.999999997489795e-05,0.0032800000000037244,-4.9999999873762135e-06,-8.999999977277184e-06,7590,0,1,0,1,0,1,1.3,2496.2357662099853,75.85466341101304,22738.71175110847,5247,0
973.75,1.3,9.5,-2.6,1750.8677,68.29801,-0.5851000000000113,-0.0009999999999763531,-0.0001999999999497959,0.0032900000000068985,1.0000000003174137e-05,1.499999999055035e-05,7591,0,1,0,1,0,1,1.3,2496.1375881190725,75.85366806678083,22740.812792432513,5248,0
973.5,1.4,9.5,-2.6,1750.2819,68.3013,-0.5858000000000629,-0.0007000000000516593,0.00029999999992469384,0.0032899999999926877,-1.4210854715202004e-14,-1.0000000017384991e-05,7592,0,1,0,1,0,1,1.2000000000000002,2496.039358738312,75.8526734180166,22742.913130796525,5249,0
973.25,1.4,9.5,-2.6,1749.6951,68.30459,-0.5868000000000393,-0.0009999999999763531,-0.00029999999992469384,0.0032900000000068985,1.4210854715202004e-14,2.842170943040401e-14,7593,0,1,0,1,0,1,1.2000000000000002,2495.9410779562813,75.85167946444562,22745.01276500051,5250,0
973.75,1.4,9.5,-2.6,1749.1075,68.30788,-0.5875999999998385,-0.0007999999997991836,0.00020000000017716957,0.0032899999999926877,-1.4210854715202004e-14,-2.842170943040401e-14,7594,0,1,0,1,0,1,1.2000000000000002,2495.842745687952,75.85068620579328,22747.111694084466,5251,0
973.5,1.4,9.5,-2.6,1748.5192,68.31117,-0.5883000000001175,-0.000700000000279033,9.99999995201506e-05,0.0032900000000068985,1.4210854715202004e-14,2.842170943040401e-14,7595,0,1,0,1,0,1,1.2000000000000002,2495.744361861506,75.84969364178515,22749.209917208398,5252,0
974.75,1.4,9.5,-2.6,1747.93,68.31446,-0.5891999999998916,-0.0008999999997740815,-0.00019999999949504854,0.0032899999999926877,-1.4210854715202004e-14,-2.842170943040401e-14,7596,0,1,0,1,0,1,1.2000000000000002,2495.645926378834,75.84870177214691,22751.3074332923,5253,0
974.5,1.4,9.5,-2.6,1747.34,68.31776,-0.5900000000001455,-0.0008000000002539309,9.99999995201506e-05,0.0033000000000100727,1.0000000017384991e-05,1.0000000031595846e-05,7597,0,1,0,1,0,1,1.2000000000000002,2495.5474391550406,75.84771059792051,22753.40424137617,5254,0
973.75,1.4,9.5,-2.6,1746.7491,68.32105,-0.5908999999999196,-0.0008999999997740815,-9.99999995201506e-05,0.0032899999999926877,-1.0000000017384991e-05,-2.0000000034769982e-05,7598,0,1,0,1,0,1,1.2000000000000002,2495.448900092117,75.84672011751546,22755.500340380015,5255,0
973.75,1.4,9.5,-2.6,1746.1576,68.32435,-0.5914999999999964,-0.0006000000000767614,0.00029999999969732016,0.003299999999995862,1.0000000003174137e-05,2.0000000020559128e-05,7599,0,1,0,1,0,1,1.2000000000000002,2495.350309131579,75.84573033197368,22757.59572958383,5256,0
973.75,1.4,9.5,-2.6,1745.5652,68.327644,-0.5923999999999978,-0.0009000000000014552,-0.00029999999992469384,0.0032940000000110103,-5.999999984851456e-06,-1.5999999988025593e-05,7600,0,1,0,1,0,1,1.2000000000000002,2495.251666175503,75.84474124023156,22759.690407907616,5257,0
974.25,1.4,9.5,-2.6,1744.9719,68.33094,-0.5932999999999993,-0.0009000000000014552,0.0,0.00329599999999175,1.9999999807396307e-06,7.999999965591087e-06,7601,0,1,0,1,0,1,1.2000000000000002,2495.1529711260196,75.84375284227835,22761.784374271374,5258,0
974.25,1.4,9.5,-2.6,1744.3779,68.334236,-0.5940000000000509,-0.0007000000000516593,0.0001999999999497959,0.003296000000005961,1.4210854715202004e-14,-1.999999966528776e-06,7602,0,1,0,1,0,1,1.2000000000000002,2495.054223911614,75.84276513784033,22763.877627835103,5259,0
976.25,1.4,9.5,-2.6,1743.7831,68.33754,-0.5947999999998501,-0.0007999999997991836,-9.999999974752427e-05,0.0033039999999999736,7.999999994012796e-06,7.999999979801942e-06,7603,0,1,0,1,0,1,1.2000000000000002,2494.955424447659,75.84177812769595,22765.970167638807,5260,0
976.5,1.4,9.5,-2.6,1743.1875,68.34084,-0.595600000000104,-0.0008000000002539309,-4.547473508864641e-13,0.003299999999995862,-4.0000000041118255e-06,-1.1999999998124622e-05,7604,0,1,0,1,0,1,1.2000000000000002,2494.8565726495726,75.84079181104538,22768.06199272248,5261,0
975.25,1.4,9.5,-2.6,1742.5911,68.34415,-0.5963999999999032,-0.0007999999997991836,4.547473508864641e-13,0.003309999999999036,1.0000000003174137e-05,1.4000000007285962e-05,7605,0,1,0,1,0,1,1.2000000000000002,2494.757668432816,75.83980618892978,22770.153102126125,5262,0
974.25,1.4,9.5,-2.6,1741.994,68.34745,-0.5971000000001823,-0.000700000000279033,9.99999995201506e-05,0.003299999999995862,-1.0000000003174137e-05,-2.0000000006348273e-05,7606,0,1,0,1,0,1,1.2000000000000002,2494.6587117260415,75.83882125976073,22772.24349500974,5263,0
974.5,1.4,9.5,-2.6,1741.3961,68.35075,-0.5978999999999814,-0.0007999999997991836,-9.99999995201506e-05,0.0033000000000100727,1.4210854715202004e-14,1.0000000017384991e-05,7607,0,1,0,1,0,1,1.2000000000000002,2494.559702444795,75.837837023265,22774.333170413327,5264,0
975.25,1.4,9.5,-2.6,1740.7975,68.354065,-0.5986000000000331,-0.0007000000000516593,9.999999974752427e-05,0.003315000000000623,1.499999999055035e-05,1.4999999976339495e-05,7608,0,1,0,1,0,1,1.2000000000000002,2494.460640517808,75.83685348114075,22776.422127496884,5265,0
975.5,1.4,9.5,-2.6,1740.198,68.35737,-0.5994999999998072,-0.0008999999997740815,-0.00019999999972242222,0.003304999999997449,-1.0000000003174137e-05,-2.4999999993724487e-05,7609,0,1,0,1,0,1,1.2000000000000002,2494.361525847569,75.83587063180026,22778.510365180413,5266,0
975.5,1.4,9.5,-2.6,1739.5979,68.36068,-0.6001000000001113,-0.000600000000304135,0.0002999999994699465,0.003309999999999036,5.000000001587068e-06,1.5000000004761205e-05,7610,0,1,0,1,0,1,1.2000000000000002,2494.2623583760346,75.83488847562738,22780.597882743914,5267,0
976.75,1.4,9.5,-2.6,1738.997,68.36399,-0.6008999999999105,-0.0007999999997991836,-0.00019999999949504854,0.003309999999999036,0.0,-5.000000001587068e-06,7611,0,1,0,1,0,1,1.2000000000000002,2494.1631380189174,75.83390701234893,22782.684679227386,5268,0
978.25,1.4,9.5,-2.6,1738.3953,68.3673,-0.6017000000001644,-0.0008000000002539309,-4.547473508864641e-13,0.003309999999999036,0.0,0.0,7612,0,1,0,1,0,1,1.2000000000000002,2494.0638646919747,75.83292624169184,22784.77075367083,5269,0
978.5,1.4,9.5,-2.6,1737.793,68.37062,-0.6023000000000138,-0.0005999999998493877,0.00020000000040454324,0.00332000000000221,1.0000000003174137e-05,1.0000000003174137e-05,7613,0,1,0,1,0,1,1.2000000000000002,2493.9645383372736,75.83194616469662,22786.856105354243,5270,0
978.5,1.4,9.5,-2.6,1737.1898,68.37394,-0.6031999999997879,-0.0008999999997740815,-0.00029999999992469384,0.00332000000000221,0.0,-1.0000000003174137e-05,7614,0,1,0,1,0,1,1.2000000000000002,2493.865158857518,75.83096678108996,22788.94073319763,5271,0
979.75,1.4,9.5,-2.6,1736.5859,68.37725,-0.6039000000000669,-0.000700000000279033,0.00019999999949504854,0.003309999999999036,-1.0000000003174137e-05,-1.0000000003174137e-05,7615,0,1,0,1,0,1,1.2000000000000002,2493.7657261817226,75.82998808928572,22791.024636360984,5272,0
979.75,1.4,9.5,-2.6,1735.9814,68.38057,-0.6045000000001437,-0.0006000000000767614,0.00010000000020227162,0.00332000000000221,1.0000000003174137e-05,2.0000000006348273e-05,7616,0,1,0,1,0,1,1.2000000000000002,2493.666240252068,75.82901009032427,22793.107814124312,5273,0
980.25,1.4,9.5,-2.6,1735.3761,68.383896,-0.6052999999999429,-0.0007999999997991836,-0.00019999999972242222,0.0033259999999870615,5.999999984851456e-06,-4.00000001832268e-06,7617,0,1,0,1,0,1,1.2000000000000002,2493.5667009845106,75.8280327847204,22795.19026552761,5274,0
979.75,1.4,9.5,-2.6,1734.7701,68.387215,-0.6059999999999945,-0.0007000000000516593,9.999999974752427e-05,0.003319000000004735,-6.999999982326699e-06,-1.2999999967178155e-05,7618,0,1,0,1,0,1,1.2000000000000002,2493.467108308177,75.82705617128232,22797.271989730878,5275,0
978.75,1.4,9.5,-2.6,1734.1635,68.39054,-0.6065999999998439,-0.0005999999998493877,0.00010000000020227162,0.003325000000003797,5.999999999062311e-06,1.299999998138901e-05,7619,0,1,0,1,0,1,1.2000000000000002,2493.3674621653545,75.82608025052492,22799.35298601412,5276,0
978.75,1.4,9.5,-2.6,1733.556,68.39387,-0.6075000000000728,-0.0009000000002288289,-0.0003000000003794412,0.003330000000005384,5.000000001587068e-06,-9.999999974752427e-07,7620,0,1,0,1,0,1,1.2000000000000002,2493.2677624589946,75.82510502283165,22801.43325329733,5277,0
978.25,1.4,9.5,-2.6,1732.948,68.397194,-0.6079999999999472,-0.0004999999998744897,0.00040000000035433914,0.003323999999992111,-6.000000013273166e-06,-1.1000000014860234e-05,7621,0,1,0,1,0,1,1.2000000000000002,2493.1680091445814,75.82413048714248,22803.512790980512,5278,0
976.25,1.4,9.5,-2.6,1732.3392,68.40052,-0.6088000000002012,-0.0008000000002539309,-0.0003000000003794412,0.0033260000000012724,2.00000000916134e-06,8.000000022434506e-06,7622,0,1,0,1,0,1,1.2000000000000002,2493.068202138266,75.82315664344746,22805.591598103663,5279,0
977.25,1.4,9.5,-2.6,1731.7299,68.403854,-0.6092999999998483,-0.0004999999996471161,0.00030000000060681487,0.003333999999995285,7.999999994012796e-06,5.999999984851456e-06,7623,0,1,0,1,0,1,1.2000000000000002,2492.9683413955927,75.8221834925236,22807.669674066787,5280,0
978.75,1.4,9.5,-2.6,1731.1196,68.40719,-0.610300000000052,-0.0010000000002037268,-0.0005000000005566108,0.0033360000000044465,2.00000000916134e-06,-5.999999984851456e-06,7624,0,1,0,1,0,1,1.2000000000000002,2492.868426806557,75.82121103436066,22809.74701766988,5281,0
980.25,1.4,9.5,-2.6,1730.5089,68.41052,-0.6106999999999516,-0.0003999999998995918,0.000600000000304135,0.003330000000005384,-5.999999999062311e-06,-8.000000008223651e-06,7625,0,1,0,1,0,1,1.2000000000000002,2492.76845833989,75.82023926789928,22811.823628432943,5282,0
980.25,1.4,9.5,-2.6,1729.8975,68.41386,-0.6114000000000033,-0.0007000000000516593,-0.0003000000001520675,0.0033399999999943475,9.999999988963282e-06,1.5999999988025593e-05,7626,0,1,0,1,0,1,1.2000000000000002,2492.668435925003,75.81926819417858,22813.89950551598,5283,0
979.25,1.4,9.5,-2.6,1729.2853,68.41719,-0.6122000000000298,-0.0008000000000265572,-9.999999997489795e-05,0.003330000000005384,-9.999999988963282e-06,-1.9999999977926564e-05,7627,0,1,0,1,0,1,1.2000000000000002,2492.568359478238,75.8182978116151,22815.974647958985,5284,0
980.25,1.4,9.5,-2.6,1728.6725,68.42053,-0.6128000000001066,-0.0006000000000767614,0.0001999999999497959,0.0033399999999943475,9.999999988963282e-06,1.9999999977926564e-05,7628,0,1,0,1,0,1,1.2000000000000002,2492.4682289421944,75.81732812124787,22818.049055041964,5285,0
978.25,1.4,9.5,-2.6,1728.0591,68.423874,-0.613399999999956,-0.0005999999998493877,2.2737367544323206e-13,0.0033439999999984593,4.0000000041118255e-06,-5.999999984851456e-06,7629,0,1,0,1,0,1,1.2000000000000002,2492.3680442595023,75.81635912332897,22820.12272604491,5286,0
978.25,1.4,9.5,-2.6,1727.4451,68.42722,-0.6140000000000327,-0.0006000000000767614,-2.2737367544323206e-13,0.0033460000000076207,2.00000000916134e-06,-1.9999999949504854e-06,7630,0,1,0,1,0,1,1.2000000000000002,2492.2678053728214,75.81539081784825,22822.195660247828,5287,0
976.25,1.4,9.5,-2.6,1726.8303,68.430565,-0.6147999999998319,-0.0007999999997991836,-0.00019999999972242222,0.0033449999999959346,-1.0000000116860974e-06,-3.0000000208474376e-06,7631,0,1,0,1,0,1,1.2000000000000002,2492.1675121986373,75.81442320440252,22824.267856690713,5288,0
976.75,1.4,9.5,-2.6,1726.215,68.433914,-0.6153000000001612,-0.0005000000003292371,0.0002999999994699465,0.0033490000000000464,4.0000000041118255e-06,5.000000015797923e-06,7632,0,1,0,1,0,1,1.2000000000000002,2492.0671646927813,75.81345628324381,22826.339314773573,5289,0
975.75,1.4,9.5,-2.6,1725.599,68.43726,-0.6159999999999854,-0.0006999999998242856,-0.00019999999949504854,0.00334599999999341,-3.000000006636583e-06,-7.000000010748408e-06,7633,0,1,0,1,0,1,1.2000000000000002,2491.9667627849094,75.8124900537071,22828.4100336564,5290,0
974.75,1.4,9.5,-2.6,1724.9823,68.44061,-0.6167000000000371,-0.0007000000000516593,-2.2737367544323206e-13,0.0033500000000117325,4.00000001832268e-06,7.000000024959263e-06,7634,0,1,0,1,0,1,1.2000000000000002,2491.8663064047155,75.81152451604453,22830.4800124992,5291,0
975.75,1.4,9.5,-2.6,1724.3651,68.44397,-0.6171999999999116,-0.0004999999998744897,0.00020000000017716957,0.003359999999986485,9.999999974752427e-06,5.999999956429747e-06,7635,0,1,0,1,0,1,1.2000000000000002,2491.7657955081195,75.81055967129387,22832.54925070197,5292,0
975.75,1.4,9.5,-2.6,1723.7473,68.44733,-0.6177999999999884,-0.0006000000000767614,-0.00010000000020227162,0.0033600000000006958,1.4210854715202004e-14,-9.999999960541572e-06,7636,0,1,0,1,0,1,1.2000000000000002,2491.665230037973,75.80959551918292,22834.61774754471,5293,0
974.75,1.4,9.5,-2.6,1723.1288,68.45068,-0.61850000000004,-0.0007000000000516593,-9.999999997489795e-05,0.0033500000000117325,-9.999999988963282e-06,-1.0000000003174137e-05,7637,0,1,0,1,0,1,1.2000000000000002,2491.564609924064,75.8086320581304,22836.68550218742,5294,0
975.25,1.4,9.5,-2.6,1722.5098,68.45404,-0.6189999999999145,-0.0004999999998744897,0.00020000000017716957,0.0033600000000006958,9.999999988963282e-06,1.9999999977926564e-05,7638,0,1,0,1,0,1,1.2000000000000002,2491.463935122398,75.80766928917397,22838.7525140301,5295,0
976.75,1.4,9.5,-2.6,1721.8901,68.457405,-0.6196999999999662,-0.0007000000000516593,-0.00020000000017716957,0.003364999999988072,4.9999999873762135e-06,-5.000000001587068e-06,7639,0,1,0,1,0,1,1.2000000000000002,2491.3632055628273,75.80670721269634,22840.818782232753,5296,0
977.25,1.4,9.5,-2.6,1721.2698,68.46077,-0.6203000000000429,-0.0006000000000767614,9.999999997489795e-05,0.003365000000002283,1.4210854715202004e-14,-4.999999973165359e-06,7640,0,1,0,1,0,1,1.2000000000000002,2491.2624211883262,75.8057458284256,22842.88430607537,5297,0
975.75,1.5,9.5,-2.6,1720.6489,68.464134,-0.6209000000001197,-0.0006000000000767614,0.0,0.0033640000000048076,-9.999999974752427e-07,-1.0000000116860974e-06,7641,0,1,0,1,0,1,1.1,2491.1615819419,75.80478513595918,22844.949084837965,5298,0
976.75,1.5,9.5,-2.6,1720.0276,68.4675,-0.6213000000000193,-0.0003999999998995918,0.00020000000017716957,0.003365999999999758,1.9999999949504854e-06,2.999999992425728e-06,7642,0,1,0,1,0,1,1.1,2491.0606877927517,75.8038251352872,22847.013118040526,5299,0
977.0,1.5,9.5,-2.6,1719.4055,68.47087,-0.6220999999998185,-0.0007999999997991836,-0.0003999999998995918,0.00337000000000387,4.0000000041118255e-06,2.00000000916134e-06,7643,0,1,0,1,0,1,1.1,2490.9597386577707,75.80286582666143,22849.076404723055,5300,0
977.75,1.5,9.5,-2.6,1718.783,68.47424,-0.6225000000001728,-0.00040000000035433914,0.00039999999944484443,0.003369999999989659,-1.4210854715202004e-14,-4.00000001832268e-06,7644,0,1,0,1,0,1,1.1,2490.8587345062133,75.80190720981034,22851.138944405557,5301,0
977.5,1.5,9.5,-2.6,1718.1598,68.47762,-0.6231999999999971,-0.0006999999998242856,-0.0002999999994699465,0.003380000000007044,1.0000000017384991e-05,1.0000000031595846e-05,7645,0,1,0,1,0,1,1.1,2490.757675268114,75.80094928577034,22853.20073624803,5302,0
978.25,1.5,9.5,-2.6,1717.5361,68.481,-0.6236999999998716,-0.0004999999998744897,0.0001999999999497959,0.003379999999992833,-1.4210854715202004e-14,-1.0000000031595846e-05,7646,0,1,0,1,0,1,1.1,2490.6565608996993,75.79999205426964,22855.26177965047,5303,0
976.75,1.5,9.5,-2.6,1716.9119,68.48438,-0.6241999999999734,-0.0005000000001018634,-2.2737367544323206e-13,0.003380000000007044,1.4210854715202004e-14,2.842170943040401e-14,7647,0,1,0,1,0,1,1.1,2490.5553913572176,75.7990355150366,22857.32207401288,5304,0
974.25,1.5,9.5,-2.6,1716.287,68.48776,-0.6249000000000251,-0.0007000000000516593,-0.0001999999999497959,0.003379999999992833,-1.4210854715202004e-14,-2.842170943040401e-14,7648,0,1,0,1,0,1,1.1,2490.4541665707934,75.79807966779971,22859.381618495263,5305,0
973.75,1.5,9.5,-2.6,1715.6616,68.49115,-0.625400000000127,-0.0005000000001018634,0.0001999999999497959,0.003390000000010218,1.0000000017384991e-05,1.0000000031595846e-05,7649,0,1,0,1,0,1,1.1,2490.352886496732,75.79712451359478,22861.440412497617,5306,0
973.25,1.5,9.5,-2.6,1715.0356,68.49453,-0.6259999999999764,-0.0005999999998493877,-9.999999974752427e-05,0.003379999999992833,-1.0000000017384991e-05,-2.0000000034769982e-05,7650,0,1,0,1,0,1,1.1,2490.2515510782905,75.79617005084302,22863.498455299938,5307,0
974.75,1.5,9.5,-2.6,1714.4092,68.497925,-0.626399999999876,-0.0003999999998995918,0.0001999999999497959,0.0033949999999975944,1.5000000004761205e-05,2.5000000022146196e-05,7651,0,1,0,1,0,1,1.1,2490.150160284893,75.79521628123366,22865.55574642223,5308,0
974.25,1.5,9.5,-2.6,1713.7822,68.50131,-0.6269999999999527,-0.0006000000000767614,-0.00020000000017716957,0.003385000000008631,-9.999999988963282e-06,-2.4999999993724487e-05,7652,0,1,0,1,0,1,1.1,2490.0487140598457,75.79426320318828,22867.612285144492,5309,0
974.25,1.5,9.5,-2.6,1713.1548,68.50471,-0.6274000000000797,-0.00040000000012696546,0.0001999999999497959,0.0033999999999991815,1.499999999055035e-05,2.4999999979513632e-05,7653,0,1,0,1,0,1,1.1,2489.947212372616,75.79331081839561,22869.66807098672,5310,0
975.25,1.5,9.5,-2.6,1712.5267,68.5081,-0.6281000000001313,-0.0007000000000516593,-0.00029999999992469384,0.0033899999999960073,-1.0000000003174137e-05,-2.4999999993724487e-05,7654,0,1,0,1,0,1,1.1,2489.8456551534946,75.7923591252776,22871.723103108925,5311,0
974.75,1.5,9.5,-2.6,1711.8982,68.511505,-0.6284999999998035,-0.0003999999996722181,0.0003000000003794412,0.0034050000000007685,1.5000000004761205e-05,2.500000000793534e-05,7655,0,1,0,1,0,1,1.1,2489.744042371996,75.79140812552247,22873.777381031094,5312,0
973.75,1.5,9.5,-2.8,1711.269,68.51491,-0.6292000000000826,-0.000700000000279033,-0.00030000000060681487,0.0034050000000007685,0.0,-1.5000000004761205e-05,7656,0,1,0,1,0,1,1.2999999999999998,2489.6423739584693,75.79045781885857,22875.830903913236,5313,0
974.25,1.5,9.5,-2.8,1710.6395,68.51831,-0.6295000000000073,-0.00029999999992469384,0.00040000000035433914,0.0033999999999991815,-5.000000001587068e-06,-5.000000001587068e-06,7657,0,1,0,1,0,1,1.2999999999999998,2489.540649895534,75.78950820436145,22877.883671395346,5314,0
974.25,1.5,9.5,-2.8,1710.0094,68.52172,-0.630100000000084,-0.0006000000000767614,-0.0003000000001520675,0.0034100000000023556,1.0000000003174137e-05,1.5000000004761205e-05,7658,0,1,0,1,0,1,1.2999999999999998,2489.4388701266485,75.78855928306567,22879.935682757427,5315,0
973.25,1.5,9.5,-2.8,1709.3789,68.52513,-0.6304999999999836,-0.0003999999998995918,0.00020000000017716957,0.0034100000000023556,0.0,-1.0000000003174137e-05,7659,0,1,0,1,0,1,1.2999999999999998,2489.3370346214097,75.78761105469974,22881.986937519476,5316,0
973.25,1.5,9.5,-2.8,1708.7478,68.52854,-0.631099999999833,-0.0005999999998493877,-0.0001999999999497959,0.0034100000000023556,0.0,0.0,7660,0,1,0,1,0,1,1.2999999999999998,2489.2351433233257,75.7866635189923,22884.037434961498,5317,0
973.25,1.5,9.5,-2.8,1708.1162,68.53195,-0.6316000000001623,-0.0005000000003292371,9.99999995201506e-05,0.0034099999999881447,-1.4210854715202004e-14,-1.4210854715202004e-14,7661,0,1,0,1,0,1,1.2999999999999998,2489.1331961889846,75.78571667567215,22886.087174483488,5318,0
973.25,1.5,9.5,-2.8,1707.4843,68.53537,-0.6318999999998596,-0.00029999999969732016,0.00020000000063191692,0.0034200000000055297,1.0000000017384991e-05,1.0000000031595846e-05,7662,0,1,0,1,0,1,1.2999999999999998,2489.0311932010964,75.7847705257732,22888.136155725446,5319,0
973.25,1.5,9.5,-2.8,1706.8517,68.538795,-0.6326000000001386,-0.000700000000279033,-0.0004000000005817128,0.003424999999992906,4.9999999873762135e-06,-5.000000030008778e-06,7663,0,1,0,1,0,1,1.2999999999999998,2488.929134290188,75.78382506967641,22890.184377847374,5320,0
972.75,1.5,9.5,-2.8,1706.2188,68.54221,-0.6328999999998359,-0.00029999999969732016,0.0004000000005817128,0.0034150000000039427,-9.999999988963282e-06,-1.4999999976339495e-05,7664,0,1,0,1,0,1,1.2999999999999998,2488.8270194390084,75.7828803058056,22892.231840489272,5321,0
973.25,1.5,9.5,-2.8,1705.5853,68.54564,-0.6335000000001401,-0.000600000000304135,-0.00030000000060681487,0.003430000000008704,1.5000000004761205e-05,2.4999999993724487e-05,7665,0,1,0,1,0,1,1.2999999999999998,2488.724848591182,75.78193623584659,22894.27854293114,5322,0
974.75,1.5,9.5,-2.8,1704.9514,68.54907,-0.6339000000000397,-0.0003999999998995918,0.00020000000040454324,0.003429999999994493,-1.4210854715202004e-14,-1.500000001897206e-05,7666,0,1,0,1,0,1,1.2999999999999998,2488.622621716447,75.78099285952786,22896.324484692977,5323,0
974.75,1.5,9.5,-2.8,1704.3171,68.552505,-0.6342999999999392,-0.0003999999998995918,0.0,0.00343499999999608,5.000000001587068e-06,5.000000015797923e-06,7667,0,1,0,1,0,1,1.2999999999999998,2488.5203387845595,75.78005017723004,22898.369665294787,5324,0
974.25,1.5,9.5,-2.8,1703.6823,68.55594,-0.6348000000000411,-0.0005000000001018634,-0.00010000000020227162,0.003435000000010291,1.4210854715202004e-14,-4.9999999873762135e-06,7668,0,1,0,1,0,1,1.2999999999999998,2488.417999752249,75.7791081886817,22900.414084136562,5325,0
974.25,1.5,9.5,-2.8,1703.047,68.55937,-0.6352999999999156,-0.0004999999998744897,2.2737367544323206e-13,0.003429999999994493,-5.000000015797923e-06,-5.000000030008778e-06,7669,0,1,0,1,0,1,1.2999999999999998,2488.315604576271,75.77816689295958,22902.45774061831,5326,0
975.25,1.5,9.5,-2.8,1702.4114,68.56281,-0.6356000000000677,-0.0003000000001520675,0.00019999999972242222,0.003439999999997667,1.0000000003174137e-05,1.500000001897206e-05,7670,0,1,0,1,0,1,1.2999999999999998,2488.2131532394733,75.77722629109634,22904.500634380027,5327,0
975.5,1.5,9.5,-2.8,1701.7753,68.56625,-0.6360999999999422,-0.0004999999998744897,-0.00019999999972242222,0.003439999999997667,0.0,-1.0000000003174137e-05,7671,0,1,0,1,0,1,1.2999999999999998,2488.110645698644,75.77628638282066,22906.542764821712,5328,0
975.5,1.5,9.5,-2.8,1701.1387,68.5697,-0.636600000000044,-0.0005000000001018634,-2.2737367544323206e-13,0.0034500000000008413,1.0000000003174137e-05,1.0000000003174137e-05,7672,0,1,0,1,0,1,1.2999999999999998,2488.0080819105956,75.7753471691646,22908.584131343367,5329,0
976.25,1.5,9.5,-2.8,1700.5017,68.57315,-0.6369999999999436,-0.0003999999998995918,0.00010000000020227162,0.0034500000000008413,0.0,-1.0000000003174137e-05,7673,0,1,0,1,0,1,1.2999999999999998,2487.9054618451914,75.77440864985665,22910.62473346499,5330,0
976.25,1.5,9.5,-2.8,1699.8644,68.57661,-0.6373000000000957,-0.0003000000001520675,9.999999974752427e-05,0.0034600000000040154,1.0000000003174137e-05,1.0000000003174137e-05,7674,0,1,0,1,0,1,1.2999999999999998,2487.802785485342,75.77347082592834,22912.664570826582,5331,0
976.0,1.5,9.5,-2.8,1699.2266,68.580055,-0.6377999999999702,-0.0004999999998744897,-0.00019999999972242222,0.003444999999999254,-1.5000000004761205e-05,-2.500000000793534e-05,7675,0,1,0,1,0,1,1.2999999999999998,2487.7000527879104,75.77253369515373,22914.703642828146,5332,0
976.25,1.5,9.5,-2.8,1698.5884,68.58352,-0.6381999999998698,-0.0003999999998995918,9.999999997489795e-05,0.0034649999999913916,1.9999999992137418e-05,3.499999999689862e-05,7676,0,1,0,1,0,1,1.2999999999999998,2487.5972637228083,75.77159725986714,22916.74194898968,5333,0
976.75,1.5,9.5,-2.8,1697.9497,68.586975,-0.638700000000199,-0.0005000000003292371,-0.0001000000004296453,0.0034550000000024284,-9.999999988963282e-06,-2.99999999811007e-05,7677,0,1,0,1,0,1,1.2999999999999998,2487.4944182469394,75.77066151849439,22918.779488711178,5334,0
975.75,1.5,9.5,-2.8,1697.3107,68.59044,-0.6389999999998963,-0.00029999999969732016,0.00020000000063191692,0.0034650000000056025,1.0000000003174137e-05,1.9999999992137418e-05,7678,0,1,0,1,0,1,1.2999999999999998,2487.391516343274,75.76972647206668,22920.81626163265,5335,0
973.75,1.5,9.5,-2.8,1696.6713,68.59391,-0.6394000000000233,-0.00040000000012696546,-0.0001000000004296453,0.0034699999999929787,4.9999999873762135e-06,-5.000000015797923e-06,7679,0,1,0,1,0,1,1.2999999999999998,2487.288557981771,75.76879212096354,22922.85226727409,5336,0
972.75,1.5,9.5,-2.8,1696.0315,68.597374,-0.6397999999999229,-0.0003999999998995918,2.2737367544323206e-13,0.0034640000000081272,-5.999999984851456e-06,-1.099999997222767e-05,7680,0,1,0,1,0,1,1.2999999999999998,2487.1855431324047,75.76785846413227,22924.8875051555,5337,0
970.75,1.5,9.5,-2.8,1695.3914,68.60085,-0.6401000000000749,-0.0003000000001520675,9.999999974752427e-05,0.003475999999992041,1.1999999983913767e-05,1.7999999968765223e-05,7681,0,1,0,1,0,1,1.2999999999999998,2487.082471778183,75.76692550286384,22926.92197491688,5338,0
971.25,1.5,9.5,-2.8,1694.7509,68.604324,-0.6404999999999745,-0.0003999999998995918,-9.999999974752427e-05,0.0034740000000113014,-1.9999999807396307e-06,-1.3999999964653398e-05,7682,0,1,0,1,0,1,1.2999999999999998,2486.979343889106,75.76599323662631,22928.955676078225,5339,0
972.75,1.5,9.5,-2.8,1694.1099,68.6078,-0.6410000000000764,-0.0005000000001018634,-0.00010000000020227162,0.003475999999992041,1.9999999807396307e-06,3.999999961479261e-06,7683,0,1,0,1,0,1,1.2999999999999998,2486.876159422176,75.76506166540864,22930.988608039544,5340,0
971.25,1.5,9.5,-2.8,1693.4686,68.61129,-0.6413000000000011,-0.00029999999992469384,0.00020000000017716957,0.003489999999999327,1.4000000007285962e-05,1.2000000026546331e-05,7684,0,1,0,1,0,1,1.2999999999999998,2486.7729183604424,75.76413079076123,22933.02077044083,5341,0
971.75,1.5,9.5,-2.8,1692.8269,68.61478,-0.6416999999999007,-0.0003999999998995918,-9.999999997489795e-05,0.003489999999999327,0.0,-1.4000000007285962e-05,7685,0,1,0,1,0,1,1.2999999999999998,2486.669620673953,75.76320061241218,22935.052162802087,5342,0
971.5,1.5,9.5,-2.8,1692.1849,68.61826,-0.6420000000000528,-0.0003000000001520675,9.999999974752427e-05,0.0034800000000103637,-9.999999988963282e-06,-9.999999988963282e-06,7686,0,1,0,1,0,1,1.2999999999999998,2486.566266345779,75.76227112878885,22937.08278476331,5343,0
968.75,1.5,9.5,-2.8,1691.5426,68.62176,-0.6422999999999774,-0.00029999999992469384,2.2737367544323206e-13,0.0034999999999882903,1.9999999977926564e-05,2.9999999966889845e-05,7687,0,1,0,1,0,1,1.2999999999999998,2486.462855359001,75.76134234222164,22939.112635964506,5344,0
967.25,1.5,9.5,-2.8,1690.8999,68.62525,-0.6427000000001044,-0.00040000000012696546,-0.00010000000020227162,0.003489999999999327,-9.999999988963282e-06,-2.9999999966889845e-05,7688,0,1,0,1,0,1,1.2999999999999998,2486.359387683704,75.76041425113799,22941.141715925667,5345,0
966.75,1.5,9.5,-2.8,1690.2568,68.62875,-0.6430999999997766,-0.0003999999996722181,4.547473508864641e-13,0.003500000000002501,1.0000000003174137e-05,1.9999999992137418e-05,7689,0,1,0,1,0,1,1.2999999999999998,2486.2558632899872,75.75948685656698,22943.1700241668,5346,0
967.75,1.5,9.5,-2.8,1689.6135,68.632256,-0.6433000000001812,-0.00020000000040454324,0.00019999999926767487,0.0035060000000015634,5.999999999062311e-06,-4.0000000041118255e-06,7690,0,1,0,1,0,1,1.2999999999999998,2486.1522821739695,75.75856015901704,22945.1975604479,5347,0
967.25,1.5,9.5,-2.8,1688.9698,68.63576,-0.6436999999998534,-0.0003999999996722181,-0.00019999999926767487,0.003504000000006613,-1.9999999949504854e-06,-7.999999994012796e-06,7691,0,1,0,1,0,1,1.2999999999999998,2486.048644305772,75.75763415795632,22947.224324288974,5348,0
967.25,1.5,9.5,-2.8,1688.3258,68.63927,-0.6440000000000055,-0.0003000000001520675,9.99999995201506e-05,0.0035099999999914644,5.999999984851456e-06,7.999999979801942e-06,7692,0,1,0,1,0,1,1.2999999999999998,2485.9449496685297,75.75670885389316,22949.250315330013,5349,0
966.25,1.5,9.5,-2.8,1687.6814,68.642784,-0.6444000000001324,-0.00040000000012696546,-9.999999997489795e-05,0.003514000000009787,4.00000001832268e-06,-1.999999966528776e-06,7693,0,1,0,1,0,1,1.2999999999999998,2485.841198232389,75.75578424707565,22951.275533091022,5350,0
966.0,1.5,9.5,-2.8,1687.0367,68.6463,-0.6446999999998297,-0.00029999999969732016,0.0001000000004296453,0.0035159999999905267,1.9999999807396307e-06,-2.0000000375830496e-06,7694,0,1,0,1,0,1,1.2999999999999998,2485.737389980507,75.75486033749188,22953.299977212,5351,0
966.75,1.5,9.5,-2.8,1686.3917,68.64982,-0.6450000000002092,-0.0003000000003794412,-6.821210263296962e-13,0.0035200000000088494,4.00000001832268e-06,2.0000000375830496e-06,7695,0,1,0,1,0,1,1.2999999999999998,2485.63352489605,75.75393712538981,22955.323647332945,5352,0
969.25,1.5,9.5,-2.8,1685.7465,68.65334,-0.6451999999999316,-0.00019999999972242222,0.00010000000065701897,0.0035199999999946385,-1.4210854715202004e-14,-4.000000032533535e-06,7696,0,1,0,1,0,1,1.2999999999999998,2485.5296029751853,75.75301461049759,22957.346543213862,5353,0
969.0,1.5,9.5,-2.8,1685.101,68.65687,-0.6454999999998563,-0.00029999999992469384,-0.00010000000020227162,0.0035299999999978127,1.0000000003174137e-05,1.0000000017384991e-05,7697,0,1,0,1,0,1,1.2999999999999998,2485.425624201091,75.75209279384256,22959.368664494745,5354,0
969.75,1.5,9.5,-2.8,1684.4551,68.6604,-0.6459000000002106,-0.00040000000035433914,-0.0001000000004296453,0.0035299999999978127,0.0,-1.0000000003174137e-05,7698,0,1,0,1,0,1,1.2999999999999998,2485.3215885439668,75.75117167515262,22961.3900106956,5355,0
970.75,1.5,9.5,-2.8,1683.8088,68.66393,-0.6462999999998829,-0.0003999999996722181,6.821210263296962e-13,0.0035299999999978127,0.0,0.0,7699,0,1,0,1,0,1,1.2999999999999998,2485.217495974026,75.75025125415584,22963.410581336422,5356,0
970.75,1.5,9.5,-2.8,1683.1625,68.667465,-0.6463000000001102,-2.2737367544323206e-13,0.00039999999944484443,0.0035350000000136106,5.000000015797923e-06,5.000000015797923e-06,7700,0,1,0,1,0,1,1.2999999999999998,2485.1133465134394,75.7493315312297,22965.430376417215,5357,0
970.5,1.5,9.5,-2.8,1682.5157,68.67101,-0.6467999999999847,-0.0004999999998744897,-0.0004999999996471161,0.003544999999988363,9.999999974752427e-06,4.999999958954504e-06,7701,0,1,0,1,0,1,1.2999999999999998,2485.0091401194495,75.74841250740067,22967.449395337975,5358,0
969.75,1.5,9.5,-2.8,1681.8688,68.67455,-0.6468999999999596,-9.999999997489795e-05,0.0003999999998995918,0.003540000000000987,-4.9999999873762135e-06,-1.499999996212864e-05,7702,0,1,0,1,0,1,1.2999999999999998,2484.9048768012462,75.74749418174737,22969.467637978705,5359,0
968.75,1.5,9.5,-2.8,1681.2214,68.6781,-0.6474000000000615,-0.0005000000001018634,-0.00040000000012696546,0.003550000000004161,1.0000000003174137e-05,1.499999999055035e-05,7703,0,1,0,1,0,1,1.2999999999999998,2484.800556516095,75.74657655529595,22971.485103739404,5360,0
969.0,1.5,9.5,-2.8,1680.574,68.681656,-0.6473999999998341,2.2737367544323206e-13,0.0005000000003292371,0.0035560000000032232,5.999999999062311e-06,-4.0000000041118255e-06,7704,0,1,0,1,0,1,1.2999999999999998,2484.696179286178,75.74565962855289,22973.50179262007,5361,0
969.75,1.5,9.5,-2.8,1679.9261,68.68521,-0.6479000000001633,-0.0005000000003292371,-0.0005000000005566108,0.003553999999994062,-2.00000000916134e-06,-8.000000008223651e-06,7705,0,1,0,1,0,1,1.2999999999999998,2484.5917450687775,75.74474340098625,22975.51770402071,5362,0
971.25,1.5,9.5,-2.8,1679.2782,68.68877,-0.647899999999936,2.2737367544323206e-13,0.0005000000005566108,0.003560000000007335,6.000000013273166e-06,8.000000022434506e-06,7706,0,1,0,1,0,1,1.2999999999999998,2484.4872538860777,75.74382787310238,22977.532837941315,5363,0
971.0,1.5,9.5,-2.8,1678.6299,68.69233,-0.6483000000000629,-0.00040000000012696546,-0.00040000000035433914,0.0035599999999931242,-1.4210854715202004e-14,-6.00000002748402e-06,7707,0,1,0,1,0,1,1.2999999999999998,2484.382705708355,75.74291304462896,22979.547193901886,5364,0
970.75,1.5,9.5,-2.8,1677.9813,68.6959,-0.6485999999999876,-0.00029999999992469384,0.00010000000020227162,0.0035699999999962984,1.0000000003174137e-05,1.0000000017384991e-05,7708,0,1,0,1,0,1,1.2999999999999998,2484.278100518874,75.74199891659099,22981.56077154243,5365,0
969.75,1.5,9.5,-2.8,1677.3326,68.69947,-0.6486999999999625,-9.999999997489795e-05,0.0001999999999497959,0.003570000000010509,1.4210854715202004e-14,-9.999999988963282e-06,7709,0,1,0,1,0,1,1.2999999999999998,2484.173438326848,75.74108548871597,22983.57357074294,5366,0
971.75,1.5,9.5,-2.8,1676.6836,68.70305,-0.6489999999998872,-0.00029999999992469384,-0.0001999999999497959,0.0035799999999994725,9.999999988963282e-06,9.999999974752427e-06,7710,0,1,0,1,0,1,1.2999999999999998,2484.0687191155494,75.74017276202827,22985.585591143423,5367,0
970.25,1.5,9.5,-2.8,1676.0344,68.70663,-0.6492000000000644,-0.00020000000017716957,9.999999974752427e-05,0.0035799999999994725,0.0,-9.999999988963282e-06,7711,0,1,0,1,0,1,1.2999999999999998,2483.963942881224,75.73926073625519,22987.596832503874,5368,0
971.25,1.5,9.5,-2.8,1675.3849,68.710205,-0.6494999999999891,-0.00029999999992469384,-9.999999974752427e-05,0.0035749999999978854,-5.000000001587068e-06,-5.000000001587068e-06,7712,0,1,0,1,0,1,1.2999999999999998,2483.8591096071564,75.73834941047582,22989.60729446429,5369,0
970.75,1.5,9.5,-2.8,1674.7352,68.71379,-0.6496999999999389,-0.0001999999999497959,9.999999997489795e-05,0.0035850000000010596,1.0000000003174137e-05,1.5000000004761205e-05,7713,0,1,0,1,0,1,1.2999999999999998,2483.7542192896035,75.73743878571429,22991.61697678468,5370,0
969.25,1.5,9.5,-2.8,1674.0854,68.717384,-0.6498000000001412,-0.00010000000020227162,9.999999974752427e-05,0.0035939999999925476,8.999999991488039e-06,-1.0000000116860974e-06,7714,0,1,0,1,0,1,1.2999999999999998,2483.649271937784,75.73652886286455,22993.625879345036,5371,0
969.25,1.5,9.5,-2.8,1673.4353,68.72098,-0.6500999999998385,-0.00029999999969732016,-0.00019999999949504854,0.003596000000001709,2.00000000916134e-06,-6.999999982326699e-06,7715,0,1,0,1,0,1,1.2999999999999998,2483.5442675349923,75.7356196419129,22995.634001785358,5372,0
969.25,1.5,9.5,-2.8,1672.785,68.72458,-0.6503000000000156,-0.00020000000017716957,9.99999995201506e-05,0.0036000000000058208,4.0000000041118255e-06,1.9999999949504854e-06,7716,0,1,0,1,0,1,1.2999999999999998,2483.4392060774912,75.73471112310484,22997.641343865653,5373,0
969.25,1.5,9.5,-2.8,1672.1346,68.72818,-0.6503999999999905,-9.999999997489795e-05,0.00010000000020227162,0.00359999999999161,-1.4210854715202004e-14,-4.00000001832268e-06,7717,0,1,0,1,0,1,1.2999999999999998,2483.334087574501,75.7338033061674,22999.647905465918,5374,0
969.0,1.5,9.5,-2.8,1671.484,68.73178,-0.6506000000001677,-0.00020000000017716957,-0.00010000000020227162,0.0036000000000058208,1.4210854715202004e-14,2.842170943040401e-14,7718,0,1,0,1,0,1,1.2999999999999998,2483.2289120222827,75.73289619082783,23001.653686346148,5375,0
968.25,1.5,9.5,-2.8,1670.8331,68.7354,-0.650899999999865,-0.00029999999969732016,-9.99999995201506e-05,0.003619999999997958,1.9999999992137418e-05,1.9999999977926564e-05,7719,0,1,0,1,0,1,1.2999999999999998,2483.123679404145,75.73198977940415,23003.658686146347,5376,0
968.25,1.5,9.5,-2.8,1670.1821,68.739006,-0.6510000000000673,-0.00010000000020227162,0.00019999999949504854,0.003606000000004883,-1.3999999993075107e-05,-3.3999999985212526e-05,7720,0,1,0,1,0,1,1.2999999999999998,2483.01838972931,75.73108406980961,23005.662904746518,5377,0
968.5,1.5,9.5,-2.8,1669.5309,68.74262,-0.6512000000000171,-0.0001999999999497959,-9.999999974752427e-05,0.003613999999998896,7.999999994012796e-06,2.1999999987087904e-05,7721,0,1,0,1,0,1,1.2999999999999998,2482.913042994043,75.73017906280755,23007.666341906654,5378,0
969.25,1.5,9.5,-2.8,1668.8795,68.74625,-0.6513999999999669,-0.0001999999999497959,0.0,0.0036300000000011323,1.6000000002236447e-05,8.000000008223651e-06,7722,0,1,0,1,0,1,1.2999999999999998,2482.807639194614,75.72927476019682,23009.66899738676,5379,0
968.75,1.5,9.5,-2.8,1668.228,68.74988,-0.6514999999999418,-9.999999997489795e-05,9.999999997489795e-05,0.0036300000000011323,0.0,-1.6000000002236447e-05,7723,0,1,0,1,0,1,1.2999999999999998,2482.7021783402383,75.72837116170379,23011.670871066835,5380,0
967.25,1.5,9.5,-2.8,1667.5763,68.75351,-0.651700000000119,-0.00020000000017716957,-0.00010000000020227162,0.0036300000000011323,0.0,0.0,7724,0,1,0,1,0,1,1.2999999999999998,2482.5966604271844,75.72746826705502,23013.671962706878,5381,0
967.25,1.5,9.5,-2.8,1666.9244,68.75714,-0.6518999999998414,-0.00019999999972242222,4.547473508864641e-13,0.0036300000000011323,0.0,0.0,7725,0,1,0,1,0,1,1.2999999999999998,2482.4910854517216,75.72656607597722,23015.67227206689,5382,0
968.25,1.5,9.5,-2.8,1666.2725,68.76078,-0.6519000000000688,-2.2737367544323206e-13,0.00019999999949504854,0.0036399999999900956,9.999999988963282e-06,9.999999988963282e-06,7726,0,1,0,1,0,1,1.2999999999999998,2482.3854534360034,75.7256645894914,23017.671799146872,5383,0
967.75,1.5,9.5,-2.8,1665.6204,68.76443,-0.6521000000000186,-0.0001999999999497959,-0.00019999999972242222,0.0036500000000074806,1.0000000017384991e-05,2.842170943040401e-14,7727,0,1,0,1,0,1,1.2999999999999998,2482.2797643762938,75.72476380861801,23019.670543706823,5384,0
967.25,1.5,9.5,-2.8,1664.968,68.768074,-0.6523999999999432,-0.00029999999992469384,-9.999999997489795e-05,0.0036439999999942074,-6.000000013273166e-06,-1.6000000030658157e-05,7728,0,1,0,1,0,1,1.2999999999999998,2482.1740182559192,75.7238637323069,23021.66850538674,5385,0
967.25,1.5,9.5,-2.8,1664.3157,68.77172,-0.6522999999999683,9.999999997489795e-05,0.0003999999998995918,0.0036460000000033688,2.00000000916134e-06,8.000000022434506e-06,7729,0,1,0,1,0,1,1.2999999999999998,2482.0682151099613,75.72296436054333,23023.665684306627,5386,0
968.75,1.5,9.5,-2.8,1663.6631,68.77538,-0.6526000000001204,-0.0003000000001520675,-0.00040000000012696546,0.003659999999996444,1.3999999993075107e-05,1.1999999983913767e-05,7730,0,1,0,1,0,1,1.2999999999999998,2481.9623549217436,75.72206569486482,23025.662080106482,5387,0
971.25,1.5,9.5,-2.8,1663.0105,68.77904,-0.652599999999893,2.2737367544323206e-13,0.0003000000003794412,0.003659999999996444,0.0,-1.3999999993075107e-05,7731,0,1,0,1,0,1,1.2999999999999998,2481.856437713399,75.72116773499742,23027.657692786306,5388,0
971.5,1.5,9.5,-2.8,1662.3577,68.78271,-0.6528000000000702,-0.00020000000017716957,-0.00020000000040454324,0.003669999999999618,1.0000000003174137e-05,1.0000000003174137e-05,7732,0,1,0,1,0,1,1.2999999999999998,2481.7504634811844,75.72027048196043,23029.652522106102,5389,0
970.75,1.5,9.5,-2.8,1661.7048,68.78638,-0.6529000000000451,-9.999999997489795e-05,0.00010000000020227162,0.003669999999999618,0.0,-1.0000000003174137e-05,7733,0,1,0,1,0,1,1.2999999999999998,2481.64443223429,75.71937393547971,23031.646567945863,5390,0
969.25,1.5,9.5,-2.8,1661.0518,68.79005,-0.65300000000002,-9.999999997489795e-05,0.0,0.003669999999999618,0.0,0.0,7734,0,1,0,1,0,1,1.2999999999999998,2481.5383439819007,75.71847809528118,23033.63983018559,5391,0
970.75,1.5,9.5,-2.8,1660.3987,68.793724,-0.6530999999999949,-9.999999997489795e-05,0.0,0.00367400000000373,4.0000000041118255e-06,4.0000000041118255e-06,7735,0,1,0,1,0,1,1.2999999999999998,2481.4321987331955,75.71758296160806,23035.63230870529,5392,0
971.25,1.5,9.5,-2.8,1659.7455,68.79741,-0.6531999999999698,-9.999999997489795e-05,0.0,0.0036860000000018545,1.1999999998124622e-05,7.999999994012796e-06,7736,0,1,0,1,0,1,1.2999999999999998,2481.3259964973504,75.71668853573736,23037.62400338496,5393,0
971.5,1.5,9.5,-2.8,1659.0923,68.801094,-0.6531999999999698,0.0,9.999999997489795e-05,0.003684000000006904,-1.9999999949504854e-06,-1.3999999993075107e-05,7737,0,1,0,1,0,1,1.2999999999999998,2481.219737296459,75.71579481713621,23039.614914224596,5394,0
970.75,1.5,9.5,-2.8,1658.4388,68.80479,-0.6535000000001219,-0.0003000000001520675,-0.0003000000001520675,0.0036959999999908177,1.1999999983913767e-05,1.3999999978864253e-05,7738,0,1,0,1,0,1,1.2999999999999998,2481.1134211138387,75.714901807081,23041.6050408642,5395,0
969.25,1.5,9.5,-2.8,1657.7854,68.80849,-0.6533999999999196,0.00010000000020227162,0.00040000000035433914,0.0037000000000091404,4.00000001832268e-06,-7.999999965591087e-06,7739,0,1,0,1,0,1,1.2999999999999998,2481.007047984496,75.71400950581396,23043.594383423777,5396,0
969.0,1.5,9.5,-2.8,1657.132,68.81219,-0.6533999999999196,0.0,-0.00010000000020227162,0.0036999999999949296,-1.4210854715202004e-14,-4.000000032533535e-06,7740,0,1,0,1,0,1,1.2999999999999998,2480.9006179305,75.71311791306033,23045.582941903318,5397,0
967.75,1.5,9.5,-2.8,1656.4783,68.81589,-0.6537000000000717,-0.0003000000001520675,-0.0003000000001520675,0.0036999999999949296,0.0,1.4210854715202004e-14,7741,0,1,0,1,0,1,1.2999999999999998,2480.7941309351586,75.7122270285456,23047.570715942828,5398,0
966.25,1.5,9.5,-2.8,1655.8246,68.8196,-0.6537000000000717,0.0,0.0003000000001520675,0.0037099999999981037,1.0000000003174137e-05,1.0000000003174137e-05,7742,0,1,0,1,0,1,1.2999999999999998,2480.6875870205345,75.71133685328684,23049.55770554231,5399,0
966.0,1.5,9.5,-2.8,1655.1709,68.82332,-0.6536999999998443,2.2737367544323206e-13,2.2737367544323206e-13,0.003720000000001278,1.0000000003174137e-05,0.0,7743,0,1,0,1,0,1,1.2999999999999998,2480.580986208678,75.71044738830062,23051.543910701756,5400,0
966.75,1.5,9.5,-2.8,1654.5171,68.827034,-0.6538000000000466,-0.00010000000020227162,-0.0001000000004296453,0.0037140000000022155,-5.999999999062311e-06,-1.6000000002236447e-05,7744,0,1,0,1,0,1,1.2999999999999998,2480.474328508715,75.70955863253712,23053.52933130117,5401,0
967.0,1.5,9.5,-2.8,1653.8633,68.83076,-0.6538000000000466,0.0,0.00010000000020227162,0.00372600000000034,1.1999999998124622e-05,1.7999999997186933e-05,7745,0,1,0,1,0,1,1.2999999999999998,2480.3676139426802,75.70867058727084,23055.513967340557,5402,0
967.75,1.5,9.5,-2.8,1653.2095,68.83449,-0.6538000000000466,0.0,0.0,0.003730000000004452,4.0000000041118255e-06,-7.999999994012796e-06,7746,0,1,0,1,0,1,1.2999999999999998,2480.260842532593,75.707783252743,23057.497818819913,5403,0
967.5,1.5,9.5,-2.8,1652.5555,68.83822,-0.6539999999999964,-0.0001999999999497959,-0.0001999999999497959,0.003730000000004452,0.0,-4.0000000041118255e-06,7747,0,1,0,1,0,1,1.2999999999999998,2480.1540142746517,75.70689662867838,23059.480885499233,5404,0
967.25,1.5,9.5,-2.8,1651.9016,68.84196,-0.6539000000000215,9.999999997489795e-05,0.00029999999992469384,0.0037399999999934153,9.999999988963282e-06,9.999999988963282e-06,7748,0,1,0,1,0,1,1.2999999999999998,2480.0471292037682,75.70601071609241,23061.463167498525,5405,0
965.75,1.5,9.5,-2.8,1651.2476,68.8457,-0.6539999999999964,-9.999999997489795e-05,-0.0001999999999497959,0.0037399999999934153,0.0,-9.999999988963282e-06,7749,0,1,0,1,0,1,1.2999999999999998,2479.940187329032,75.70512551470968,23063.444664697785,5406,0
966.25,1.5,9.5,-2.8,1650.5936,68.84945,-0.6539999999999964,0.0,9.999999997489795e-05,0.0037500000000108002,1.0000000017384991e-05,1.0000000017384991e-05,7750,0,1,0,1,0,1,1.2999999999999998,2479.8331886724295,75.70424102554509,23065.425377097014,5407,0
966.0,1.5,9.5,-2.8,1649.9396,68.8532,-0.6539999999999964,0.0,0.0,0.0037499999999965894,-1.4210854715202004e-14,-1.0000000031595846e-05,7751,0,1,0,1,0,1,1.2999999999999998,2479.7261332559337,75.70335724832302,23067.40530469621,5408,0
966.75,1.5,9.5,-2.8,1649.2855,68.85696,-0.6540999999999713,-9.999999997489795e-05,-9.999999997489795e-05,0.0037599999999997635,1.0000000003174137e-05,1.0000000017384991e-05,7752,0,1,0,1,0,1,1.2999999999999998,2479.619021088611,75.70247418405778,23069.384447375378,5409,0
966.5,1.5,9.5,-2.8,1648.6315,68.86072,-0.6539999999999964,9.999999997489795e-05,0.0001999999999497959,0.0037599999999997635,0.0,-1.0000000003174137e-05,7753,0,1,0,1,0,1,1.2999999999999998,2479.511852205313,75.70159183247355,23071.362805254514,5410,0
966.75,1.5,9.5,-2.8,1647.9774,68.86449,-0.6540999999999713,-9.999999997489795e-05,-0.0001999999999497959,0.0037700000000029377,1.0000000003174137e-05,1.0000000003174137e-05,7754,0,1,0,1,0,1,1.2999999999999998,2479.404626615087,75.70071019458415,23073.340378213616,5411,0
965.75,1.5,9.5,-2.8,1647.3234,68.86826,-0.6539999999999964,9.999999997489795e-05,0.0001999999999497959,0.0037700000000029377,0.0,-1.0000000003174137e-05,7755,0,1,0,1,0,1,1.2999999999999998,2479.297344352759,75.69982927011345,23075.317166372686,5412,0
965.75,1.5,9.5,-2.8,1646.6693,68.87204,-0.6540999999999713,-9.999999997489795e-05,-0.0001999999999497959,0.003779999999991901,9.999999988963282e-06,9.999999988963282e-06,7756,0,1,0,1,0,1,1.2999999999999998,2479.190005427356,75.69894906007477,23077.293169611727,5413,0
964.75,1.5,9.5,-2.8,1646.0154,68.87582,-0.6539000000000215,0.0001999999999497959,0.00029999999992469384,0.003780000000006112,1.4210854715202004e-14,-9.999999974752427e-06,7757,0,1,0,1,0,1,1.2999999999999998,2479.0826098865687,75.6980695641918,23079.268388170734,5414,0
964.5,1.5,9.5,-2.8,1645.3613,68.87961,-0.6540999999999713,-0.0001999999999497959,-0.0003999999998995918,0.003789999999995075,9.999999988963282e-06,9.999999974752427e-06,7758,0,1,0,1,0,1,1.2999999999999998,2478.975157726511,75.69719078347725,23081.242821809712,5415,0
964.25,1.5,9.5,-2.8,1644.7073,68.8834,-0.6539999999999964,9.999999997489795e-05,0.00029999999992469384,0.003789999999995075,0.0,-9.999999988963282e-06,7759,0,1,0,1,0,1,1.2999999999999998,2478.8676489819586,75.69631271765464,23083.21647064866,5416,0
965.25,1.5,9.5,-2.8,1644.0533,68.88719,-0.6539999999999964,0.0,-9.999999997489795e-05,0.003790000000009286,1.4210854715202004e-14,1.4210854715202004e-14,7760,0,1,0,1,0,1,1.2999999999999998,2478.7600836747843,75.69543536644763,23085.189334687573,5417,0
966.25,1.5,9.5,-2.8,1643.3994,68.891,-0.6539000000000215,9.999999997489795e-05,9.999999997489795e-05,0.0038100000000014234,1.9999999992137418e-05,1.9999999977926564e-05,7761,0,1,0,1,0,1,1.2999999999999998,2478.652461839732,75.69455873215666,23087.161414046455,5418,0
965.75,1.5,9.5,-2.8,1642.7456,68.894806,-0.6538000000000466,9.999999997489795e-05,0.0,0.0038059999999973115,-4.0000000041118255e-06,-2.3999999996249244e-05,7762,0,1,0,1,0,1,1.2999999999999998,2478.5447835115287,75.69368281398944,23089.132708845307,5419,0
966.25,1.5,9.5,-2.8,1642.0917,68.89861,-0.6539000000000215,-9.999999997489795e-05,-0.0001999999999497959,0.003804000000002361,-1.9999999949504854e-06,2.00000000916134e-06,7763,0,1,0,1,0,1,1.2999999999999998,2478.4370486991243,75.69280761141165,23091.10321896413,5420,0
966.75,1.5,9.5,-2.8,1641.4379,68.902435,-0.6538000000000466,9.999999997489795e-05,0.0001999999999497959,0.0038249999999919737,2.099999998961266e-05,2.2999999984563146e-05,7764,0,1,0,1,0,1,1.2999999999999998,2478.3292574372185,75.69193312685125,23093.07294452292,5421,0
967.25,1.5,9.5,-2.8,1640.7842,68.90626,-0.6536999999998443,0.00010000000020227162,2.2737367544323206e-13,0.0038250000000061846,1.4210854715202004e-14,-2.0999999975401806e-05,7765,0,1,0,1,0,1,1.2999999999999998,2478.221409760494,75.6910593600309,23095.041885641676,5422,0
969.75,1.5,9.5,-2.8,1640.1305,68.91008,-0.6537000000000717,-2.2737367544323206e-13,-0.0001000000004296453,0.0038199999999903866,-5.000000015797923e-06,-5.000000030008778e-06,7766,0,1,0,1,0,1,1.2999999999999998,2478.1135056907433,75.6901863100296,23097.010042320402,5423,0
970.0,1.5,9.5,-2.8,1639.4768,68.91392,-0.6537000000000717,0.0,2.2737367544323206e-13,0.0038400000000109458,2.0000000020559128e-05,2.500000003635705e-05,7767,0,1,0,1,0,1,1.2999999999999998,2478.0055452497427,75.68931397914521,23098.977414559096,5424,0
970.0,1.5,9.5,-2.8,1638.8234,68.917755,-0.6533999999999196,0.0003000000001520675,0.0003000000001520675,0.003834999999995148,-5.000000015797923e-06,-2.500000003635705e-05,7768,0,1,0,1,0,1,1.2999999999999998,2477.897528497876,75.68844236645643,23100.94400271776,5425,0
972.25,1.5,9.5,-2.8,1638.1698,68.9216,-0.6536000000000968,-0.00020000000017716957,-0.0005000000003292371,0.003844999999998322,1.0000000003174137e-05,1.500000001897206e-05,7769,0,1,0,1,0,1,1.2999999999999998,2477.7894554311456,75.68757147297298,23102.909806556392,5426,0
971.75,1.5,9.5,-2.8,1637.5165,68.925446,-0.6532999999999447,0.0003000000001520675,0.0005000000003292371,0.0038459999999957972,9.999999974752427e-07,-9.000000005698894e-06,7770,0,1,0,1,0,1,1.2999999999999998,2477.681326109896,75.68670129854587,23104.874826434992,5427,0
970.25,1.5,9.5,-2.8,1636.8632,68.9293,-0.6532999999999447,0.0,-0.0003000000001520675,0.003854000000004021,8.000000008223651e-06,7.000000010748408e-06,7771,0,1,0,1,0,1,1.2999999999999998,2477.5731405558413,75.68583184392692,23106.839062353563,5428,0
970.25,1.5,9.5,-3.0,1636.21,68.93316,-0.6531999999999698,9.999999997489795e-05,9.999999997489795e-05,0.003860000000003083,5.999999999062311e-06,-2.00000000916134e-06,7772,0,1,0,1,0,1,1.5,2477.4648988035506,75.6849631096102,23108.8025144321,5429,0
969.75,1.5,9.5,-3.0,1635.5568,68.93703,-0.6531999999999698,0.0,-9.999999997489795e-05,0.0038699999999920465,9.999999988963282e-06,3.999999989900971e-06,7773,0,1,0,1,0,1,1.5,2477.3566008747107,75.68409509660405,23110.765182670606,5430,0
970.75,1.5,9.5,-3.0,1634.9038,68.940895,-0.65300000000002,0.0001999999999497959,0.0001999999999497959,0.0038650000000046703,-4.9999999873762135e-06,-1.4999999976339495e-05,7774,0,1,0,1,0,1,1.5,2477.24824681672,75.68322780398714,23112.727067309082,5431,0
972.25,1.5,9.5,-3.0,1634.2509,68.94477,-0.6529000000000451,9.999999997489795e-05,-9.999999997489795e-05,0.0038750000000078444,1.0000000003174137e-05,1.499999999055035e-05,7775,0,1,0,1,0,1,1.5,2477.1398366640947,75.68236123276749,23114.688168467528,5432,0
973.75,1.5,9.5,-3.0,1633.598,68.94865,-0.6529000000000451,0.0,-9.999999997489795e-05,0.0038799999999952206,4.9999999873762135e-06,-5.000000015797923e-06,7776,0,1,0,1,0,1,1.5,2477.0313704384725,75.68149538330977,23116.64848614594,5433,0
973.75,1.5,9.5,-3.0,1632.9453,68.95254,-0.6526999999998679,0.00020000000017716957,0.00020000000017716957,0.0038899999999983947,1.0000000003174137e-05,5.000000015797923e-06,7777,0,1,0,1,0,1,1.5,2476.9228481871946,75.68063025662124,23118.60802058432,5434,0
972.75,1.5,9.5,-3.0,1632.2927,68.95643,-0.6526000000001204,9.999999974752427e-05,-0.0001000000004296453,0.0038899999999983947,0.0,-1.0000000003174137e-05,7778,0,1,0,1,0,1,1.5,2476.8142699447226,75.6797658524232,23120.56677190267,5435,0
971.75,1.5,9.5,-3.0,1631.6403,68.96033,-0.6523999999999432,0.00020000000017716957,0.0001000000004296453,0.003900000000001569,1.0000000003174137e-05,1.0000000003174137e-05,7779,0,1,0,1,0,1,1.5,2476.7056357583547,75.67890217172236,23122.52474034099,5436,0
970.25,1.5,9.5,-3.0,1630.988,68.964226,-0.6522999999999683,9.999999997489795e-05,-0.00010000000020227162,0.003895999999997457,-4.0000000041118255e-06,-1.4000000007285962e-05,7780,0,1,0,1,0,1,1.5,2476.596945662511,75.67803921372574,23124.481926019278,5437,0
970.75,1.5,9.5,-3.0,1630.3358,68.96813,-0.6521999999999935,9.999999997489795e-05,0.0,0.0039040000000056807,8.000000008223651e-06,1.2000000012335477e-05,7781,0,1,0,1,0,1,1.5,2476.488199691596,75.67717697918273,23126.43832905753,5438,0
970.75,1.5,9.5,-3.0,1629.6837,68.972046,-0.6521000000000186,9.999999997489795e-05,0.0,0.003916000000003805,1.1999999998124622e-05,3.999999989900971e-06,7782,0,1,0,1,0,1,1.5,2476.379397879995,75.67631546935628,23128.39394957576,5439,0
969.75,1.5,9.5,-3.0,1629.0319,68.97597,-0.6518000000000939,0.00029999999992469384,0.0001999999999497959,0.003923999999997818,7.999999994012796e-06,-4.0000000041118255e-06,7783,0,1,0,1,0,1,1.5,2476.27054028777,75.67545468499486,23130.348787933952,5440,0
970.75,1.5,9.5,-3.0,1628.3801,68.9799,-0.6517999999998665,2.2737367544323206e-13,-0.00029999999969732016,0.00392999999999688,5.999999999062311e-06,-1.9999999949504854e-06,7784,0,1,0,1,0,1,1.5,2476.1616269364163,75.6745946265896,23132.302844132115,5441,0
969.25,1.5,9.5,-3.0,1627.7285,68.983826,-0.6516000000001441,0.00019999999972242222,0.00019999999949504854,0.003925999999992769,-4.0000000041118255e-06,-1.0000000003174137e-05,7785,0,1,0,1,0,1,1.5,2476.0526578731055,75.67373529334704,23134.256118410245,5442,0
969.25,1.5,9.5,-3.0,1627.0771,68.98776,-0.6513999999999669,0.00020000000017716957,4.547473508864641e-13,0.003934000000000992,8.000000008223651e-06,1.2000000012335477e-05,7786,0,1,0,1,0,1,1.5,2475.943633144985,75.67287668601516,23136.208611008344,5443,0
969.0,1.5,9.5,-3.0,1626.4259,68.9917,-0.6512000000000171,0.0001999999999497959,-2.2737367544323206e-13,0.003940000000000055,5.999999999062311e-06,-2.00000000916134e-06,7787,0,1,0,1,0,1,1.5,2475.8345527991783,75.67201880508475,23138.16032216641,5444,0
967.75,1.5,9.5,-3.0,1625.7748,68.99565,-0.6511000000000422,9.999999997489795e-05,-9.999999997489795e-05,0.003950000000003229,1.0000000003174137e-05,4.0000000041118255e-06,7788,0,1,0,1,0,1,1.5,2475.7254168699446,75.6711616515599,23140.111252004448,5445,0
967.75,1.5,9.5,-3.0,1625.1239,68.9996,-0.650899999999865,0.00020000000017716957,0.00010000000020227162,0.003950000000003229,0.0,-1.0000000003174137e-05,7789,0,1,0,1,0,1,1.5,2475.6162254043647,75.67030522516046,23142.061400762457,5446,0
966.75,1.5,9.5,-3.0,1624.4731,69.00356,-0.6508000000001175,9.999999974752427e-05,-0.0001000000004296453,0.003959999999992192,9.999999988963282e-06,9.999999988963282e-06,7790,0,1,0,1,0,1,1.5,2475.5069784366574,75.66944952689,23144.01076856043,5447,0
966.75,1.5,9.5,-3.0,1623.8226,69.00752,-0.6504999999999654,0.0003000000001520675,0.00020000000040454324,0.003960000000006403,1.4210854715202004e-14,-9.999999974752427e-06,7791,0,1,0,1,0,1,1.5,2475.3976760266937,75.66859455646818,23145.959355758376,5448,0
968.25,1.5,9.5,-3.0,1623.1724,69.0115,-0.6502000000000407,0.00029999999992469384,-2.2737367544323206e-13,0.00397999999999854,1.9999999992137418e-05,1.9999999977926564e-05,7792,0,1,0,1,0,1,1.5,2475.288318234313,75.6677403161812,23147.907162716285,5449,0
968.25,1.5,9.5,-3.0,1622.5222,69.01547,-0.6501999999998134,2.2737367544323206e-13,-0.00029999999969732016,0.003969999999995366,-1.0000000003174137e-05,-2.9999999995311555e-05,7793,0,1,0,1,0,1,1.5,2475.1789050808316,75.66688680446498,23149.85418943417,5450,0
968.25,1.5,9.5,-3.0,1621.8722,69.019455,-0.650000000000091,0.00019999999972242222,0.00019999999949504854,0.003985000000000127,1.5000000004761205e-05,2.500000000793534e-05,7794,0,1,0,1,0,1,1.5,2475.069436613214,75.66603402296343,23151.800436152018,5451,0
970.25,1.5,9.5,-3.0,1621.2225,69.023445,-0.6496999999999389,0.0003000000001520675,0.0001000000004296453,0.003990000000001714,5.000000001587068e-06,-1.0000000003174137e-05,7795,0,1,0,1,0,1,1.5,2474.9599128912264,75.66518197203695,23153.745903229836,5452,0
969.25,1.5,9.5,-3.0,1620.573,69.027435,-0.6494999999999891,0.0001999999999497959,-0.00010000000020227162,0.003990000000001714,0.0,-5.000000001587068e-06,7796,0,1,0,1,0,1,1.5,2474.85033396178,75.66433065140438,23155.690590907623,5453,0
969.25,1.5,9.5,-3.0,1619.9237,69.03144,-0.6493000000000393,0.0001999999999497959,0.0,0.004005000000006476,1.5000000004761205e-05,1.5000000004761205e-05,7797,0,1,0,1,0,1,1.5,2474.740699871762,75.66348006270839,23157.63449942538,5454,0
970.25,1.4,9.5,-3.0,1619.2747,69.035446,-0.6490000000001146,0.00029999999992469384,9.999999997489795e-05,0.00400599999998974,9.99999983264388e-07,-1.4000000021496817e-05,7798,0,1,0,1,0,1,1.6,2474.631010680857,75.66263020579562,23159.577629143107,5455,0
970.75,1.4,9.5,-3.0,1618.6259,69.03946,-0.6487999999999374,0.00020000000017716957,-9.999999974752427e-05,0.0040140000000121745,8.000000022434506e-06,7.000000039170118e-06,7799,0,1,0,1,0,1,1.6,2474.5212664358974,75.66178108141027,23161.5199803008,5456,0
970.75,1.4,9.5,-3.0,1617.9772,69.04347,-0.6486999999999625,9.999999997489795e-05,-0.00010000000020227162,0.004009999999993852,-4.00000001832268e-06,-1.2000000040757186e-05,7800,0,1,0,1,0,1,1.6,2474.4114671708753,75.66093268875785,23163.46155301846,5457,0
970.75,1.4,9.5,-3.0,1617.3289,69.0475,-0.6483000000000629,0.0003999999998995918,0.00029999999992469384,0.0040300000000002,2.0000000006348273e-05,2.4000000024670953e-05,7801,0,1,0,1,0,1,1.6,2474.301612958216,75.66008503012047,23165.402347776093,5458,0
970.75,1.4,9.5,-3.0,1616.6808,69.05153,-0.6480999999998858,0.00020000000017716957,-0.00019999999972242222,0.0040300000000002,0.0,-2.0000000006348273e-05,7802,0,1,0,1,0,1,1.6,2474.191703844675,75.65923810521595,23167.342364813696,5459,0
970.25,1.4,9.5,-3.0,1616.0328,69.055565,-0.6480000000001382,9.999999974752427e-05,-0.0001000000004296453,0.004035000000001787,5.000000001587068e-06,5.000000001587068e-06,7803,0,1,0,1,0,1,1.6,2474.081739864172,75.65839191440287,23169.281604251264,5460,0
970.25,1.4,9.5,-3.0,1615.3853,69.05961,-0.6475000000000364,0.0005000000001018634,0.00040000000035433914,0.004045000000004961,1.0000000003174137e-05,5.000000001587068e-06,7804,0,1,0,1,0,1,1.6,2473.971721101858,75.65754645868034,23171.220066688802,5461,0
971.75,1.4,9.5,-3.0,1614.7379,69.06365,-0.6473999999998341,0.00010000000020227162,-0.0003999999998995918,0.004039999999989163,-5.000000015797923e-06,-1.500000001897206e-05,7805,0,1,0,1,0,1,1.6,2473.861647591596,75.65670173712529,23173.15775224631,5462,0
971.75,1.4,9.5,-3.0,1614.0908,69.06771,-0.6471000000001368,0.00029999999969732016,0.00019999999949504854,0.0040600000000097225,2.0000000020559128e-05,2.500000003635705e-05,7806,0,1,0,1,0,1,1.6,2473.751519392853,75.65585775201743,23175.094661283787,5463,0
971.75,1.4,9.5,-3.0,1613.4441,69.07177,-0.6467000000000098,0.00040000000012696546,0.0001000000004296453,0.004059999999995512,-1.4210854715202004e-14,-2.0000000034769982e-05,7807,0,1,0,1,0,1,1.6,2473.641336577869,75.65501450307377,23177.030794281232,5464,0
973.75,1.4,9.5,-3.2,1612.7975,69.075836,-0.6466000000000349,9.999999997489795e-05,-0.0003000000001520675,0.004065999999994574,5.999999999062311e-06,6.000000013273166e-06,7808,0,1,0,1,0,1,1.8000000000000003,2473.531099180433,75.65417199077987,23178.966151358647,5465,0
973.75,1.4,9.5,-3.2,1612.1512,69.07991,-0.6462999999998829,0.0003000000001520675,0.00020000000017716957,0.004074000000002798,8.000000008223651e-06,2.00000000916134e-06,7809,0,1,0,1,0,1,1.8000000000000003,2473.4208072599235,75.65333021587708,23180.90073287603,5466,0
973.5,1.4,9.5,-3.2,1611.5052,69.083984,-0.6459999999999582,0.00029999999992469384,-2.2737367544323206e-13,0.004074000000002798,0.0,-8.000000008223651e-06,7810,0,1,0,1,0,1,1.8000000000000003,2473.310460875688,75.65248917808219,23182.83453919338,5467,0
973.75,1.4,9.5,-3.2,1610.8596,69.08807,-0.6456000000000586,0.0003999999998995918,9.999999997489795e-05,0.004086000000000922,1.1999999998124622e-05,1.1999999998124622e-05,7811,0,1,0,1,0,1,1.8000000000000003,2473.2000600998463,75.65164887864825,23184.767570790704,5468,0
973.75,1.4,9.5,-3.2,1610.2142,69.09216,-0.6454000000001088,0.0001999999999497959,-0.0001999999999497959,0.004090000000005034,4.0000000041118255e-06,-7.999999994012796e-06,7812,0,1,0,1,0,1,1.8000000000000003,2473.0896049788817,75.65080931780366,23186.699827907993,5469,0
974.75,1.4,9.5,-3.2,1609.5692,69.09626,-0.6449999999999818,0.00040000000012696546,0.00020000000017716957,0.004099999999993997,9.999999988963282e-06,5.999999984851456e-06,7813,0,1,0,1,0,1,1.8000000000000003,2472.9790955848475,75.64997049654465,23188.631311025252,5470,0
974.75,1.4,9.5,-3.2,1608.9244,69.100365,-0.6447999999998046,0.00020000000017716957,-0.0001999999999497959,0.004104999999995584,5.000000001587068e-06,-4.9999999873762135e-06,7814,0,1,0,1,0,1,1.8000000000000003,2472.868531964172,75.64913241522713,23190.56202038248,5471,0
973.75,1.4,9.5,-3.2,1608.2799,69.10448,-0.6445000000001073,0.00029999999969732016,9.99999995201506e-05,0.0041149999999987585,1.0000000003174137e-05,5.000000001587068e-06,7815,0,1,0,1,0,1,1.8000000000000003,2472.7579141760493,75.64829507484647,23192.49195633968,5472,0
973.25,1.4,9.5,-3.2,1607.6359,69.1086,-0.6440000000000055,0.0005000000001018634,0.00020000000040454324,0.004120000000000346,5.000000001587068e-06,-5.000000001587068e-06,7816,0,1,0,1,0,1,1.8000000000000003,2472.647242305232,75.64745847575797,23194.421119496845,5473,0
973.25,1.4,9.5,-3.2,1606.9921,69.11272,-0.6438000000000557,0.0001999999999497959,-0.0003000000001520675,0.004120000000000346,0.0,-5.000000001587068e-06,7817,0,1,0,1,0,1,1.8000000000000003,2472.5365163980555,75.64662261767715,23196.34951009398,5474,0
972.25,1.4,9.5,-3.2,1606.3485,69.11685,-0.6435999999998785,0.00020000000017716957,2.2737367544323206e-13,0.00413000000000352,1.0000000003174137e-05,1.0000000003174137e-05,7818,0,1,0,1,0,1,1.8000000000000003,2472.4257365008316,75.64578750159868,23198.277128371086,5475,0
972.75,1.4,9.5,-3.2,1605.7053,69.12099,-0.6431999999999789,0.0003999999998995918,0.00019999999972242222,0.004140000000006694,1.0000000003174137e-05,0.0,7819,0,1,0,1,0,1,1.8000000000000003,2472.314902685422,75.64495312851662,23200.20397480816,5476,0
973.25,1.4,9.5,-3.2,1605.0626,69.12513,-0.6427000000001044,0.0004999999998744897,9.999999997489795e-05,0.004139999999992483,-1.4210854715202004e-14,-1.0000000017384991e-05,7820,0,1,0,1,0,1,1.8000000000000003,2472.20401503644,75.64411949814603,23202.130050005202,5477,0
974.75,1.4,9.5,-3.2,1604.4202,69.12928,-0.6423999999999523,0.0003000000001520675,-0.00019999999972242222,0.004149999999995657,1.0000000003174137e-05,1.0000000017384991e-05,7821,0,1,0,1,0,1,1.8000000000000003,2472.0930736128867,75.64328661148045,23204.055354322212,5478,0
975.75,1.4,9.5,-3.2,1603.778,69.13343,-0.6422000000000025,0.0001999999999497959,-0.00010000000020227162,0.004150000000009868,1.4210854715202004e-14,-9.999999988963282e-06,7822,0,1,0,1,0,1,1.8000000000000003,2471.9820784609487,75.64245446823469,23205.979887999194,5479,0
975.5,1.4,9.5,-3.2,1603.1362,69.137596,-0.641800000000103,0.0003999999998995918,0.0001999999999497959,0.004165999999997894,1.5999999988025593e-05,1.5999999973814738e-05,7823,0,1,0,1,0,1,1.8000000000000003,2471.871029652352,75.6416230701687,23207.903651516146,5480,0
974.75,1.4,9.5,-3.2,1602.4949,69.14176,-0.6413000000000011,0.0005000000001018634,0.00010000000020227162,0.004164000000002943,-1.9999999949504854e-06,-1.7999999982976078e-05,7824,0,1,0,1,0,1,1.8000000000000003,2471.7599272715656,75.6407924167412,23209.826645473066,5481,0
974.75,1.4,9.5,-3.2,1601.8538,69.14594,-0.6410999999998239,0.00020000000017716957,-0.00029999999992469384,0.004179999999990969,1.5999999988025593e-05,1.7999999982976078e-05,7825,0,1,0,1,0,1,1.8000000000000003,2471.6487713646816,75.63996250971122,23211.748870109954,5482,0
973.75,1.4,9.5,-3.2,1601.2131,69.15012,-0.6407000000001517,0.0003999999996722181,0.00019999999949504854,0.00418000000000518,1.4210854715202004e-14,-1.5999999973814738e-05,7826,0,1,0,1,0,1,1.8000000000000003,2471.537562003322,75.63913334879264,23213.670325906813,5483,0
974.25,1.4,9.5,-3.4,1600.5729,69.15431,-0.6402000000000498,0.0005000000001018634,0.0001000000004296453,0.004189999999994143,9.999999988963282e-06,9.999999974752427e-06,7827,0,1,0,1,0,1,2.0,2471.426299271845,75.638304934977,23215.59101346364,5484,0
975.75,1.4,9.5,-3.4,1599.9329,69.15851,-0.6399999999998727,0.00020000000017716957,-0.00029999999992469384,0.004200000000011528,1.0000000017384991e-05,2.842170943040401e-14,7828,0,1,0,1,0,1,2.0,2471.3149832162476,75.63747726925534,23217.510933020436,5485,0
977.25,1.4,9.5,-3.4,1599.2933,69.16271,-0.6395999999999731,0.0003999999998995918,0.00019999999972242222,0.004199999999997317,-1.4210854715202004e-14,-1.0000000031595846e-05,7829,0,1,0,1,0,1,2.0,2471.203613908046,75.63665035134099,23219.430085057204,5486,0
975.75,1.4,9.5,-3.4,1598.6543,69.166916,-0.6390000000001237,0.0005999999998493877,0.0001999999999497959,0.004205999999996379,5.999999999062311e-06,6.000000013273166e-06,7830,0,1,0,1,0,1,2.0,2471.09219144426,75.6358241817137,23221.34847029394,5487,0
974.25,1.4,9.5,-3.4,1598.0155,69.171135,-0.6387999999999465,0.00020000000017716957,-0.0003999999996722181,0.00421900000000619,1.300000000981072e-05,7.000000010748408e-06,7831,0,1,0,1,0,1,2.0,2470.9807158707863,75.63499876174669,23223.266088970642,5488,0
973.25,1.4,9.5,-3.4,1597.3772,69.175354,-0.638300000000072,0.0004999999998744897,0.00029999999969732016,0.004218999999991979,-1.4210854715202004e-14,-1.3000000024021574e-05,7832,0,1,0,1,0,1,2.0,2470.8691872717986,75.63417409115281,23225.18294168732,5489,0
974.75,1.4,9.5,-3.4,1596.7393,69.17959,-0.6378999999999451,0.00040000000012696546,-9.999999974752427e-05,0.004236000000005902,1.7000000013922545e-05,1.70000000281334e-05,7833,0,1,0,1,0,1,2.0,2470.7576057186625,75.63335017181517,23227.09902892396,5490,0
975.0,1.4,9.5,-3.4,1596.1017,69.18382,-0.6376000000000204,0.00029999999992469384,-0.00010000000020227162,0.0042299999999926285,-6.000000013273166e-06,-2.300000002719571e-05,7834,0,1,0,1,0,1,2.0,2470.6459712699425,75.63252700268028,23229.014351040572,5491,0
975.0,1.4,9.5,-3.4,1595.4646,69.188065,-0.6370999999999185,0.0005000000001018634,0.00020000000017716957,0.00424499999999739,1.5000000004761205e-05,2.100000001803437e-05,7835,0,1,0,1,0,1,2.0,2470.534284009699,75.63170458537519,23230.928908637157,5492,0
973.25,1.4,9.5,-3.4,1594.8279,69.192314,-0.6367000000000189,0.0003999999998995918,-0.00010000000020227162,0.004249000000001502,4.0000000041118255e-06,-1.100000000064938e-05,7836,0,1,0,1,0,1,2.0,2470.4225440091873,75.63088292012249,23232.84270219371,5493,0
974.25,1.4,9.5,-3.4,1594.1917,69.19657,-0.636199999999917,0.0005000000001018634,0.00010000000020227162,0.004255999999998039,6.999999996537554e-06,2.999999992425728e-06,7837,0,1,0,1,0,1,2.0,2470.310751352386,75.63006200752743,23234.75573231023,5494,0
974.25,1.4,9.5,-3.4,1593.5558,69.200836,-0.6358999999999924,0.00029999999992469384,-0.00020000000017716957,0.004266000000001213,1.0000000003174137e-05,3.000000006636583e-06,7838,0,1,0,1,0,1,2.0,2470.1989060977166,75.62924184857762,23236.66799934672,5495,0
973.25,1.4,9.5,-3.4,1592.9204,69.2051,-0.6354000000001179,0.0004999999998744897,0.0001999999999497959,0.004264000000006263,-1.9999999949504854e-06,-1.1999999998124622e-05,7839,0,1,0,1,0,1,2.0,2470.0870083290815,75.6284224427296,23238.57950390318,5496,0
973.0,1.4,9.5,-3.4,1592.2855,69.20938,-0.634900000000016,0.0005000000001018634,2.2737367544323206e-13,0.004279999999994288,1.5999999988025593e-05,1.7999999982976078e-05,7840,0,1,0,1,0,1,2.0,2469.97505813034,75.62760379173575,23240.49024657961,5497,0
973.0,1.4,9.5,-3.4,1591.651,69.21367,-0.634499999999889,0.00040000000012696546,-9.999999997489795e-05,0.0042899999999974625,1.0000000003174137e-05,-5.999999984851456e-06,7841,0,1,0,1,0,1,2.0,2469.863055572558,75.6267858965825,23242.400227856007,5498,0
971.25,1.4,9.5,-3.4,1591.017,69.21796,-0.6340000000000146,0.0004999999998744897,9.999999974752427e-05,0.004290000000011673,1.4210854715202004e-14,-9.999999988963282e-06,7842,0,1,0,1,0,1,2.0,2469.751000739513,75.62596875698075,23244.309448332377,5499,0
971.75,1.4,9.5,-3.4,1590.3834,69.22225,-0.633600000000115,0.0003999999998995918,-9.999999997489795e-05,0.0042899999999974625,-1.4210854715202004e-14,-2.842170943040401e-14,7843,0,1,0,1,0,1,2.0,2469.638893702193,75.62515237264151,23246.217908488718,5500,0
972.75,1.4,9.5,-3.6,1589.7502,69.22656,-0.633199999999988,0.00040000000012696546,2.2737367544323206e-13,0.004310000000003811,2.0000000006348273e-05,2.0000000020559128e-05,7844,0,1,0,1,0,1,2.2,2469.5267345315488,75.62433674582537,23248.125608805025,5501,0
972.75,1.4,9.5,-3.6,1589.1176,69.23087,-0.6325999999999112,0.0006000000000767614,0.0001999999999497959,0.0043099999999896,-1.4210854715202004e-14,-2.0000000020559128e-05,7845,0,1,0,1,0,1,2.2,2469.414523323987,75.62352187624268,23250.032550001302,5502,0
972.75,1.4,9.5,-3.6,1588.4855,69.23519,-0.6321000000000367,0.0004999999998744897,-0.00010000000020227162,0.004320000000006985,1.0000000017384991e-05,1.0000000031595846e-05,7846,0,1,0,1,0,1,2.2,2469.3022601631196,75.6227077648783,23251.93873267755,5503,0
972.75,1.4,9.5,-3.6,1587.8538,69.23952,-0.6316999999999098,0.00040000000012696546,-9.999999974752427e-05,0.004329999999995948,9.999999988963282e-06,-2.842170943040401e-14,7847,0,1,0,1,0,1,2.2,2469.189945119776,75.62189441271661,23253.844157313764,5504,0
973.25,1.4,9.5,-3.6,1587.2225,69.24385,-0.6313000000000102,0.0003999999998995918,-2.2737367544323206e-13,0.004329999999995948,0.0,-9.999999988963282e-06,7848,0,1,0,1,0,1,2.2,2469.077578264747,75.62108181946743,23255.748824389953,5505,0
974.25,1.4,9.5,-3.6,1586.5918,69.24819,-0.6307000000001608,0.0005999999998493877,0.0001999999999497959,0.004339999999999122,1.0000000003174137e-05,1.0000000003174137e-05,7849,0,1,0,1,0,1,2.2,2468.9651596942676,75.62026998611465,23257.65273462611,5506,0
974.75,1.4,9.5,-3.6,1585.9615,69.25254,-0.6303000000000338,0.00040000000012696546,-0.00019999999972242222,0.0043500000000022965,1.0000000003174137e-05,0.0,7850,0,1,0,1,0,1,2.2,2468.8526894790475,75.61945891364158,23259.555888502236,5507,0
974.75,1.4,9.5,-3.6,1585.3318,69.2569,-0.6296999999999571,0.0006000000000767614,0.0001999999999497959,0.004360000000005471,1.0000000003174137e-05,0.0,7851,0,1,0,1,0,1,2.2,2468.740167715232,75.61864860303106,23261.458286738332,5508,0
973.75,1.4,9.5,-3.6,1584.7025,69.26126,-0.6292999999998301,0.00040000000012696546,-0.0001999999999497959,0.00435999999999126,-1.4210854715202004e-14,-1.0000000017384991e-05,7852,0,1,0,1,0,1,2.2,2468.62759447345,75.6178390539921,23263.359929814396,5509,0
974.0,1.4,9.5,-3.6,1584.0739,69.26563,-0.6286000000000058,0.0006999999998242856,0.00029999999969732016,0.004370000000008645,1.0000000017384991e-05,1.0000000031595846e-05,7853,0,1,0,1,0,1,2.2,2468.5149698624905,75.617030267507,23265.260818570434,5510,0
972.75,1.4,9.5,-3.6,1583.4457,69.270004,-0.6282000000001062,0.0003999999998995918,-0.00029999999992469384,0.004373999999998546,3.999999989900971e-06,-6.00000002748402e-06,7854,0,1,0,1,0,1,2.2,2468.4022939528963,75.61622224379376,23267.160953486436,5511,0
973.25,1.4,9.5,-3.6,1582.818,69.27439,-0.6277000000000044,0.0005000000001018634,0.00010000000020227162,0.00438599999999667,1.1999999998124622e-05,8.000000008223651e-06,7855,0,1,0,1,0,1,2.2,2468.2895668279025,75.6154149840886,23269.060335162412,5512,0
971.75,1.4,9.5,-3.6,1582.1908,69.278786,-0.6271999999999025,0.0005000000001018634,0.0,0.0043959999999998445,1.0000000003174137e-05,-1.9999999949504854e-06,7856,0,1,0,1,0,1,2.2,2468.1767885707013,75.61460848937253,23270.95896419836,5513,0
970.75,1.4,9.5,-3.6,1581.5642,69.28318,-0.6266000000000531,0.0005999999998493877,9.999999974752427e-05,0.004394000000004894,-1.9999999949504854e-06,-1.1999999998124622e-05,7857,0,1,0,1,0,1,2.2,2468.06395927717,75.61380275909902,23272.856841314275,5514,0
971.75,1.4,9.5,-3.6,1580.9381,69.28759,-0.6260999999999513,0.0005000000001018634,-9.999999974752427e-05,0.00440999999999292,1.5999999988025593e-05,1.7999999982976078e-05,7858,0,1,0,1,0,1,2.2,2467.9510790304107,75.61299779501209,23274.75396711016,5515,0
970.25,1.4,9.5,-3.6,1580.3125,69.292,-0.6256000000000768,0.0004999999998744897,-2.2737367544323206e-13,0.0044100000000071304,1.4210854715202004e-14,-1.5999999973814738e-05,7859,0,1,0,1,0,1,2.2,2467.838147913486,75.61219359681934,23276.650342186014,5516,0
969.75,1.4,9.5,-3.6,1579.6875,69.296425,-0.625,0.0006000000000767614,0.00010000000020227162,0.004424999999997681,1.499999999055035e-05,1.4999999976339495e-05,7860,0,1,0,1,0,1,2.2,2467.7251660221345,75.61139016613662,23278.545967261838,5517,0
969.25,1.4,9.5,-3.8,1579.0631,69.30085,-0.6243999999999232,0.0006000000000767614,0.0,0.004424999999997681,0.0,-1.499999999055035e-05,7861,0,1,0,1,0,1,2.4,2467.6121334520476,75.61058750267107,23280.440843057633,5518,0
969.25,1.4,9.5,-3.8,1578.4392,69.30529,-0.6239000000000487,0.0004999999998744897,-0.00010000000020227162,0.004440000000002442,1.5000000004761205e-05,1.5000000004761205e-05,7862,0,1,0,1,0,1,2.4,2467.4990502861506,75.60978560803764,23282.334970173397,5519,0
970.25,1.4,9.5,-3.8,1577.8158,69.30973,-0.6233999999999469,0.0005000000001018634,2.2737367544323206e-13,0.004440000000002442,0.0,-1.5000000004761205e-05,7863,0,1,0,1,0,1,2.4,2467.385916607325,75.60898448194303,23284.228349209134,5520,0
969.75,1.4,9.5,-3.8,1577.193,69.314186,-0.6228000000000975,0.0005999999998493877,9.999999974752427e-05,0.0044560000000046784,1.6000000002236447e-05,1.6000000002236447e-05,7864,0,1,0,1,0,1,2.4,2467.2727325111255,75.60818412612842,23286.12098088484,5521,0
968.75,1.4,9.5,-3.8,1576.5708,69.31864,-0.6222000000000207,0.0006000000000767614,2.2737367544323206e-13,0.004453999999995517,-2.00000000916134e-06,-1.8000000011397788e-05,7865,0,1,0,1,0,1,2.4,2467.1594980930586,75.60738454004576,23288.012865920515,5522,0
967.25,1.4,9.5,-3.8,1575.9492,69.32311,-0.621599999999944,0.0006000000000767614,0.0,0.0044699999999977535,1.6000000002236447e-05,1.8000000011397788e-05,7866,0,1,0,1,0,1,2.4,2467.046213448583,75.60658572543535,23289.90400503616,5523,0
965.75,1.4,9.5,-3.8,1575.3282,69.32758,-0.6210000000000946,0.0005999999998493877,-2.2737367544323206e-13,0.0044699999999977535,0.0,-1.6000000002236447e-05,7867,0,1,0,1,0,1,2.4,2466.9328786731066,75.60578768200305,23291.794398951777,5524,0
965.25,1.4,9.5,-3.8,1574.7078,69.33207,-0.6204000000000178,0.0006000000000767614,2.2737367544323206e-13,0.004490000000004102,2.0000000006348273e-05,2.0000000006348273e-05,7868,0,1,0,1,0,1,2.4,2466.81949386199,75.60499041199644,23293.68404838736,5525,0
965.0,1.4,9.5,-3.8,1574.0879,69.336555,-0.619899999999916,0.0005000000001018634,-9.999999997489795e-05,0.004485000000002515,-5.000000001587068e-06,-2.500000000793534e-05,7869,0,1,0,1,0,1,2.4,2466.70605909784,75.60419391448539,23295.57295394292,5526,0
965.0,1.4,9.5,-3.8,1573.4686,69.34106,-0.6193000000000666,0.0005999999998493877,9.999999974752427e-05,0.004504999999994652,1.9999999992137418e-05,2.4999999993724487e-05,7870,0,1,0,1,0,1,2.4,2466.5925744759243,75.60339819171642,23297.461116338443,5527,0
963.75,1.4,9.5,-3.8,1572.85,69.34556,-0.6186000000000149,0.0007000000000516593,0.00010000000020227162,0.004500000000007276,-4.9999999873762135e-06,-2.4999999979513632e-05,7871,0,1,0,1,0,1,2.4,2466.4790401041664,75.60260324275914,23299.34853641394,5528,0
963.75,1.4,9.5,-3.8,1572.2319,69.35007,-0.618099999999913,0.0005000000001018634,-0.0001999999999497959,0.004509999999996239,9.999999988963282e-06,1.4999999976339495e-05,7872,0,1,0,1,0,1,2.4,2466.365456065032,75.60180906858885,23301.235214769407,5529,0
963.5,1.4,9.5,-3.8,1571.6145,69.35459,-0.6174000000000888,0.0006999999998242856,0.00019999999972242222,0.004519999999999413,1.0000000003174137e-05,1.4210854715202004e-14,7873,0,1,0,1,0,1,2.4,2466.251822466345,75.60101567018035,23303.121152244847,5530,0
963.5,1.4,9.5,-3.8,1570.9977,69.359116,-0.616800000000012,0.0006000000000767614,-9.999999974752427e-05,0.004525999999998476,5.999999999062311e-06,-4.0000000041118255e-06,7874,0,1,0,1,0,1,2.4,2466.1381394031746,75.600223048,23305.006349560255,5531,0
962.25,1.4,9.5,-3.8,1570.3815,69.363655,-0.6161999999999352,0.0006000000000767614,0.0,0.0045389999999940756,1.2999999995599865e-05,6.999999996537554e-06,7875,0,1,0,1,0,1,2.4,2466.024406970543,75.59943120340274,23306.890807435633,5532,0
962.0,1.4,9.5,-3.8,1569.7659,69.368195,-0.6155999999998585,0.0006000000000767614,0.0,0.004540000000005762,1.0000000116860974e-06,-1.1999999983913767e-05,7876,0,1,0,1,0,1,2.4,2465.910625263425,75.59864013621937,23308.77452659098,5533,0
961.25,1.4,9.5,-3.8,1569.151,69.37275,-0.6149000000000342,0.0006999999998242856,9.999999974752427e-05,0.004554999999996312,1.499999999055035e-05,1.3999999978864253e-05,7877,0,1,0,1,0,1,2.4,2465.796794389439,75.59784984805788,23310.6575078663,5534,0
962.75,1.4,9.5,-3.8,1568.5367,69.37731,-0.6142999999999574,0.0006000000000767614,-9.999999974752427e-05,0.004559999999997899,5.000000001587068e-06,-9.999999988963282e-06,7878,0,1,0,1,0,1,2.4,2465.6829144434573,75.59706033925626,23312.53975198159,5535,0
962.75,1.4,9.5,-4.0,1567.9231,69.381874,-0.6136000000001332,0.0006999999998242856,9.999999974752427e-05,0.004564000000002011,4.0000000041118255e-06,-9.999999974752427e-07,7879,0,1,0,1,0,1,2.6,2465.5689855329947,75.59627161002538,23314.42125977685,5536,0
962.25,1.4,9.5,-4.0,1567.31,69.38645,-0.6131000000000313,0.0005000000001018634,-0.00019999999972242222,0.0045760000000001355,1.1999999998124622e-05,7.999999994012796e-06,7880,0,1,0,1,0,1,2.6,2465.4550077401345,75.59548366159116,23316.30203185208,5537,0
962.25,1.4,9.5,-4.0,1566.6978,69.39104,-0.6122000000000298,0.0009000000000014552,0.0003999999998995918,0.0045900000000074215,1.4000000007285962e-05,2.00000000916134e-06,7881,0,1,0,1,0,1,2.6,2465.3409811976658,75.59469649543263,23318.182069287283,5538,0
963.75,1.4,9.5,-4.0,1566.086,69.39562,-0.6117999999999029,0.00040000000012696546,-0.0004999999998744897,0.0045799999999900365,-1.0000000017384991e-05,-2.4000000024670953e-05,7882,0,1,0,1,0,1,2.6,2465.226905974883,75.5939101099835,23320.061372562453,5539,0
963.75,1.4,9.5,-4.0,1565.4751,69.40022,-0.6108999999999014,0.0009000000000014552,0.0004999999998744897,0.004600000000010596,2.0000000020559128e-05,3.000000003794412e-05,7883,0,1,0,1,0,1,2.6,2465.1127822044646,75.59312450748351,23321.9399427576,5540,0
963.75,1.4,9.5,-4.0,1564.8647,69.40483,-0.6104000000000269,0.0004999999998744897,-0.00040000000012696546,0.004609999999999559,9.999999988963282e-06,-1.0000000031595846e-05,7884,0,1,0,1,0,1,2.6,2464.998609968294,75.59233968890298,23323.81778047271,5541,0
963.5,1.4,9.5,-4.0,1564.255,69.40945,-0.6096999999999753,0.0007000000000516593,0.00020000000017716957,0.004620000000002733,1.0000000003174137e-05,1.4210854715202004e-14,7885,0,1,0,1,0,1,2.6,2464.8843893735734,75.59155565521176,23325.694886547793,5542,0
963.75,1.4,9.5,-4.0,1563.646,69.41407,-0.609000000000151,0.0006999999998242856,-2.2737367544323206e-13,0.004619999999988522,-1.4210854715202004e-14,-1.0000000017384991e-05,7886,0,1,0,1,0,1,2.6,2464.77012052745,75.59077240611133,23327.57126182285,5543,0
964.25,1.4,9.5,-4.0,1563.0377,69.4187,-0.6082999999998719,0.000700000000279033,4.547473508864641e-13,0.004630000000005907,1.0000000017384991e-05,1.0000000031595846e-05,7887,0,1,0,1,0,1,2.6,2464.6558035370185,75.589989942571,23329.446907137877,5544,0
965.75,1.4,9.5,-4.0,1562.4302,69.42334,-0.6075000000000728,0.0007999999997991836,9.99999995201506e-05,0.0046399999999948704,9.999999988963282e-06,-2.842170943040401e-14,7888,0,1,0,1,0,1,2.6,2464.541438521993,75.58920826555965,23331.321823452872,5545,0
966.0,1.4,9.5,-4.0,1561.8232,69.427986,-0.6069999999999709,0.0005000000001018634,-0.00029999999969732016,0.004646000000008144,6.000000013273166e-06,-3.999999975690116e-06,7889,0,1,0,1,0,1,2.6,2464.427025564005,75.58842737553866,23333.19601136784,5546,0
965.75,1.4,9.5,-4.0,1561.217,69.43264,-0.6061999999999443,0.0008000000000265572,0.00029999999992469384,0.004654000000002156,7.999999994012796e-06,1.9999999807396307e-06,7890,0,1,0,1,0,1,2.6,2464.3125647826637,75.58764727322266,23335.06947184278,5547,0
967.25,1.4,9.5,-4.0,1560.6116,69.43731,-0.6054000000001452,0.0007999999997991836,-2.2737367544323206e-13,0.004669999999990182,1.5999999988025593e-05,7.999999994012796e-06,7891,0,1,0,1,0,1,2.6,2464.1980562975164,75.58686796033957,23336.942205837688,5548,0
966.75,1.4,9.5,-4.0,1560.0067,69.44198,-0.6049000000000433,0.0005000000001018634,-0.00029999999969732016,0.004670000000004393,1.4210854715202004e-14,-1.5999999973814738e-05,7892,0,1,0,1,0,1,2.6,2464.083500190042,75.58608943658938,23338.81421395257,5549,0
967.25,1.4,9.5,-4.0,1559.4027,69.446655,-0.6039999999998145,0.0009000000002288289,0.00040000000012696546,0.00467500000000598,5.000000001587068e-06,4.9999999873762135e-06,7893,0,1,0,1,0,1,2.6,2463.9688965923488,75.58531170230556,23340.68549726742,5550,0
966.75,1.4,9.5,-4.0,1558.7993,69.45135,-0.6034000000001924,0.000599999999622014,-0.00030000000060681487,0.004694999999998117,1.9999999992137418e-05,1.499999999055035e-05,7894,0,1,0,1,0,1,2.6,2463.8542455984802,75.58453475972135,23342.556056502242,5551,0
965.75,1.4,9.5,-4.0,1558.1967,69.45605,-0.6025999999999385,0.0008000000002539309,0.00020000000063191692,0.004699999999999704,5.000000001587068e-06,-1.499999999055035e-05,7895,0,1,0,1,0,1,2.6,2463.739547327761,75.5837586091692,23344.425892617037,5552,0
965.75,1.4,9.5,-4.0,1557.5948,69.46075,-0.6018999999998869,0.0007000000000516593,-0.00010000000020227162,0.004699999999999704,0.0,-5.000000001587068e-06,7896,0,1,0,1,0,1,2.6,2463.6248018867923,75.58298325034824,23346.2950064518,5553,0
965.25,1.4,9.5,-4.0,1556.9937,69.46546,-0.6011000000000877,0.0007999999997991836,9.999999974752427e-05,0.004709999999988668,9.999999988963282e-06,9.999999988963282e-06,7897,0,1,0,1,0,1,2.6,2463.5100093947835,75.58220868422386,23348.163398966535,5554,0
965.5,1.4,9.5,-4.0,1556.3932,69.470184,-0.6005000000000109,0.0006000000000767614,-0.00019999999972242222,0.0047240000000101645,1.4000000021496817e-05,4.000000032533535e-06,7898,0,1,0,1,0,1,2.6,2463.395169945563,75.58143491226737,23350.031070881243,5555,0
967.75,1.4,9.5,-4.0,1555.7936,69.474915,-0.5996000000000095,0.0009000000000014552,0.00029999999992469384,0.004730999999992491,6.999999982326699e-06,-7.000000039170118e-06,7899,0,1,0,1,0,1,2.6,2463.280283670886,75.58066193506329,23351.89802327592,5556,0
967.75,1.4,9.5,-4.0,1555.1947,69.47965,-0.5988999999999578,0.0007000000000516593,-0.0001999999999497959,0.004735000000010814,4.00000001832268e-06,-2.9999999640040187e-06,7900,0,1,0,1,0,1,2.6,2463.1653506771295,75.5798897528161,23353.76425699057,5557,0
966.25,1.4,9.5,-4.0,1554.5966,69.4844,-0.5980999999999312,0.0008000000000265572,9.999999997489795e-05,0.004749999999987153,1.4999999976339495e-05,1.0999999958016815e-05,7901,0,1,0,1,0,1,2.6,2463.05037108327,75.57911836712225,23355.62977298519,5558,0
966.75,1.4,9.5,-4.0,1553.9991,69.48915,-0.5975000000000819,0.0005999999998493877,-0.00020000000017716957,0.004750000000001364,1.4210854715202004e-14,-1.499999996212864e-05,7902,0,1,0,1,0,1,2.6,2462.9353449829177,75.57834777767937,23357.494571979783,5559,0
966.75,1.4,9.5,-4.0,1553.4025,69.49392,-0.5966000000000804,0.0009000000000014552,0.0003000000001520675,0.0047700000000077125,2.0000000006348273e-05,1.9999999992137418e-05,7903,0,1,0,1,0,1,2.6,2462.8202725075907,75.5775779867156,23359.358655054348,5560,0
967.25,1.4,9.5,-4.0,1552.8066,69.49869,-0.5959000000000287,0.0007000000000516593,-0.0001999999999497959,0.004769999999993502,-1.4210854715202004e-14,-2.0000000020559128e-05,7904,0,1,0,1,0,1,2.6,2462.7051537634406,75.57680899392788,23361.222023048882,5561,0
968.75,1.4,9.5,-4.0,1552.2117,69.50347,-0.594899999999825,0.0010000000002037268,0.0003000000001520675,0.004779999999996676,1.0000000003174137e-05,1.0000000017384991e-05,7905,0,1,0,1,0,1,2.6,2462.5899888945105,75.57604080027826,23363.084677163388,5562,0
968.5,1.3,9.5,-4.0,1551.6173,69.50826,-0.5944000000001779,0.0004999999996471161,-0.0005000000005566108,0.004790000000014061,1.0000000017384991e-05,1.4210854715202004e-14,7906,0,1,0,1,0,1,2.7,2462.474777981535,75.57527340672821,23364.946617997866,5563,0
968.5,1.3,9.5,-4.0,1551.0238,69.51306,-0.5934999999999491,0.0009000000002288289,0.0004000000005817128,0.004799999999988813,9.999999974752427e-06,-4.263256414560601e-14,7907,0,1,0,1,0,1,2.7,2462.3595211557918,75.57450681423875,23366.807846632313,5564,0
967.25,1.3,9.5,-4.0,1550.4312,69.51787,-0.5925999999999476,0.0009000000000014552,-2.2737367544323206e-13,0.004810000000006198,1.0000000017384991e-05,4.263256414560601e-14,7908,0,1,0,1,0,1,2.7,2462.2442185484892,75.5737410237704,23368.668364146735,5565,0
966.25,1.3,9.5,-4.0,1549.8392,69.52268,-0.5920000000000982,0.0005999999998493877,-0.0003000000001520675,0.004809999999991987,-1.4210854715202004e-14,-1.0000000031595846e-05,7909,0,1,0,1,0,1,2.7,2462.1288702528445,75.57297603501895,23370.528171261125,5566,0
966.5,1.3,9.5,-4.2,1549.2482,69.527504,-0.5909999999998945,0.0010000000002037268,0.00040000000035433914,0.004823999999999273,1.4000000007285962e-05,1.4000000021496817e-05,7910,0,1,0,1,0,1,2.9000000000000004,2462.01347641259,75.57221184945014,23372.38726917549,5567,0
966.75,1.3,9.5,-4.2,1548.658,69.53233,-0.5902000000000953,0.0007999999997991836,-0.00020000000040454324,0.004826000000008435,2.00000000916134e-06,-1.1999999998124622e-05,7911,0,1,0,1,0,1,2.9000000000000004,2461.8980371461075,75.57144846701213,23374.245658849824,5568,0
967.75,1.3,9.5,-4.2,1548.0685,69.53718,-0.5894999999998163,0.000700000000279033,-9.99999995201506e-05,0.004850000000004684,2.3999999996249244e-05,2.1999999987087904e-05,7912,0,1,0,1,0,1,2.9000000000000004,2461.7825525590797,75.57068589043347,23376.103341124133,5569,0
966.75,1.3,9.5,-4.2,1547.4799,69.54203,-0.5886000000000422,0.0008999999997740815,0.00019999999949504854,0.004849999999990473,-1.4210854715202004e-14,-2.40000000104601e-05,7913,0,1,0,1,0,1,2.9000000000000004,2461.667022782411,75.56992411940864,23377.960317078414,5570,0
966.25,1.3,9.5,-4.2,1546.892,69.54688,-0.5878999999999905,0.0007000000000516593,-0.00019999999972242222,0.004850000000004684,1.4210854715202004e-14,2.842170943040401e-14,7914,0,1,0,1,0,1,2.9000000000000004,2461.5514479216677,75.56916315363235,23379.816587552665,5571,0
967.25,1.3,9.5,-4.2,1546.305,69.55175,-0.5869999999999891,0.0009000000000014552,0.0001999999999497959,0.004869999999996821,1.9999999992137418e-05,1.9999999977926564e-05,7915,0,1,0,1,0,1,2.9000000000000004,2461.4358281076297,75.56840299532593,23381.672153626885,5572,0
968.75,1.3,9.5,-4.2,1545.7189,69.556625,-0.5860999999999876,0.0009000000000014552,0.0,0.004874999999998408,5.000000001587068e-06,-1.499999999055035e-05,7916,0,1,0,1,0,1,2.9000000000000004,2461.3201634710117,75.56764364481495,23383.527016381082,5573,0
968.75,1.3,9.5,-4.2,1545.1335,69.561516,-0.5854000000001633,0.0006999999998242856,-0.00020000000017716957,0.004891000000000645,1.6000000002236447e-05,1.100000000064938e-05,7917,0,1,0,1,0,1,2.9000000000000004,2461.2044541172013,75.56688510381409,23385.381176655246,5574,0
970.25,1.3,9.5,-4.2,1544.5491,69.56641,-0.5843999999999596,0.0010000000002037268,0.0003000000003794412,0.004894000000007281,3.000000006636583e-06,-1.2999999995599865e-05,7918,0,1,0,1,0,1,2.9000000000000004,2461.088700189418,75.56612737239551,23387.234635649384,5575,0
970.75,1.3,9.5,-4.2,1543.9656,69.57131,-0.5834999999999582,0.0009000000000014552,-0.00010000000020227162,0.004899999999992133,5.999999984851456e-06,2.9999999782148734e-06,7919,0,1,0,1,0,1,2.9000000000000004,2460.9729018181815,75.5653704510101,23389.087394443497,5576,0
972.25,1.3,9.5,-4.2,1543.3828,69.57622,-0.5827999999999065,0.0007000000000516593,-0.0001999999999497959,0.004910000000009518,1.0000000017384991e-05,4.000000032533535e-06,7920,0,1,0,1,0,1,2.9000000000000004,2460.8570591086986,75.56461434061356,23390.939453877578,5577,0
972.0,1.3,9.5,-4.2,1542.8009,69.58114,-0.5819000000001324,0.0008999999997740815,0.00019999999972242222,0.004919999999998481,9.999999988963282e-06,-2.842170943040401e-14,7921,0,1,0,1,0,1,2.9000000000000004,2460.741172191366,75.56385904216107,23392.790815031633,5578,0
972.0,1.3,9.5,-4.2,1542.2198,69.58607,-0.5810999999998785,0.0008000000002539309,-9.99999995201506e-05,0.004930000000001655,1.0000000003174137e-05,1.4210854715202004e-14,7922,0,1,0,1,0,1,2.9000000000000004,2460.625241183895,75.56310455660734,23394.64147886566,5579,0
971.25,1.3,9.5,-4.2,1541.6398,69.59101,-0.5800000000001546,0.0010999999997238774,0.0002999999994699465,0.0049399999999906186,9.999999988963282e-06,-1.4210854715202004e-14,7923,0,1,0,1,0,1,2.9000000000000004,2460.5092662417974,75.5623508849066,23396.491446699656,5580,0
971.75,1.3,9.5,-4.2,1541.0604,69.595955,-0.5793999999998505,0.000600000000304135,-0.0004999999994197424,0.0049450000000064165,5.000000015797923e-06,-4.999999973165359e-06,7924,0,1,0,1,0,1,2.9000000000000004,2460.393247457413,75.5615980273817,23398.34071925363,5581,0
972.0,1.3,9.5,-4.2,1540.482,69.600914,-0.5784000000001015,0.0009999999997489795,0.00039999999944484443,0.004958999999999492,1.3999999993075107e-05,8.999999977277184e-06,7925,0,1,0,1,0,1,2.9000000000000004,2460.277184973505,75.56084598549079,23400.18929772757,5582,0
973.75,1.3,9.5,-4.2,1539.9045,69.60587,-0.5774999999998727,0.0009000000002288289,-9.99999995201506e-05,0.004955999999992855,-3.000000006636583e-06,-1.699999999971169e-05,7926,0,1,0,1,0,1,2.9000000000000004,2460.1610789201463,75.56009475854674,23402.037183201486,5583,0
975.75,1.3,9.5,-4.2,1539.328,69.61085,-0.5765000000001237,0.0009999999997489795,9.99999995201506e-05,0.004980000000003315,2.40000000104601e-05,2.700000001709668e-05,7927,0,1,0,1,0,1,2.9000000000000004,2460.0449294399596,75.55934434926841,23403.884376875376,5584,0
975.75,1.3,9.5,-4.2,1538.7523,69.61584,-0.5756999999998698,0.0008000000002539309,-0.00019999999949504854,0.004990000000006489,1.0000000003174137e-05,-1.4000000007285962e-05,7928,0,1,0,1,0,1,2.9000000000000004,2459.9287366502713,75.55859475860764,23405.730879709234,5585,0
974.75,1.3,9.5,-4.2,1538.1775,69.62083,-0.5748000000000957,0.0008999999997740815,9.99999995201506e-05,0.004989999999992278,-1.4210854715202004e-14,-1.0000000017384991e-05,7929,0,1,0,1,0,1,2.9000000000000004,2459.8125006809582,75.55784598625473,23407.576692783066,5586,0
975.0,1.3,9.5,-4.2,1537.6036,69.625824,-0.5739000000000942,0.0009000000000014552,2.2737367544323206e-13,0.00499399999999639,4.0000000041118255e-06,4.00000001832268e-06,7930,0,1,0,1,0,1,2.9000000000000004,2459.6962216618335,75.55709803240448,23409.421817176873,5587,0
974.75,1.3,9.5,-4.2,1537.0306,69.63084,-0.5729999999998654,0.0009000000002288289,2.2737367544323206e-13,0.0050160000000119,2.2000000015509613e-05,1.8000000011397788e-05,7931,0,1,0,1,0,1,2.9000000000000004,2459.5798997226425,75.55635089952092,23411.26625397065,5588,0
975.0,1.3,9.5,-4.2,1536.4586,69.63586,-0.5720000000001164,0.0009999999997489795,9.99999995201506e-05,0.00501999999998759,3.999999975690116e-06,-1.8000000039819497e-05,7932,0,1,0,1,0,1,2.9000000000000004,2459.4635350056724,75.5556045877978,23413.1100043644,5589,0
973.25,1.3,9.5,-4.2,1535.8875,69.640884,-0.5710999999998876,0.0009000000002288289,-9.99999995201506e-05,0.005024000000005913,4.00000001832268e-06,4.263256414560601e-14,7933,0,1,0,1,0,1,2.9000000000000004,2459.3471276405344,75.55485909742879,23414.95306943812,5590,0
972.25,1.3,9.5,-4.2,1535.3173,69.64593,-0.5702000000001135,0.0008999999997740815,-4.547473508864641e-13,0.005046000000007211,2.200000000129876e-05,1.7999999982976078e-05,7934,0,1,0,1,0,1,2.9000000000000004,2459.2306777567737,75.55411443087587,23416.795450271817,5591,0
973.25,1.3,9.5,-4.2,1534.748,69.65097,-0.5692999999998847,0.0009000000002288289,4.547473508864641e-13,0.005039999999993938,-6.000000013273166e-06,-2.8000000014571924e-05,7935,0,1,0,1,0,1,2.9000000000000004,2459.1141854838706,75.55337058707157,23418.637147945487,5592,0
974.25,1.3,9.5,-4.2,1534.1797,69.65603,-0.5683000000001357,0.0009999999997489795,9.99999995201506e-05,0.0050600000000002865,2.0000000006348273e-05,2.600000001962144e-05,7936,0,1,0,1,0,1,2.9000000000000004,2458.9976509638404,75.55262756822478,23420.478163659125,5593,0
974.25,1.3,9.5,-4.2,1533.6123,69.661095,-0.5673999999999069,0.0009000000002288289,-9.99999995201506e-05,0.0050650000000018736,5.000000001587068e-06,-1.5000000004761205e-05,7937,0,1,0,1,0,1,2.9000000000000004,2458.8810743260265,75.55188537465357,23422.31849849274,5594,0
973.75,1.3,9.5,-4.2,1533.0459,69.66617,-0.5663999999999305,0.0009999999999763531,9.999999974752427e-05,0.005074999999990837,9.999999988963282e-06,4.9999999873762135e-06,7938,0,1,0,1,0,1,2.9000000000000004,2458.7644557123062,75.55114400730571,23424.158153646327,5595,0
973.5,1.3,9.5,-4.2,1532.4803,69.67126,-0.5656000000001313,0.0007999999997991836,-0.00020000000017716957,0.005090000000009809,1.500000001897206e-05,5.000000030008778e-06,7939,0,1,0,1,0,1,2.9000000000000004,2458.6477952392947,75.55040346775819,23425.997130079886,5596,0
974.25,1.3,9.5,-4.2,1531.9159,69.676346,-0.5643999999999778,0.0012000000001535227,0.00040000000035433914,0.005085999999991486,-4.00000001832268e-06,-1.900000003729474e-05,7940,0,1,0,1,0,1,2.9000000000000004,2458.5310930739206,75.54966375519456,23427.835429233415,5597,0
974.0,1.3,9.5,-4.2,1531.3523,69.68145,-0.5635999999999513,0.0008000000000265572,-0.00040000000012696546,0.005104000000002884,1.8000000011397788e-05,2.2000000029720468e-05,7941,0,1,0,1,0,1,2.9000000000000004,2458.414349332662,75.54892487156889,23429.673052066923,5598,0
974.25,1.3,9.5,-4.0,1530.7898,69.68656,-0.5625,0.001099999999951251,0.00029999999992469384,0.005110000000001946,5.999999999062311e-06,-1.2000000012335477e-05,7942,0,1,0,1,0,1,2.7,2458.2975641697094,75.54818681732343,23431.5099999004,5599,0
976.25,1.3,9.5,-4.0,1530.2281,69.69169,-0.5616999999999734,0.0008000000000265572,-0.00029999999992469384,0.005129999999994084,1.9999999992137418e-05,1.3999999993075107e-05,7943,0,1,0,1,0,1,2.7,2458.1807377014097,75.54744959466264,23433.34627369385,5600,0
976.5,1.3,9.5,-4.0,1529.6676,69.696815,-0.5605000000000473,0.001199999999926149,0.0003999999998995918,0.0051250000000067075,-4.9999999873762135e-06,-2.4999999979513632e-05,7944,0,1,0,1,0,1,2.7,2458.063870094399,75.54671320264318,23435.181874887276,5601,0
976.5,1.3,9.5,-4.0,1529.1079,69.70196,-0.5597000000000207,0.0008000000000265572,-0.0003999999998995918,0.005144999999998845,1.9999999992137418e-05,2.4999999979513632e-05,7945,0,1,0,1,0,1,2.7,2457.946961464888,75.54597764346842,23437.01680444067,5602,0
976.75,1.3,9.5,-4.0,1528.5493,69.70711,-0.5586000000000695,0.001099999999951251,0.00029999999992469384,0.005150000000000432,5.000000001587068e-06,-1.499999999055035e-05,7946,0,1,0,1,0,1,2.7,2457.8300119667797,75.54524291745312,23438.851063674043,5603,0
976.5,1.3,9.5,-4.0,1527.9917,69.712265,-0.5575999999998658,0.0010000000002037268,-9.999999974752427e-05,0.005155000000002019,5.000000001587068e-06,0.0,7947,0,1,0,1,0,1,2.7,2457.7130217413187,75.54450902491192,23440.684653787386,5604,0
977.25,1.3,9.5,-4.0,1527.435,69.71744,-0.5567000000000917,0.0008999999997740815,-0.0001000000004296453,0.0051749999999941565,1.9999999992137418e-05,1.499999999055035e-05,7948,0,1,0,1,0,1,2.7,2457.5959909170965,75.54377596804629,23442.517575860704,5605,0
976.25,1.3,9.5,-4.0,1526.8794,69.72262,-0.555599999999913,0.0011000000001786248,0.00020000000040454324,0.005180000000009954,5.000000015797923e-06,-1.4999999976339495e-05,7949,0,1,0,1,0,1,2.7,2457.478919647799,75.54304374716982,23444.349831213993,5606,0
974.25,1.3,9.5,-4.0,1526.3247,69.727806,-0.554700000000139,0.0008999999997740815,-0.00020000000040454324,0.005185999999994806,5.999999984851456e-06,9.999999690535333e-07,7950,0,1,0,1,0,1,2.7,2457.361808061879,75.54231236272167,23446.181420927256,5607,0
974.5,1.3,9.5,-4.0,1525.7711,69.733,-0.5535999999999603,0.0011000000001786248,0.00020000000040454324,0.0051940000000030295,8.000000008223651e-06,2.000000023372195e-06,7951,0,1,0,1,0,1,2.7,2457.2446563128774,75.54158181539236,23448.012346320495,5608,0
973.75,1.3,9.5,-4.0,1525.2186,69.73821,-0.5525000000000091,0.001099999999951251,-2.2737367544323206e-13,0.005209999999991055,1.5999999988025593e-05,7.999999979801942e-06,7952,0,1,0,1,0,1,2.7,2457.127464554256,75.5408521068779,23449.842608713705,5609,0
973.75,1.3,9.5,-4.0,1524.667,69.74343,-0.5516000000000076,0.0009000000000014552,-0.0001999999999497959,0.00522000000000844,1.0000000017384991e-05,-5.9999999706406015e-06,7953,0,1,0,1,0,1,2.7,2457.010232914257,75.54012323811918,23451.672209186887,5610,0
973.25,1.3,9.5,-4.0,1524.1166,69.74866,-0.5503999999998541,0.0012000000001535227,0.0003000000001520675,0.005229999999997403,9.999999988963282e-06,-2.842170943040401e-14,7954,0,1,0,1,0,1,2.7,2456.892961558768,75.53939521005657,23453.501149180047,5611,0
972.75,1.3,9.5,-4.0,1523.567,69.75389,-0.5496000000000549,0.0007999999997991836,-0.00040000000035433914,0.005229999999997403,0.0,-9.999999988963282e-06,7955,0,1,0,1,0,1,2.7,2456.7756506033184,75.53866802237306,23455.32942965318,5612,0
972.25,1.3,9.5,-4.0,1523.0187,69.75914,-0.5482999999999265,0.0013000000001284207,0.0005000000003292371,0.005250000000003752,2.0000000006348273e-05,2.0000000006348273e-05,7956,0,1,0,1,0,1,2.7,2456.658300226216,75.53794167726531,23457.157052166283,5613,0
972.75,1.3,9.5,-4.0,1522.4713,69.7644,-0.5474000000001524,0.0008999999997740815,-0.00040000000035433914,0.005259999999992715,9.999999988963282e-06,-1.0000000017384991e-05,7957,0,1,0,1,0,1,2.7,2456.540910555416,75.53721617567228,23458.98401779936,5614,0
972.75,1.3,9.5,-4.0,1521.9249,69.76966,-0.5463999999999487,0.0010000000002037268,0.0001000000004296453,0.005260000000006926,1.4210854715202004e-14,-9.999999974752427e-06,7958,0,1,0,1,0,1,2.7,2456.423481731373,75.53649151727603,23460.810327752413,5615,0
972.75,1.3,9.5,-4.0,1521.3796,69.77494,-0.5452999999999975,0.001099999999951251,9.999999974752427e-05,0.005279999999999063,1.9999999992137418e-05,1.9999999977926564e-05,7959,0,1,0,1,0,1,2.7,2456.3060139070353,75.53576770427136,23462.63598334544,5616,0
971.75,1.3,9.5,-4.0,1520.8354,69.78023,-0.5442000000000462,0.001099999999951251,0.0,0.005290000000002237,1.0000000003174137e-05,-9.999999988963282e-06,7960,0,1,0,1,0,1,2.7,2456.1885072352716,75.53504473759577,23464.46098589844,5617,0
970.25,1.3,9.5,-4.0,1520.2924,69.78552,-0.5429999999998927,0.0012000000001535227,0.00010000000020227162,0.005290000000002237,0.0,-1.0000000003174137e-05,7961,0,1,0,1,0,1,2.7,2456.0709618814367,75.53432261693041,23466.28533685141,5618,0
971.75,1.3,9.5,-4.0,1519.7502,69.790825,-0.5422000000000935,0.0007999999997991836,-0.00040000000035433914,0.005304999999992788,1.499999999055035e-05,1.499999999055035e-05,7962,0,1,0,1,0,1,2.7,2455.9533779605677,75.53360134384026,23468.109037164362,5619,0
971.5,1.3,9.5,-4.0,1519.2094,69.79614,-0.5407999999999902,0.0014000000001033186,0.000600000000304135,0.005314999999995962,1.0000000003174137e-05,-4.9999999873762135e-06,7963,0,1,0,1,0,1,2.7,2455.835755662983,75.53288091926167,23469.932088517282,5620,0
972.75,1.3,9.5,-4.0,1518.6694,69.80147,-0.5399999999999636,0.0008000000000265572,-0.0006000000000767614,0.005330000000000723,1.5000000004761205e-05,5.000000001587068e-06,7964,0,1,0,1,0,1,2.7,2455.7180951035784,75.53216134475831,23471.75449187018,5621,0
973.75,1.3,9.5,-4.0,1518.1306,69.8068,-0.5388000000000375,0.001199999999926149,0.0003999999998995918,0.005330000000000723,0.0,-1.5000000004761205e-05,7965,0,1,0,1,0,1,2.7,2455.600396447401,75.53144262001004,23473.57624866305,5622,0
972.75,1.3,9.5,-4.0,1517.5929,69.81215,-0.5376999999998588,0.0011000000001786248,-9.999999974752427e-05,0.005350000000007071,2.0000000006348273e-05,2.0000000006348273e-05,7966,0,1,0,1,0,1,2.7,2455.4826598468685,75.53072474720723,23475.397360215895,5623,0
975.25,1.3,9.5,-4.0,1517.0563,69.817505,-0.536600000000135,0.0010999999997238774,-4.547473508864641e-13,0.0053549999999944475,4.9999999873762135e-06,-1.500000001897206e-05,7967,0,1,0,1,0,1,2.7,2455.364885454317,75.53000772665663,23477.21782784871,5624,0
975.75,1.3,9.5,-4.0,1516.5208,69.82287,-0.5354999999999563,0.0011000000001786248,4.547473508864641e-13,0.005364999999997622,1.0000000003174137e-05,5.000000015797923e-06,7968,0,1,0,1,0,1,2.7,2455.2470734220105,75.52929155929225,23479.037652881507,5625,0
973.25,1.3,9.5,-4.0,1515.9865,69.82825,-0.5343000000000302,0.001199999999926149,9.999999974752427e-05,0.005380000000002383,1.5000000004761205e-05,5.000000001587068e-06,7969,0,1,0,1,0,1,2.7,2455.12922391468,75.52857624667503,23480.856836754272,5626,0
973.0,1.3,9.5,-4.0,1515.4531,69.83363,-0.5334000000000287,0.0009000000000014552,-0.00029999999992469384,0.005380000000002383,0.0,-1.5000000004761205e-05,7970,0,1,0,1,0,1,2.7,2455.01133705934,75.52786178848325,23482.675380547014,5627,0
973.25,1.3,9.5,-4.0,1514.921,69.83903,-0.5320999999999003,0.0013000000001284207,0.00040000000012696546,0.00539999999999452,1.9999999992137418e-05,1.9999999992137418e-05,7971,0,1,0,1,0,1,2.7,2454.893413033116,75.52714818690417,23484.49328581973,5628,0
973.25,1.3,9.5,-4.0,1514.39,69.84443,-0.5309999999999491,0.001099999999951251,-0.00020000000017716957,0.005400000000008731,1.4210854715202004e-14,-1.9999999977926564e-05,7972,0,1,0,1,0,1,2.7,2454.7754519879595,75.52643544161545,23486.31055389242,5629,0
974.25,1.3,9.5,-4.0,1513.8601,69.849846,-0.5298999999999978,0.001099999999951251,0.0,0.005415999999996757,1.5999999988025593e-05,1.5999999973814738e-05,7973,0,1,0,1,0,1,2.7,2454.6574540757465,75.52572355430148,23488.127186085087,5630,0
974.25,1.3,9.5,-4.0,1513.3313,69.85527,-0.5288000000000466,0.001099999999951251,0.0,0.00542400000000498,8.000000008223651e-06,-7.999999979801942e-06,7974,0,1,0,1,0,1,2.7,2454.5394194482756,75.52501252564262,23489.943183717725,5631,0
974.5,1.3,9.5,-4.0,1512.8037,69.86071,-0.5276000000001204,0.001199999999926149,9.999999997489795e-05,0.005439999999993006,1.5999999988025593e-05,7.999999979801942e-06,7975,0,1,0,1,0,1,2.7,2454.421348269809,75.52430235732197,23491.75854823034,5632,0
972.75,1.3,9.5,-4.0,1512.2772,69.86616,-0.5264999999999418,0.0011000000001786248,-9.999999974752427e-05,0.00544999999999618,1.0000000003174137e-05,-5.999999984851456e-06,7976,0,1,0,1,0,1,2.7,2454.3032406919897,75.52359305026953,23493.573280942932,5633,0
972.75,1.3,9.5,-4.0,1511.752,69.87161,-0.5252000000000407,0.001299999999901047,0.00019999999972242222,0.005450000000010391,1.4210854715202004e-14,-9.999999988963282e-06,7977,0,1,0,1,0,1,2.7,2454.185096891452,75.52288460416145,23495.387383415495,5634,0
971.75,1.3,9.5,-4.0,1511.2278,69.87708,-0.5242000000000644,0.0009999999999763531,-0.00029999999992469384,0.005470000000002528,1.9999999992137418e-05,1.9999999977926564e-05,7978,0,1,0,1,0,1,2.7,2454.0669170071437,75.5221770211806,23497.200856848034,5635,0
970.75,1.3,9.5,-4.0,1510.7048,69.88256,-0.5229999999999109,0.0012000000001535227,0.00020000000017716957,0.005479999999991492,9.999999988963282e-06,-1.0000000003174137e-05,7979,0,1,0,1,0,1,2.7,2453.9487012030077,75.52147030225564,23499.01370268055,5636,0
970.75,1.3,9.5,-4.0,1510.183,69.88805,-0.5217999999999847,0.001199999999926149,-2.2737367544323206e-13,0.005490000000008877,1.0000000017384991e-05,2.842170943040401e-14,7980,0,1,0,1,0,1,2.7,2453.830449642902,75.52076444831475,23500.825922353037,5637,0
971.75,1.3,9.5,-4.0,1509.6624,69.89354,-0.5206000000000586,0.001199999999926149,0.0,0.005489999999994666,-1.4210854715202004e-14,-1.0000000031595846e-05,7981,0,1,0,1,0,1,2.7,2453.7121624906035,75.52005945903282,23502.637517305502,5638,0
972.25,1.3,9.5,-4.0,1509.143,69.89905,-0.519399999999905,0.0012000000001535227,2.2737367544323206e-13,0.005510000000001014,2.0000000006348273e-05,2.0000000020559128e-05,7982,0,1,0,1,0,1,2.7,2453.5938399098086,75.51935533659025,23504.448488977938,5639,0
970.75,1.3,9.5,-4.0,1508.6246,69.90457,-0.5183999999999287,0.0009999999999763531,-0.00020000000017716957,0.005520000000004188,1.0000000003174137e-05,-1.0000000003174137e-05,7983,0,1,0,1,0,1,2.7,2453.475482039078,75.51865208191383,23506.258838570353,5640,0
968.75,1.3,9.5,-4.0,1508.1075,69.9101,-0.5171000000000276,0.001299999999901047,0.00029999999992469384,0.0055299999999931515,9.999999988963282e-06,-1.4210854715202004e-14,7984,0,1,0,1,0,1,2.7,2453.357089054477,75.51794969592987,23508.068567642742,5641,0
968.75,1.3,9.5,-4.0,1507.5917,69.91564,-0.5158000000001266,0.001299999999901047,0.0,0.005539999999996326,1.0000000003174137e-05,1.4210854715202004e-14,7985,0,1,0,1,0,1,2.7,2453.2386611319807,75.51724817956423,23509.877677755107,5642,0
968.25,1.3,9.5,-4.0,1507.0769,69.92119,-0.5147999999999229,0.0010000000002037268,-0.00029999999969732016,0.0055499999999995,1.0000000003174137e-05,0.0,7986,0,1,0,1,0,1,2.7,2453.120198409916,75.51654753374234,23511.686170107445,5643,0
966.75,1.3,9.5,-4.0,1506.5635,69.92675,-0.5134000000000469,0.001399999999875945,0.0003999999996722181,0.005560000000002674,1.0000000003174137e-05,0.0,7987,0,1,0,1,0,1,2.7,2453.0017010766146,75.51584775938909,23513.49404637976,5644,0
966.75,1.3,9.5,-4.0,1506.0511,69.93232,-0.5124000000000706,0.0009999999999763531,-0.0003999999998995918,0.005570000000005848,1.0000000003174137e-05,0.0,7988,0,1,0,1,0,1,2.7,2452.8831692702465,75.51514885742897,23515.301307772053,5645,0
965.75,1.3,9.5,-4.0,1505.54,69.937904,-0.5110999999999422,0.0013000000001284207,0.0003000000001520675,0.005583999999998923,1.3999999993075107e-05,3.999999989900971e-06,7989,0,1,0,1,0,1,2.7,2452.764603166458,75.5144508292866,23517.10795584432,5646,0
965.75,1.3,9.5,-4.0,1505.0303,69.9435,-0.5097000000000662,0.001399999999875945,9.999999974752427e-05,0.005595999999997048,1.1999999998124622e-05,-1.9999999949504854e-06,7990,0,1,0,1,0,1,2.7,2452.6460029533227,75.51375367613565,23518.91399227656,5647,0
966.25,1.3,9.5,-4.0,1504.5216,69.9491,-0.5086999999998625,0.0010000000002037268,-0.0003999999996722181,0.00560000000000116,4.0000000041118255e-06,-7.999999994012796e-06,7991,0,1,0,1,0,1,2.7,2452.5273687687686,75.51305739814815,23520.719418268778,5648,0
966.5,1.3,9.5,-4.0,1504.0142,69.95471,-0.5073999999999614,0.001299999999901047,0.00029999999969732016,0.005610000000004334,1.0000000003174137e-05,5.999999999062311e-06,7992,0,1,0,1,0,1,2.7,2452.40870078819,75.51236199624671,23522.52423538097,5649,0
966.5,1.3,9.5,-3.8,1503.508,69.960335,-0.5062000000000353,0.001199999999926149,-9.999999997489795e-05,0.005624999999994884,1.499999999055035e-05,4.9999999873762135e-06,7993,0,1,0,1,0,1,2.5,2452.289999174381,75.51166747197898,23524.32844505314,5650,0
966.75,1.3,9.5,-3.8,1503.0032,69.965965,-0.504799999999932,0.0014000000001033186,0.00020000000017716957,0.005629999999996471,5.000000001587068e-06,-9.999999988963282e-06,7994,0,1,0,1,0,1,2.5,2452.171264115072,75.51097382564103,23526.132048965283,5651,0
966.75,1.3,9.5,-3.8,1502.4995,69.97161,-0.5037000000002081,0.0010999999997238774,-0.0003000000003794412,0.005645000000001232,1.5000000004761205e-05,1.0000000003174137e-05,7995,0,1,0,1,0,1,2.5,2452.05249576038,75.51028105877938,23527.9350484374,5652,0
966.75,1.3,9.5,-3.8,1501.9971,69.97727,-0.5023999999998523,0.0013000000003557943,0.00020000000063191692,0.005660000000005994,1.5000000004761205e-05,0.0,7996,0,1,0,1,0,1,2.5,2451.933694285357,75.50958917293985,23529.7374450295,5653,0
966.25,1.3,9.5,-3.8,1501.4958,69.98293,-0.5013000000001284,0.0010999999997238774,-0.00020000000063191692,0.005659999999991783,-1.4210854715202004e-14,-1.500000001897206e-05,7997,0,1,0,1,0,1,2.5,2451.8148598399603,75.50889816779194,23531.53924006157,5654,0
968.25,1.3,9.5,-3.8,1500.996,69.98861,-0.49979999999982283,0.0015000000003055902,0.0004000000005817128,0.005679999999998131,2.0000000006348273e-05,2.0000000020559128e-05,7998,0,1,0,1,0,1,2.5,2451.695992624078,75.50820804550568,23533.340435333615,5655,0
968.25,1.3,9.5,-3.8,1500.4973,69.9943,-0.49870000000009895,0.0010999999997238774,-0.0004000000005817128,0.005690000000001305,1.0000000003174137e-05,-1.0000000003174137e-05,7999,0,1,0,1,0,1,2.5,2451.5770927875,75.507518807,23535.14103216564,5656,0
967.75,1.3,9.5,-3.8,1500.0,70.0,-0.49729999999999563,0.0014000000001033186,0.0003000000003794412,0.005700000000004479,1.0000000003174137e-05,0.0,8000,0,1,0,1,1,0,2.5,2451.4581605174353,75.50683045319334,23536.941032237643,5657,0
968.0,1.3,9.5,-3.8,1499.5039,70.00571,-0.4961000000000695,0.001199999999926149,-0.00020000000017716957,0.0057099999999934425,9.999999988963282e-06,-1.4210854715202004e-14,8001,0,1,0,1,1,0,2.5,2451.339195976006,75.50614298500375,23538.740436989618,5658,0
967.25,1.3,9.5,-3.8,1499.0092,70.01143,-0.49469999999996617,0.0014000000001033186,0.00020000000017716957,0.0057200000000108275,1.0000000017384991e-05,2.842170943040401e-14,8002,0,1,0,1,1,0,2.5,2451.2201993502435,75.50545640334875,23540.53924810157,5659,0
966.25,1.3,9.5,-3.8,1498.5156,70.01716,-0.4936000000000149,0.001099999999951251,-0.0003000000001520675,0.005729999999999791,9.999999988963282e-06,-2.842170943040401e-14,8003,0,1,0,1,1,0,2.5,2451.1011707896055,75.50477070914542,23542.3374668935,5660,0
967.25,1.3,9.5,-3.8,1498.0233,70.0229,-0.4922999999998865,0.0013000000001284207,0.00020000000017716957,0.005740000000002965,1.0000000003174137e-05,1.4210854715202004e-14,8004,0,1,0,1,1,0,2.5,2450.9821104684574,75.50408590331044,23544.135094925405,5661,0
968.25,1.3,9.5,-3.8,1497.5323,70.028656,-0.49099999999998545,0.001299999999901047,-2.2737367544323206e-13,0.0057559999999909905,1.5999999988025593e-05,5.999999984851456e-06,8005,0,1,0,1,1,0,2.5,2450.863018561079,75.50340198750936,23545.932133757284,5662,0
967.25,1.3,9.5,-3.8,1497.0426,70.03442,-0.4897000000000844,0.001299999999901047,0.0,0.005763999999999214,8.000000008223651e-06,-7.999999979801942e-06,8006,0,1,0,1,1,0,2.5,2450.7438952416633,75.5027189624079,23547.72858494914,5663,0
968.75,1.3,9.5,-3.8,1496.5542,70.04019,-0.488399999999956,0.0013000000001284207,2.2737367544323206e-13,0.0057699999999982765,5.999999999062311e-06,-2.00000000916134e-06,8007,0,1,0,1,1,0,2.5,2450.624740684316,75.50203682842158,23549.524450060977,5664,0
970.25,1.3,9.5,-3.8,1496.067,70.045975,-0.48720000000002983,0.001199999999926149,-0.00010000000020227162,0.005785000000003038,1.5000000004761205e-05,9.000000005698894e-06,8008,0,1,0,1,1,0,2.5,2450.505555050568,75.50135558708952,23551.31973053279,5665,0
969.75,1.3,9.5,-3.8,1495.5812,70.051765,-0.4857999999999265,0.0014000000001033186,0.00020000000017716957,0.005790000000004625,5.000000001587068e-06,-1.0000000003174137e-05,8009,0,1,0,1,1,0,2.5,2450.3863385268414,75.50067523870162,23553.114428044577,5666,0
969.75,1.3,9.5,-3.8,1495.0966,70.05756,-0.48460000000000036,0.001199999999926149,-0.00020000000017716957,0.005794999999992001,4.9999999873762135e-06,-1.4210854715202004e-14,8010,0,1,0,1,1,0,2.5,2450.2670912744975,75.49999578354762,23554.90854403634,5667,0
971.25,1.3,9.5,-3.8,1494.6132,70.06338,-0.4834000000000742,0.001199999999926149,0.0,0.005819999999999936,2.500000000793534e-05,2.0000000020559128e-05,8011,0,1,0,1,1,0,2.5,2450.1478134548174,75.49931722441339,23556.70207994808,5668,0
971.5,1.3,9.5,-3.8,1494.1311,70.0692,-0.4820999999999458,0.0013000000001284207,0.00010000000020227162,0.005819999999999936,0.0,-2.500000000793534e-05,8012,0,1,0,1,1,0,2.5,2450.028505241483,75.49863956096344,23558.495037339802,5669,0
972.25,1.3,9.5,-3.8,1493.6504,70.07503,-0.48070000000006985,0.001399999999875945,9.999999974752427e-05,0.0058300000000031105,1.0000000003174137e-05,1.0000000003174137e-05,8013,0,1,0,1,1,0,2.5,2449.9091668205638,75.49796279411031,23560.287417891497,5670,0
973.75,1.3,9.5,-3.8,1493.1708,70.08087,-0.4795999999998912,0.0011000000001786248,-0.00029999999969732016,0.005840000000006285,1.0000000003174137e-05,0.0,8014,0,1,0,1,1,0,2.5,2449.7897983406115,75.49728692476606,23562.07922292317,5671,0
974.75,1.3,9.5,-3.8,1492.6925,70.08672,-0.4782999999999902,0.001299999999901047,0.00019999999972242222,0.005849999999995248,9.999999988963282e-06,-1.4210854715202004e-14,8015,0,1,0,1,1,0,2.5,2449.67039997505,75.4966119538423,23563.87045399482,5672,0
976.25,1.3,9.5,-3.8,1492.2156,70.09258,-0.47690000000011423,0.001399999999875945,9.999999997489795e-05,0.005859999999998422,1.0000000003174137e-05,1.4210854715202004e-14,8016,0,1,0,1,1,0,2.5,2449.550971909692,75.49593788225022,23565.661112786445,5673,0
976.25,1.3,9.5,-3.8,1491.7399,70.09845,-0.4756999999999607,0.0012000000001535227,-0.00019999999972242222,0.005870000000001596,1.0000000003174137e-05,0.0,8017,0,1,0,1,1,0,2.5,2449.431514305313,75.49526471090047,23567.451200738047,5674,0
976.0,1.3,9.5,-3.8,1491.2654,70.104324,-0.47450000000003456,0.001199999999926149,-2.2737367544323206e-13,0.005874000000005708,4.0000000041118255e-06,-5.999999999062311e-06,8018,0,1,0,1,1,0,2.5,2449.312027322609,75.49459243995511,23569.240719289628,5675,0
975.75,1.3,9.5,-3.8,1490.7922,70.110214,-0.47319999999990614,0.0013000000001284207,0.00010000000020227162,0.005889999999993734,1.5999999988025593e-05,1.1999999983913767e-05,8019,0,1,0,1,1,0,2.5,2449.1925111346636,75.49392107107232,23571.029670001186,5676,0
976.0,1.3,9.5,-3.8,1490.3203,70.11611,-0.4719000000000051,0.001299999999901047,-2.2737367544323206e-13,0.005896000000007007,6.000000013273166e-06,-9.999999974752427e-06,8020,0,1,0,1,1,0,2.5,2449.0729659144745,75.49325060466275,23572.818054432722,5677,0
975.25,1.3,9.5,-3.8,1489.8496,70.12201,-0.47070000000007894,0.001199999999926149,-9.999999997489795e-05,0.005899999999996908,3.999999989900971e-06,-2.000000023372195e-06,8021,0,1,0,1,1,0,2.5,2448.9533918224884,75.49258104088756,23574.605874024233,5678,0
974.75,1.3,9.5,-3.8,1489.3802,70.12792,-0.4693999999999505,0.0013000000001284207,0.00010000000020227162,0.005910000000000082,1.0000000003174137e-05,6.000000013273166e-06,8022,0,1,0,1,1,0,2.5,2448.8337890315343,75.49191238065562,23576.393130335724,5679,0
976.75,1.3,9.5,-3.8,1488.9121,70.13384,-0.4681000000000495,0.001299999999901047,-2.2737367544323206e-13,0.005920000000003256,1.0000000003174137e-05,0.0,8023,0,1,0,1,1,0,2.5,2448.714157714357,75.49124462487538,23578.179824927192,5680,0
975.25,1.3,9.5,-3.8,1488.4453,70.13978,-0.46679999999992106,0.0013000000001284207,2.2737367544323206e-13,0.005939999999995393,1.9999999992137418e-05,9.999999988963282e-06,8024,0,1,0,1,1,0,2.5,2448.594498043614,75.49057777570093,23579.965959358637,5681,0
973.75,1.3,9.5,-3.8,1487.9796,70.14571,-0.4657000000001972,0.0010999999997238774,-0.00020000000040454324,0.005929999999992219,-1.0000000003174137e-05,-2.9999999995311555e-05,8025,0,1,0,1,1,0,2.5,2448.4748101669575,75.48991183154746,23581.75153495006,5682,0
973.75,1.3,9.5,-3.8,1487.5154,70.15166,-0.4641999999998916,0.0015000000003055902,0.0004000000005817128,0.005950000000012778,2.0000000020559128e-05,3.0000000023733264e-05,8026,0,1,0,1,1,0,2.5,2448.355094281799,75.48924679456833,23583.53655350146,5683,0
973.5,1.3,9.5,-3.8,1487.0522,70.15761,-0.46319999999991524,0.0009999999999763531,-0.0005000000003292371,0.0059499999999985675,-1.4210854715202004e-14,-2.0000000034769982e-05,8027,0,1,0,1,1,0,2.5,2448.235350523169,75.48858266442451,23585.32101621284,5684,0
975.25,1.3,9.5,-3.8,1486.5905,70.163574,-0.4617000000000644,0.0014999999998508429,0.0004999999998744897,0.005963999999991643,1.3999999993075107e-05,1.4000000007285962e-05,8028,0,1,0,1,1,0,2.5,2448.115579088305,75.48791944252086,23587.104924884195,5685,0
975.25,1.3,9.5,-3.8,1486.1299,70.16954,-0.46060000000011314,0.001099999999951251,-0.0003999999998995918,0.005966000000000804,2.00000000916134e-06,-1.1999999983913767e-05,8029,0,1,0,1,1,0,2.5,2447.9957801245328,75.48725712876711,23588.88828083553,5686,0
976.25,1.3,9.5,-3.8,1485.6707,70.17552,-0.4592000000000098,0.0014000000001033186,0.0003000000001520675,0.00598000000000809,1.4000000007285962e-05,1.1999999998124622e-05,8030,0,1,0,1,1,0,2.5,2447.8759538164613,75.48659572456731,23590.671085746842,5687,0
976.25,1.3,9.5,-3.8,1485.2126,70.1815,-0.4580999999998312,0.0011000000001786248,-0.00029999999992469384,0.005979999999993879,-1.4210854715202004e-14,-1.4000000021496817e-05,8031,0,1,0,1,1,0,2.5,2447.7561003112546,75.48593522958167,23592.453340938133,5688,0
976.5,1.3,9.5,-3.8,1484.7559,70.1875,-0.45669999999995525,0.001399999999875945,0.00029999999969732016,0.006000000000000227,2.0000000006348273e-05,2.0000000020559128e-05,8032,0,1,0,1,1,0,2.5,2447.6362197933527,75.48527564596041,23594.235048089402,5689,0
976.5,1.3,9.5,-3.8,1484.3004,70.1935,-0.4555000000000291,0.001199999999926149,-0.0001999999999497959,0.006000000000000227,0.0,-2.0000000006348273e-05,8033,0,1,0,1,1,0,2.5,2447.516312422206,75.4846169733632,23596.01620864065,5690,0
975.75,1.3,9.5,-3.8,1483.8462,70.19951,-0.45420000000012806,0.001299999999901047,9.999999997489795e-05,0.0060100000000034015,1.0000000003174137e-05,1.0000000003174137e-05,8034,0,1,0,1,1,0,2.5,2447.3963783696327,75.48395921269446,23597.796824151872,5691,0
975.75,1.3,9.5,-3.8,1483.3932,70.20552,-0.45299999999997453,0.0012000000001535227,-9.999999974752427e-05,0.0060100000000034015,0.0,-1.0000000003174137e-05,8035,0,1,0,1,1,0,2.5,2447.276417794923,75.48330236361375,23599.576896063074,5692,0
976.0,1.3,9.5,-3.8,1482.9414,70.21154,-0.4518000000000484,0.001199999999926149,-2.2737367544323206e-13,0.006019999999992365,9.999999988963282e-06,9.999999988963282e-06,8036,0,1,0,1,1,0,2.5,2447.156430857285,75.482646427025,23601.356425814258,5693,0
976.0,1.3,9.5,-3.8,1482.491,70.21757,-0.45039999999994507,0.0014000000001033186,0.00020000000017716957,0.006029999999995539,1.0000000003174137e-05,1.4210854715202004e-14,8037,0,1,0,1,1,0,2.5,2447.0364177407314,75.48199140383181,23603.135415085417,5694,0
976.75,1.3,9.5,-3.8,1482.0417,70.2236,-0.4492999999999938,0.001099999999951251,-0.0003000000001520675,0.00603000000000975,1.4210854715202004e-14,-9.999999988963282e-06,8038,0,1,0,1,1,0,2.5,2446.9163785918645,75.48133729369324,23604.913865196555,5695,0
977.75,1.3,9.5,-3.8,1481.5939,70.229645,-0.4477999999999156,0.0015000000000782165,0.00040000000012696546,0.0060450000000003,1.499999999055035e-05,1.4999999976339495e-05,8039,0,1,0,1,1,0,2.5,2446.796313606965,75.48068409813433,23606.69177794767,5696,0
978.75,1.3,9.5,-3.8,1481.1471,70.235695,-0.4468000000001666,0.0009999999997489795,-0.0005000000003292371,0.006050000000001887,5.000000001587068e-06,-9.999999988963282e-06,8040,0,1,0,1,1,0,2.5,2446.6762229200344,75.48003181743564,23608.469154538765,5697,0
979.25,1.3,9.5,-3.8,1480.7017,70.24175,-0.4453999999998359,0.0014000000003306923,0.0004000000005817128,0.006054999999989263,4.9999999873762135e-06,-1.4210854715202004e-14,8041,0,1,0,1,1,0,2.5,2446.556106714748,75.47938045187765,23610.24599664984,5698,0
978.75,1.3,9.5,-3.8,1480.2576,70.24782,-0.44410000000016225,0.0012999999996736733,-0.00010000000065701897,0.0060700000000082355,1.500000001897206e-05,1.0000000031595846e-05,8042,0,1,0,1,1,0,2.5,2446.4359651622526,75.47873000298397,23612.022305840892,5699,0
978.5,1.3,9.5,-3.8,1479.8146,70.25388,-0.44299999999998363,0.0011000000001786248,-0.00019999999949504854,0.0060599999999908505,-1.0000000017384991e-05,-2.500000003635705e-05,8043,0,1,0,1,1,0,2.5,2446.315798408752,75.47808046916957,23613.798083431924,5700,0
978.5,1.3,9.5,-3.8,1479.3729,70.25996,-0.4416999999998552,0.0013000000001284207,0.0001999999999497959,0.00608000000001141,2.0000000020559128e-05,3.000000003794412e-05,8044,0,1,0,1,1,0,2.5,2446.195606625233,75.47743185257924,23615.573330982934,5701,0
978.75,1.3,9.5,-3.8,1478.9325,70.26604,-0.44040000000018154,0.0012999999996736733,-4.547473508864641e-13,0.006079999999997199,-1.4210854715202004e-14,-2.0000000034769982e-05,8045,0,1,0,1,1,0,2.5,2446.0753899826,75.47678415287099,23617.348050053923,5702,0
978.75,1.3,9.5,-3.8,1478.4933,70.272125,-0.43919999999980064,0.0012000000003808964,-9.999999929277692e-05,0.006084999999998786,5.000000001587068e-06,5.000000015797923e-06,8046,0,1,0,1,1,0,2.5,2445.9551486392443,75.47613737032434,23619.12224208489,5703,0
977.25,1.3,9.5,-3.8,1478.0554,70.27822,-0.43790000000012697,0.0012999999996736733,9.999999929277692e-05,0.00609500000000196,1.0000000003174137e-05,5.000000001587068e-06,8047,0,1,0,1,1,0,2.5,2445.8348827659047,75.47549150583995,23620.895908635837,5704,0
977.25,1.3,9.5,-3.8,1477.6188,70.28432,-0.43659999999999854,0.0013000000001284207,4.547473508864641e-13,0.006099999999989336,4.9999999873762135e-06,-5.000000015797923e-06,8048,0,1,0,1,1,0,2.5,2445.714592533234,75.47484655969686,23622.669051266763,5705,0
977.0,1.3,9.5,-3.8,1477.1833,70.29042,-0.4355000000000473,0.001099999999951251,-0.00020000000017716957,0.006100000000003547,1.4210854715202004e-14,-4.999999973165359e-06,8049,0,1,0,1,1,0,2.5,2445.5942780869564,75.4742025315528,23624.441671297667,5706,0
977.75,1.3,9.5,-3.8,1476.7491,70.29653,-0.4341999999999189,0.0013000000001284207,0.00020000000017716957,0.006110000000006721,1.0000000003174137e-05,9.999999988963282e-06,8050,0,1,0,1,1,0,2.5,2445.4739395975653,75.47355942230779,23626.213770288552,5707,0
978.25,1.3,9.5,-3.8,1476.3163,70.30265,-0.43280000000004293,0.001399999999875945,9.999999974752427e-05,0.0061199999999956844,9.999999988963282e-06,-1.4210854715202004e-14,8051,0,1,0,1,1,0,2.5,2445.353577247889,75.47291723286139,23627.985349919414,5708,0
978.25,1.3,9.5,-3.8,1475.8846,70.30877,-0.4316999999998643,0.0011000000001786248,-0.00029999999969732016,0.0061199999999956844,0.0,-9.999999988963282e-06,8052,0,1,0,1,1,0,2.5,2445.23319118341,75.47227596287098,23629.756411510258,5709,0
978.25,1.3,9.5,-3.8,1475.4542,70.314896,-0.43040000000019063,0.0012999999996736733,0.00019999999949504854,0.006126000000008958,6.000000013273166e-06,6.000000013273166e-06,8053,0,1,0,1,1,0,2.5,2445.112781574373,75.47163561273902,23631.526956621077,5710,0
978.0,1.3,9.5,-3.8,1475.025,70.32103,-0.42919999999980973,0.0012000000003808964,-9.999999929277692e-05,0.0061339999999887596,7.999999979801942e-06,1.999999966528776e-06,8054,0,1,0,1,1,0,2.5,2444.992348578523,75.47099618311609,23633.29698669188,5711,0
977.25,1.3,9.5,-3.8,1474.5972,70.32716,-0.42780000000016116,0.0013999999996485712,0.00019999999926767487,0.0061300000000130694,-3.999999975690116e-06,-1.1999999955492058e-05,8055,0,1,0,1,1,0,2.5,2444.8718923783517,75.47035767316287,23635.06650340266,5712,0
979.25,1.3,9.5,-3.8,1474.1704,70.333305,-0.42679999999995744,0.0010000000002037268,-0.00039999999944484443,0.006144999999989409,1.4999999976339495e-05,1.899999995202961e-05,8056,0,1,0,1,1,0,2.5,2444.7514131066155,75.46972008439866,23636.83550795342,5713,0
979.5,1.3,9.5,-3.8,1473.745,70.33945,-0.4254000000000815,0.001399999999875945,0.0003999999996722181,0.00614500000000362,1.4210854715202004e-14,-1.499999996212864e-05,8057,0,1,0,1,1,0,2.5,2444.630910945644,75.46908341648052,23638.60400202416,5714,0
978.75,1.3,9.5,-3.8,1473.3209,70.345604,-0.42409999999995307,0.0013000000001284207,-9.999999974752427e-05,0.006153999999995108,8.999999991488039e-06,8.999999977277184e-06,8058,0,1,0,1,1,0,2.5,2444.5103860652684,75.4684476701824,23640.37198717488,5715,0
977.75,1.3,9.5,-3.8,1472.898,70.35176,-0.4229000000000269,0.001199999999926149,-0.00010000000020227162,0.006156000000004269,2.00000000916134e-06,-6.999999982326699e-06,8059,0,1,0,1,1,0,2.5,2444.389838622829,75.46781284540943,23642.13946484558,5716,0
978.25,1.3,9.5,-3.8,1472.4762,70.35792,-0.4217999999998483,0.0011000000001786248,-9.999999974752427e-05,0.00615999999999417,3.999999989900971e-06,1.9999999807396307e-06,8060,0,1,0,1,1,0,2.5,2444.2692687631807,75.46717894231485,23643.906436356257,5717,0
980.25,1.3,9.5,-3.8,1472.0558,70.36408,-0.42039999999997235,0.001399999999875945,0.00029999999969732016,0.006160000000008381,1.4210854715202004e-14,-3.999999975690116e-06,8061,0,1,0,1,1,0,2.5,2444.14867666832,75.4665459605557,23645.672903386916,5718,0
982.25,1.3,9.5,-3.8,1471.6366,70.370255,-0.4192000000000462,0.001199999999926149,-0.0001999999999497959,0.006174999999998931,1.499999999055035e-05,1.4999999976339495e-05,8062,0,1,0,1,1,0,2.5,2444.0280624953493,75.46591390164951,23647.438867377554,5719,0
982.75,1.3,9.5,-3.8,1471.2186,70.37643,-0.41800000000012005,0.001199999999926149,0.0,0.006174999999998931,0.0,-1.499999999055035e-05,8063,0,1,0,1,1,0,2.5,2443.9074264012897,75.46528276525297,23649.204329768174,5720,0
982.75,1.3,9.5,-3.8,1470.802,70.38261,-0.41660000000001673,0.0014000000001033186,0.00020000000017716957,0.006180000000000518,5.000000001587068e-06,5.000000001587068e-06,8064,0,1,0,1,1,0,2.5,2443.7867685678857,75.46465255164291,23650.969292238773,5721,0
983.75,1.3,9.5,-3.8,1470.3865,70.38879,-0.4154999999998381,0.0011000000001786248,-0.00029999999992469384,0.006180000000000518,0.0,-5.000000001587068e-06,8065,0,1,0,1,1,0,2.5,2443.6660891395986,75.46402326047608,23652.73375610935,5722,0
982.75,1.3,9.5,-3.8,1469.9723,70.39497,-0.41420000000016444,0.0012999999996736733,0.00019999999949504854,0.006180000000000518,0.0,0.0,8066,0,1,0,1,1,0,2.5,2443.545388285608,75.46339489140944,23654.49772293991,5723,0
983.0,1.3,9.5,-3.8,1469.5593,70.40116,-0.4130000000000109,0.0012000000001535227,-9.99999995201506e-05,0.0061900000000036925,1.0000000003174137e-05,1.0000000003174137e-05,8067,0,1,0,1,1,0,2.5,2443.4246661626175,75.46276744533961,23656.26119417045,5724,0
983.75,1.3,9.5,-3.8,1469.1476,70.40736,-0.4116999999998825,0.0013000000001284207,9.999999997489795e-05,0.006199999999992656,9.999999988963282e-06,-1.4210854715202004e-14,8068,0,1,0,1,1,0,2.5,2443.303922939646,75.46214092316272,23658.024171360965,5725,0
983.75,1.3,9.5,-3.8,1468.737,70.41355,-0.41059999999993124,0.001099999999951251,-0.00020000000017716957,0.0061900000000036925,-9.999999988963282e-06,-1.9999999977926564e-05,8069,0,1,0,1,1,0,2.5,2443.1831587608426,75.46151532329615,23659.786655831467,5726,0
983.25,1.3,9.5,-3.8,1468.3278,70.419754,-0.4092000000000553,0.001399999999875945,0.00029999999992469384,0.006203999999996768,1.3999999993075107e-05,2.399999998203839e-05,8070,0,1,0,1,1,0,2.5,2443.0623738074587,75.4608906471317,23661.548649261946,5727,0
983.5,1.3,9.5,-3.8,1467.9198,70.42596,-0.40800000000012915,0.001199999999926149,-0.0001999999999497959,0.006206000000005929,2.00000000916134e-06,-1.1999999983913767e-05,8071,0,1,0,1,1,0,2.5,2442.9415682358767,75.46026689457383,23663.310153092407,5728,0
983.75,1.3,9.5,-3.8,1467.513,70.43217,-0.4067999999999756,0.0012000000001535227,2.2737367544323206e-13,0.00620999999999583,3.999999989900971e-06,1.9999999807396307e-06,8072,0,1,0,1,1,0,2.5,2442.820742202403,75.4596440657748,23665.071168762846,5729,0
983.5,1.3,9.5,-3.8,1467.1074,70.43838,-0.4055999999998221,0.0012000000001535227,0.0,0.00620999999999583,0.0,-3.999999989900971e-06,8073,0,1,0,1,1,0,2.5,2442.699895863265,75.45902216039138,23666.831697713267,5730,0
982.75,1.3,9.5,-3.8,1466.7031,70.44459,-0.40430000000014843,0.0012999999996736733,9.99999995201506e-05,0.006210000000010041,1.4210854715202004e-14,1.4210854715202004e-14,8074,0,1,0,1,1,0,2.5,2442.5790293869973,75.45840117808049,23668.59174150367,5731,0
983.75,1.3,9.5,-3.8,1466.3,70.450806,-0.4030999999999949,0.0012000000001535227,-9.99999995201506e-05,0.006215999999994892,5.999999984851456e-06,5.9999999706406015e-06,8075,0,1,0,1,1,0,2.5,2442.458142929668,75.4577811192422,23670.35130157405,5732,0
984.0,1.3,9.5,-3.8,1465.8982,70.45702,-0.4017999999998665,0.0013000000001284207,9.999999997489795e-05,0.006213999999999942,-1.9999999949504854e-06,-7.999999979801942e-06,8076,0,1,0,1,1,0,2.5,2442.337236659651,75.45716198328587,23672.110379484417,5733,0
982.25,1.3,9.5,-3.8,1465.4977,70.46325,-0.4005000000001928,0.0012999999996736733,-4.547473508864641e-13,0.006230000000002178,1.6000000002236447e-05,1.7999999997186933e-05,8077,0,1,0,1,1,0,2.5,2442.216310745234,75.45654377184947,23673.868976794758,5734,0
982.75,1.3,9.5,-3.8,1465.0983,70.46947,-0.3993999999997868,0.0011000000004059984,-0.00019999999926767487,0.006219999999999004,-1.0000000003174137e-05,-2.6000000005410584e-05,8078,0,1,0,1,1,0,2.5,2442.0953653298675,75.4559264833519,23675.627094825082,5735,0
982.75,1.3,9.5,-3.8,1464.7002,70.4757,-0.39810000000011314,0.0012999999996736733,0.00019999999926767487,0.006230000000002178,1.0000000003174137e-05,2.0000000006348273e-05,8079,0,1,0,1,1,0,2.5,2441.9744005816833,75.45531011868812,23677.38473513539,5736,0
983.0,1.3,9.5,-3.8,1464.3032,70.481926,-0.3969999999999345,0.0011000000001786248,-0.00019999999949504854,0.006225999999998066,-4.0000000041118255e-06,-1.4000000007285962e-05,8080,0,1,0,1,1,0,2.5,2441.8534166439795,75.45469467702017,23679.141899045677,5737,0
981.25,1.3,9.5,-3.8,1463.9076,70.48816,-0.39560000000005857,0.001399999999875945,0.00029999999969732016,0.006233999999992079,7.999999994012796e-06,1.1999999998124622e-05,8081,0,1,0,1,1,0,2.5,2441.7324136971047,75.4540801589953,23680.898588235945,5738,0
980.25,1.3,9.5,-3.8,1463.5132,70.49439,-0.39439999999990505,0.0012000000001535227,-0.00019999999972242222,0.006230000000002178,-3.999999989900971e-06,-1.1999999983913767e-05,8082,0,1,0,1,1,0,2.5,2441.611391896573,75.45346656377583,23682.65480414619,5739,0
980.25,1.3,9.5,-3.8,1463.12,70.50063,-0.3932000000002063,0.0011999999996987754,-4.547473508864641e-13,0.006240000000005352,1.0000000003174137e-05,1.3999999993075107e-05,8083,0,1,0,1,1,0,2.5,2441.490351397823,75.4528538922563,23684.410548216423,5740,0
980.25,1.3,9.5,-3.8,1462.728,70.50687,-0.3919999999998254,0.0012000000003808964,6.821210263296962e-13,0.006240000000005352,0.0,-1.0000000003174137e-05,8084,0,1,0,1,1,0,2.5,2441.3692923562153,75.452242144094,23686.165821886632,5741,0
980.25,1.3,9.5,-3.8,1462.3373,70.51311,-0.3907000000001517,0.0012999999996736733,9.999999929277692e-05,0.0062399999999911415,-1.4210854715202004e-14,-1.4210854715202004e-14,8085,0,1,0,1,1,0,2.5,2441.2482149394014,75.45163131894633,23687.920626716827,5742,0
979.25,1.3,9.5,-3.8,1461.9478,70.519356,-0.3894999999999982,0.0012000000001535227,-9.99999995201506e-05,0.006246000000004415,6.000000013273166e-06,6.00000002748402e-06,8086,0,1,0,1,1,0,2.5,2441.127119302584,75.45102141721281,23689.674964146998,5743,0
979.25,1.3,9.5,-3.8,1461.5596,70.5256,-0.38819999999986976,0.0013000000001284207,9.999999997489795e-05,0.006243999999995253,-2.00000000916134e-06,-8.000000022434506e-06,8087,0,1,0,1,1,0,2.5,2441.006005613254,75.45041243830366,23691.42883573715,5744,0
979.75,1.3,9.5,-3.8,1461.1725,70.531845,-0.3871000000001459,0.0010999999997238774,-0.00020000000040454324,0.0062450000000069394,1.0000000116860974e-06,3.0000000208474376e-06,8088,0,1,0,1,1,0,2.5,2440.8848740140934,75.44980438200024,23693.18224280729,5745,0
979.75,1.3,9.5,-3.8,1460.7867,70.53809,-0.3857999999997901,0.0013000000003557943,0.00020000000063191692,0.006244999999992729,-1.4210854715202004e-14,-1.0000000258969521e-06,8089,0,1,0,1,1,0,2.5,2440.7637246724353,75.44919724796044,23694.935186917406,5746,0
978.25,1.3,9.5,-3.8,1460.4021,70.54434,-0.3846000000000913,0.0011999999996987754,-0.00010000000065701897,0.0062500000000085265,5.000000015797923e-06,5.000000030008778e-06,8090,0,1,0,1,1,0,2.5,2440.6425577431714,75.44859103646027,23696.687669507508,5747,0
978.75,1.2,9.5,-3.8,1460.0188,70.55059,-0.3832999999999629,0.0013000000001284207,0.0001000000004296453,0.006249999999994316,-1.4210854715202004e-14,-5.000000030008778e-06,8091,0,1,0,1,1,0,2.5999999999999996,2440.5213733934747,75.44798574715769,23698.43969213759,5748,0
978.75,1.2,9.5,-3.8,1459.6367,70.55684,-0.38210000000003674,0.001199999999926149,-0.00010000000020227162,0.006249999999994316,0.0,1.4210854715202004e-14,8092,0,1,0,1,1,0,2.5999999999999996,2440.4001717780798,75.44738137971086,23700.19125624765,5749,0
978.75,1.2,9.5,-3.8,1459.2557,70.563095,-0.3810000000000855,0.001099999999951251,-9.999999997489795e-05,0.006255000000010114,5.000000015797923e-06,5.000000015797923e-06,8093,0,1,0,1,1,0,2.5999999999999996,2440.2789530392884,75.44677793439585,23701.942363157694,5750,0
978.75,1.2,9.5,-3.8,1458.8761,70.56934,-0.3795999999999822,0.0014000000001033186,0.0003000000001520675,0.006244999999992729,-1.0000000017384991e-05,-1.5000000033182914e-05,8094,0,1,0,1,1,0,2.5999999999999996,2440.157717356393,75.44617540963559,23703.69301454772,5751,0
976.75,1.2,9.5,-3.6,1458.4977,70.5756,-0.378400000000056,0.001199999999926149,-0.00020000000017716957,0.00625999999999749,1.5000000004761205e-05,2.5000000022146196e-05,8095,0,1,0,1,1,0,2.4000000000000004,2440.0364648838936,75.44557380694171,23705.443211857728,5752,0
980.25,1.2,9.5,-3.6,1458.1205,70.581856,-0.3771999999999025,0.0012000000001535227,2.2737367544323206e-13,0.006256000000007589,-3.999999989900971e-06,-1.8999999994662176e-05,8096,0,1,0,1,1,0,2.4000000000000004,2439.9151957762133,75.44497312547858,23707.192956527717,5753,0
980.25,1.2,9.5,-3.6,1457.7445,70.58811,-0.37599999999997635,0.001199999999926149,-2.2737367544323206e-13,0.0062539999999984275,-2.00000000916134e-06,1.9999999807396307e-06,8097,0,1,0,1,1,0,2.4000000000000004,2439.7939101877005,75.44437336465795,23708.94224999769,5754,0
980.25,1.2,9.5,-3.6,1457.3698,70.59437,-0.3747000000000753,0.001299999999901047,9.999999997489795e-05,0.00625999999999749,5.999999999062311e-06,8.000000008223651e-06,8098,0,1,0,1,1,0,2.4000000000000004,2439.6726082849736,75.44377452487961,23710.691093827645,5755,0
980.25,1.2,9.5,-3.6,1456.9962,70.600624,-0.3735999999998967,0.0011000000001786248,-0.00019999999972242222,0.0062539999999984275,-5.999999999062311e-06,-1.1999999998124622e-05,8099,0,1,0,1,1,0,2.4000000000000004,2439.5512902098767,75.44317660506172,23712.43948933758,5756,0
980.75,1.2,9.5,-3.6,1456.6239,70.60688,-0.37229999999999563,0.001299999999901047,0.00019999999972242222,0.006256000000007589,2.00000000916134e-06,8.000000008223651e-06,8100,0,1,0,1,1,0,2.4000000000000004,2439.429956128873,75.44257960511048,23714.187438087498,5757,0
980.75,1.2,8.5,-3.6,1456.2528,70.61314,-0.3711000000000695,0.001199999999926149,-9.999999997489795e-05,0.00625999999999749,3.999999989900971e-06,1.9999999807396307e-06,8101,0,1,0,1,1,0,2.4000000000000004,2439.3086061960007,75.44198352517897,23715.934941517397,5758,0
981.25,1.2,8.5,-3.6,1455.8829,70.61939,-0.36989999999991596,0.0012000000001535227,2.2737367544323206e-13,0.006249999999994316,-1.0000000003174137e-05,-1.3999999993075107e-05,8102,0,1,0,1,1,0,2.4000000000000004,2439.1872405652225,75.44138836369245,23717.682001067278,5759,0
981.75,1.2,8.5,-3.6,1455.5143,70.62565,-0.3686000000000149,0.001299999999901047,9.999999974752427e-05,0.00625999999999749,1.0000000003174137e-05,2.0000000006348273e-05,8103,0,1,0,1,1,0,2.4000000000000004,2439.065859402764,75.44079412154493,23719.428618297145,5760,0
983.25,1.2,8.5,-3.6,1455.1469,70.631905,-0.36740000000008877,0.001199999999926149,-9.999999997489795e-05,0.006255000000010114,-4.9999999873762135e-06,-1.499999999055035e-05,8104,0,1,0,1,1,0,2.4000000000000004,2438.9444628624306,75.44020079777914,23721.17479464699,5761,0
983.5,1.2,8.5,-3.6,1454.7806,70.63816,-0.36629999999991014,0.0011000000001786248,-9.999999974752427e-05,0.006254999999995903,-1.4210854715202004e-14,4.999999973165359e-06,8105,0,1,0,1,1,0,2.4000000000000004,2438.8230510856156,75.43960839205526,23722.920531436823,5762,0
984.25,1.2,8.5,-3.6,1454.4156,70.64442,-0.3650000000000091,0.001299999999901047,0.00019999999972242222,0.00625999999999749,5.000000001587068e-06,5.000000015797923e-06,8106,0,1,0,1,1,0,2.4000000000000004,2438.7016242383124,75.4390169046503,23724.665830226633,5763,0
985.75,1.2,8.5,-3.6,1454.0519,70.65067,-0.36370000000010805,0.001299999999901047,0.0,0.0062500000000085265,-9.999999988963282e-06,-1.499999999055035e-05,8107,0,1,0,1,1,0,2.4000000000000004,2438.5801824864334,75.43842633399112,23726.410692576428,5764,0
985.25,1.2,8.5,-3.6,1453.6893,70.65693,-0.3625999999999294,0.0011000000001786248,-0.00019999999972242222,0.00625999999999749,9.999999988963282e-06,1.9999999977926564e-05,8108,0,1,0,1,1,0,2.4000000000000004,2438.458725971143,75.43783668097177,23728.155119806204,5765,0
985.5,1.2,8.5,-3.6,1453.328,70.663185,-0.3613000000000284,0.001299999999901047,0.00019999999972242222,0.006254999999995903,-5.000000001587068e-06,-1.499999999055035e-05,8109,0,1,0,1,1,0,2.4000000000000004,2438.3372548581997,75.43724794463625,23729.899113475964,5766,0
985.75,1.2,8.5,-3.6,1452.9679,70.66944,-0.36009999999987485,0.0012000000001535227,-9.999999974752427e-05,0.006254999999995903,0.0,5.000000001587068e-06,8110,0,1,0,1,1,0,2.4000000000000004,2438.2157693009494,75.43666012464554,23731.642675025705,5767,0
985.75,1.2,8.5,-3.6,1452.609,70.6757,-0.3589000000001761,0.0011999999996987754,-4.547473508864641e-13,0.006260000000011701,5.000000015797923e-06,5.000000015797923e-06,8111,0,1,0,1,1,0,2.4000000000000004,2438.0942694526625,75.43607322127711,23733.385805895432,5768,0
984.75,1.2,8.5,-3.6,1452.2513,70.681946,-0.35770000000002256,0.0012000000001535227,4.547473508864641e-13,0.006245999999990204,-1.4000000021496817e-05,-1.900000003729474e-05,8112,0,1,0,1,1,0,2.4000000000000004,2437.9727554665355,75.4354872324664,23735.12850752514,5769,0
986.75,1.2,8.5,-3.6,1451.8949,70.6882,-0.35639999999989413,0.0013000000001284207,9.999999997489795e-05,0.0062539999999984275,8.000000008223651e-06,2.2000000029720468e-05,8113,0,1,0,1,1,0,2.4000000000000004,2437.8512275080107,75.43490215886123,23736.87078147483,5770,0
987.0,1.2,8.5,-3.6,1451.5396,70.69445,-0.3552999999999429,0.001099999999951251,-0.00020000000017716957,0.0062500000000085265,-3.999999989900971e-06,-1.1999999998124622e-05,8114,0,1,0,1,1,0,2.4000000000000004,2437.729685717806,75.43431799963031,23738.612629064504,5771,0
986.75,1.2,8.5,-3.6,1451.1855,70.7007,-0.35410000000001673,0.001199999999926149,9.999999997489795e-05,0.006249999999994316,-1.4210854715202004e-14,3.999999975690116e-06,8115,0,1,0,1,1,0,2.4000000000000004,2437.608130248891,75.43373475443569,23740.35405173416,5772,0
987.25,1.2,8.5,-3.6,1450.8328,70.70695,-0.3527000000001408,0.001399999999875945,0.0001999999999497959,0.0062500000000085265,1.4210854715202004e-14,2.842170943040401e-14,8116,0,1,0,1,1,0,2.4000000000000004,2437.4865612787976,75.4331524229395,23742.0950511638,5773,0
987.25,1.2,8.5,-3.6,1450.4812,70.713196,-0.35159999999996217,0.0011000000001786248,-0.00029999999969732016,0.006245999999990204,-4.00000001832268e-06,-4.000000032533535e-06,8117,0,1,0,1,1,0,2.4000000000000004,2437.3649789480164,75.43257100431141,23743.835628673423,5774,0
987.75,1.2,8.5,-3.6,1450.1307,70.71944,-0.3505000000000109,0.001099999999951251,-2.2737367544323206e-13,0.006244000000009464,-1.9999999807396307e-06,2.0000000375830496e-06,8118,0,1,0,1,1,0,2.4000000000000004,2437.2433833969703,75.43199049796773,23745.57578558303,5775,0
989.25,1.2,8.5,-3.6,1449.7816,70.725685,-0.3490999999999076,0.0014000000001033186,0.0003000000001520675,0.006244999999992729,9.99999983264388e-07,2.9999999640040187e-06,8119,0,1,0,1,1,0,2.4000000000000004,2437.1217748029558,75.43141090369458,23747.31552357262,5776,0
989.5,1.2,8.5,-3.6,1449.4336,70.731926,-0.34799999999995634,0.001099999999951251,-0.0003000000001520675,0.006241000000002828,-3.999999989900971e-06,-4.999999973165359e-06,8120,0,1,0,1,1,0,2.4000000000000004,2437.000153306243,75.43083222066248,23749.054843962193,5777,0
990.25,1.2,8.5,-3.6,1449.0869,70.73816,-0.3467000000000553,0.001299999999901047,0.0001999999999497959,0.006233999999992079,-7.000000010748408e-06,-3.0000000208474376e-06,8121,0,1,0,1,1,0,2.4000000000000004,2436.878519071657,75.430254447673,23750.79374831175,5778,0
992.75,1.2,8.5,-3.6,1448.7413,70.7444,-0.34560000000010405,0.001099999999951251,-0.0001999999999497959,0.006240000000005352,6.000000013273166e-06,1.3000000024021574e-05,8122,0,1,0,1,1,0,2.4000000000000004,2436.7568722393203,75.42967758512864,23752.53223794129,5779,0
992.25,1.2,8.5,-3.6,1448.3971,70.75063,-0.3442000000000007,0.0014000000001033186,0.0003000000001520675,0.006230000000002178,-1.0000000003174137e-05,-1.6000000016447302e-05,8123,0,1,0,1,1,0,2.4000000000000004,2436.635212986214,75.42910163146234,23754.27031453081,5780,0
990.75,1.2,8.5,-3.6,1448.054,70.75687,-0.3430999999998221,0.0011000000001786248,-0.00029999999992469384,0.006240000000005352,1.0000000003174137e-05,2.0000000006348273e-05,8124,0,1,0,1,1,0,2.4000000000000004,2436.513541452308,75.42852658756922,23756.007979400318,5781,0
992.25,1.2,8.5,-3.6,1447.712,70.7631,-0.3420000000000982,0.0010999999997238774,-4.547473508864641e-13,0.006229999999987967,-1.0000000017384991e-05,-2.0000000020559128e-05,8125,0,1,0,1,1,0,2.4000000000000004,2436.3918577775044,75.42795245188285,23757.74523386981,5782,0
991.25,1.2,8.5,-3.6,1447.3713,70.769325,-0.3406999999999698,0.0013000000001284207,0.00020000000040454324,0.006225000000000591,-4.9999999873762135e-06,5.000000030008778e-06,8126,0,1,0,1,1,0,2.4000000000000004,2436.270162126246,75.42737922345268,23759.482079499285,5783,0
990.75,1.2,8.5,-3.6,1447.0319,70.77555,-0.33940000000006876,0.001299999999901047,-2.2737367544323206e-13,0.006225000000000591,0.0,4.9999999873762135e-06,8127,0,1,0,1,1,0,2.4000000000000004,2436.1484546628935,75.42680690194389,23761.21851784874,5784,0
991.75,1.2,8.5,-3.6,1446.6936,70.78178,-0.33829999999989013,0.0011000000001786248,-0.00019999999972242222,0.006230000000002178,5.000000001587068e-06,5.000000001587068e-06,8128,0,1,0,1,1,0,2.4000000000000004,2436.026735527125,75.42623548763686,23762.95455023818,5785,0
990.75,1.2,8.5,-3.6,1446.3566,70.788,-0.3369999999999891,0.001299999999901047,0.00019999999972242222,0.006219999999999004,-1.0000000003174137e-05,-1.5000000004761205e-05,8129,0,1,0,1,1,0,2.4000000000000004,2435.9050048831486,75.4256649789668,23764.690178227607,5786,0
991.75,1.2,8.5,-3.6,1446.0206,70.79422,-0.33600000000001273,0.0009999999999763531,-0.00029999999992469384,0.006219999999999004,0.0,1.0000000003174137e-05,8130,0,1,0,1,1,0,2.4000000000000004,2435.783262858197,75.42509537559955,23766.425403017016,5787,0
992.75,1.2,8.5,-3.6,1445.686,70.80043,-0.3346000000001368,0.001399999999875945,0.0003999999998995918,0.006210000000010041,-9.999999988963282e-06,-9.999999988963282e-06,8131,0,1,0,1,1,0,2.4000000000000004,2435.6615096286278,75.42452667597146,23768.160226286407,5788,0
993.75,1.2,8.5,-3.6,1445.3525,70.80664,-0.33349999999995816,0.0011000000001786248,-0.00029999999969732016,0.00620999999999583,-1.4210854715202004e-14,9.999999974752427e-06,8132,0,1,0,1,1,0,2.4000000000000004,2435.539745333825,75.42395887974918,23769.894649355785,5789,0
994.0,1.2,8.5,-3.6,1445.0203,70.81285,-0.3322000000000571,0.001299999999901047,0.00019999999972242222,0.00620999999999583,0.0,1.4210854715202004e-14,8133,0,1,0,1,1,0,2.4000000000000004,2435.4179701376934,75.42339198659947,23771.628673785148,5790,0
994.0,1.2,8.5,-3.6,1444.6893,70.81906,-0.3309999999999036,0.0012000000001535227,-9.999999974752427e-05,0.00620999999999583,0.0,0.0,8134,0,1,0,1,1,0,2.4000000000000004,2435.296184191764,75.42282599618932,23773.36230101449,5791,0
995.25,1.2,8.5,-3.6,1444.3595,70.82526,-0.32979999999997744,0.001199999999926149,-2.2737367544323206e-13,0.006200000000006867,-9.999999988963282e-06,-9.999999988963282e-06,8135,0,1,0,1,1,0,2.4000000000000004,2435.1743876474925,75.42226090695674,23775.09553248382,5792,0
996.25,1.2,8.5,-3.6,1444.0308,70.83146,-0.3287000000000262,0.001099999999951251,-9.999999997489795e-05,0.006200000000006867,0.0,9.999999988963282e-06,8136,0,1,0,1,1,0,2.4000000000000004,2435.0525806439723,75.4216967185695,23776.828369513136,5793,0
997.25,1.2,8.5,-3.6,1443.7034,70.837654,-0.3273999999998978,0.0013000000001284207,0.00020000000017716957,0.0061939999999935935,-6.000000013273166e-06,-6.000000013273166e-06,8137,0,1,0,1,1,0,2.4000000000000004,2434.930763344802,75.42113342995823,23778.560813662432,5794,0
998.75,1.2,8.5,-3.6,1443.3772,70.84384,-0.326200000000199,0.0011999999996987754,-0.0001000000004296453,0.006185999999999581,-7.999999994012796e-06,-1.9999999807396307e-06,8138,0,1,0,1,1,0,2.4000000000000004,2434.808935901216,75.42057103980834,23780.292866371714,5795,0
998.75,1.2,8.5,-3.6,1443.0521,70.85003,-0.325099999999793,0.0011000000004059984,-9.999999929277692e-05,0.0061900000000036925,4.0000000041118255e-06,1.1999999998124622e-05,8139,0,1,0,1,1,0,2.4000000000000004,2434.687098452089,75.4200095482801,23782.02452896098,5796,0
999.25,1.2,8.5,-3.6,1442.7283,70.85622,-0.3238000000001193,0.0012999999996736733,0.00019999999926767487,0.006189999999989482,-1.4210854715202004e-14,-4.00000001832268e-06,8140,0,1,0,1,1,0,2.4000000000000004,2434.565251160791,75.41944895504237,23783.755802990232,5797,0
998.75,1.2,8.5,-3.6,1442.4058,70.8624,-0.3224999999999909,0.0013000000001284207,4.547473508864641e-13,0.006180000000000518,-9.999999988963282e-06,-9.999999974752427e-06,8141,0,1,0,1,1,0,2.4000000000000004,2434.4433941906163,75.41888925853598,23785.48669001947,5798,0
999.25,1.2,8.5,-3.6,1442.0844,70.86857,-0.32140000000003965,0.001099999999951251,-0.00020000000017716957,0.006170000000011555,-9.999999988963282e-06,0.0,8142,0,1,0,1,1,0,2.4000000000000004,2434.321527680216,75.4183304572025,23787.217191368687,5799,0
999.25,1.2,8.5,-3.6,1441.764,70.87474,-0.3204000000000633,0.0009999999999763531,-9.999999997489795e-05,0.006169999999997344,-1.4210854715202004e-14,9.999999974752427e-06,8143,0,1,0,1,1,0,2.4000000000000004,2434.1996517558937,75.41777255071219,23788.947308237894,5800,0
997.75,1.2,8.5,-3.6,1441.4451,70.88091,-0.3188999999999851,0.0015000000000782165,0.0005000000001018634,0.006169999999997344,0.0,1.4210854715202004e-14,8144,0,1,0,1,1,0,2.4000000000000004,2434.0777666052795,75.41721553873542,23790.67704242708,5801,0
997.75,1.2,8.5,-3.6,1441.1272,70.88707,-0.31790000000000873,0.0009999999999763531,-0.0005000000001018634,0.00615999999999417,-1.0000000003174137e-05,-1.0000000003174137e-05,8145,0,1,0,1,1,0,2.4000000000000004,2433.95587235453,75.4166594197152,23792.406395136255,5802,0
996.75,1.2,8.5,-3.6,1440.8107,70.893234,-0.3164999999999054,0.0014000000001033186,0.00040000000012696546,0.006164000000012493,4.00000001832268e-06,1.4000000021496817e-05,8146,0,1,0,1,1,0,2.4000000000000004,2433.833969178839,75.41610419381367,23794.135368045416,5803,0
996.5,1.2,8.5,-3.6,1440.4952,70.89938,-0.31549999999992906,0.0009999999999763531,-0.00040000000012696546,0.006145999999986884,-1.8000000025608642e-05,-2.2000000043931323e-05,8147,0,1,0,1,1,0,2.4000000000000004,2433.7120572042218,75.41554985849288,23795.863962354557,5804,0
998.25,1.2,8.5,-3.6,1440.181,70.90553,-0.314200000000028,0.001299999999901047,0.00029999999992469384,0.006150000000005207,4.00000001832268e-06,2.2000000043931323e-05,8148,0,1,0,1,1,0,2.4000000000000004,2433.590136593447,75.41499641391582,23797.592179623687,5805,0
999.75,1.2,8.5,-3.6,1439.8679,70.911674,-0.31310000000007676,0.001099999999951251,-0.0001999999999497959,0.0061440000000061445,-5.999999999062311e-06,-1.0000000017384991e-05,8149,0,1,0,1,1,0,2.4000000000000004,2433.4682074846623,75.4144438590184,23799.3200211728,5806,0
998.75,1.2,8.5,-3.6,1439.5562,70.917816,-0.31169999999997344,0.0014000000001033186,0.0003000000001520675,0.006141999999996983,-2.00000000916134e-06,3.999999989900971e-06,8150,0,1,0,1,1,0,2.4000000000000004,2433.3462700527543,75.41389219322782,23801.0474886819,5807,0
998.75,1.2,8.5,-3.6,1439.2455,70.92395,-0.3106999999999971,0.0009999999999763531,-0.00040000000012696546,0.00613400000000297,-7.999999994012796e-06,-5.999999984851456e-06,8151,0,1,0,1,1,0,2.4000000000000004,2433.224324423454,75.41334141523554,23802.774583350983,5808,0
997.75,1.2,8.5,-3.6,1438.936,70.93008,-0.30950000000007094,0.001199999999926149,0.0001999999999497959,0.006129999999998859,-4.0000000041118255e-06,3.999999989900971e-06,8152,0,1,0,1,1,0,2.4000000000000004,2433.1023707469644,75.41279152422422,23804.50130662005,5809,0
998.25,1.2,8.5,-3.6,1438.6278,70.9362,-0.3081999999999425,0.0013000000001284207,0.00010000000020227162,0.0061199999999956844,-1.0000000003174137e-05,-5.999999999062311e-06,8153,0,1,0,1,1,0,2.4000000000000004,2432.9804091856754,75.41224251864115,23806.227660049106,5810,0
998.75,1.2,8.5,-3.6,1438.3208,70.94232,-0.30700000000001637,0.001199999999926149,-0.00010000000020227162,0.0061199999999956844,0.0,1.0000000003174137e-05,8154,0,1,0,1,1,0,2.4000000000000004,2432.8584398896382,75.41169439816063,23807.953645078145,5811,0
998.75,1.2,8.5,-3.6,1438.0149,70.94843,-0.3059000000000651,0.001099999999951251,-9.999999997489795e-05,0.006110000000006721,-9.999999988963282e-06,-9.999999988963282e-06,8155,0,1,0,1,1,0,2.4000000000000004,2432.736462996567,75.411147161231,23809.67926302717,5812,0
999.75,1.2,8.5,-3.6,1437.7103,70.95454,-0.3045999999999367,0.0013000000001284207,0.00020000000017716957,0.00610999999999251,-1.4210854715202004e-14,9.999999974752427e-06,8156,0,1,0,1,1,0,2.4000000000000004,2432.614478668628,75.41060080752727,23811.40451545618,5813,0
999.75,1.2,8.5,-3.6,1437.4069,70.96064,-0.30340000000001055,0.001199999999926149,-0.00010000000020227162,0.006100000000003547,-9.999999988963282e-06,-9.999999974752427e-06,8157,0,1,0,1,1,0,2.4000000000000004,2432.4924870556506,75.4100553354989,23813.129403805175,5814,0
998.25,1.2,8.5,-3.6,1437.1045,70.966736,-0.3024000000000342,0.0009999999999763531,-0.0001999999999497959,0.006095999999999435,-4.0000000041118255e-06,5.999999984851456e-06,8158,0,1,0,1,1,0,2.4000000000000004,2432.370488282878,75.40951074433141,23814.853929274155,5815,0
998.25,1.2,8.5,-3.6,1436.8035,70.972824,-0.3009999999999309,0.0014000000001033186,0.00040000000012696546,0.006088000000005422,-7.999999994012796e-06,-3.999999989900971e-06,8159,0,1,0,1,1,0,2.4000000000000004,2432.24848252451,75.40896703272058,23816.578093543125,5816,0
998.75,1.2,8.5,-3.6,1436.5035,70.97891,-0.2999999999999545,0.0009999999999763531,-0.00040000000012696546,0.006085999999996261,-2.00000000916134e-06,5.999999984851456e-06,8160,0,1,0,1,1,0,2.4000000000000004,2432.126469905649,75.40842420009804,23818.301897812074,5817,0
999.75,1.2,8.5,-3.6,1436.2048,70.984985,-0.2987000000000535,0.001299999999901047,0.00029999999992469384,0.006074999999995612,-1.100000000064938e-05,-8.999999991488039e-06,8161,0,1,0,1,1,0,2.4000000000000004,2432.004450588091,75.40788224479294,23820.025343641013,5818,0
1000.75,1.2,8.5,-3.6,1435.9073,70.99106,-0.29749999999989996,0.0012000000001535227,-9.999999974752427e-05,0.0060750000000098225,1.4210854715202004e-14,1.1000000014860234e-05,8162,0,1,0,1,1,0,2.4000000000000004,2431.8824247213033,75.40734116648291,23821.748432469936,5819,0
1000.75,1.2,8.5,-3.6,1435.6111,70.99712,-0.2961999999999989,0.001299999999901047,9.999999974752427e-05,0.0060599999999908505,-1.500000001897206e-05,-1.5000000033182914e-05,8163,0,1,0,1,1,0,2.4000000000000004,2431.760392466928,75.40680096300834,23823.471165858846,5820,0
999.75,1.2,8.5,-3.6,1435.3159,71.00318,-0.29520000000002256,0.0009999999999763531,-0.00029999999992469384,0.006060000000005061,1.4210854715202004e-14,1.5000000033182914e-05,8164,0,1,0,1,1,0,2.4000000000000004,2431.6383539497856,75.40626163404777,23825.19354500774,5821,0
999.5,1.2,8.5,-3.6,1435.022,71.00923,-0.2939000000001215,0.001299999999901047,0.00029999999992469384,0.006050000000001887,-1.0000000003174137e-05,-1.0000000017384991e-05,8165,0,1,0,1,1,0,2.4000000000000004,2431.516309331374,75.40572317805535,23826.915571476624,5822,0
999.25,1.2,8.5,-3.6,1434.7292,71.01528,-0.2927999999999429,0.0011000000001786248,-0.00019999999972242222,0.006050000000001887,0.0,1.0000000003174137e-05,8166,0,1,0,1,1,0,2.4000000000000004,2431.3942587486226,75.40518559471043,23828.63724658549,5823,0
999.0,1.2,8.5,-3.6,1434.4376,71.02132,-0.29160000000001673,0.001199999999926149,9.999999974752427e-05,0.006039999999998713,-1.0000000003174137e-05,-1.0000000003174137e-05,8167,0,1,0,1,1,0,2.4000000000000004,2431.2722023506367,75.40464888246817,23830.35857177434,5824,0
998.75,1.2,8.5,-3.6,1434.1472,71.02735,-0.2903999999998632,0.0012000000001535227,2.2737367544323206e-13,0.006029999999995539,-1.0000000003174137e-05,0.0,8168,0,1,0,1,1,0,2.4000000000000004,2431.1501402864487,75.40411303978455,23832.079548483183,5825,0
997.75,1.2,8.5,-3.6,1433.858,71.03338,-0.28920000000016444,0.0011999999996987754,-4.547473508864641e-13,0.006029999999995539,0.0,1.0000000003174137e-05,8169,0,1,0,1,1,0,2.4000000000000004,2431.028072705018,75.40357806634027,23833.800178152007,5826,0
997.5,1.2,8.5,-3.6,1433.5701,71.03939,-0.287900000000036,0.0013000000001284207,0.0001000000004296453,0.0060100000000034015,-1.9999999992137418e-05,-1.9999999992137418e-05,8170,0,1,0,1,1,0,2.4000000000000004,2430.9059997674703,75.40304395936849,23835.520462340817,5827,0
998.25,1.2,8.5,-3.6,1433.2832,71.0454,-0.2868999999998323,0.0010000000002037268,-0.00029999999992469384,0.0060100000000034015,0.0,1.9999999992137418e-05,8171,0,1,0,1,1,0,2.4000000000000004,2430.78392159814,75.40251071855116,23837.240402249616,5828,0
999.75,1.2,8.5,-3.6,1432.9976,71.05141,-0.2856000000001586,0.0012999999996736733,0.0002999999994699465,0.0060100000000034015,0.0,0.0,8172,0,1,0,1,1,0,2.4000000000000004,2430.661838358008,75.40197834357029,23838.9599994384,5829,0
999.75,1.2,8.5,-3.6,1432.7131,71.0574,-0.28449999999998,0.0011000000001786248,-0.00019999999949504854,0.005989999999997053,-2.0000000006348273e-05,-2.0000000006348273e-05,8173,0,1,0,1,1,0,2.4000000000000004,2430.5397501835087,75.40144683166136,23840.67925522717,5830,0
999.75,1.2,8.5,-3.6,1432.4298,71.06339,-0.28330000000005384,0.001199999999926149,9.999999974752427e-05,0.005989999999997053,0.0,2.0000000006348273e-05,8174,0,1,0,1,1,0,2.4000000000000004,2430.417657223242,75.40091618250764,23842.398171055927,5831,0
1000.25,1.2,8.5,-3.6,1432.1477,71.069374,-0.2820999999999003,0.0012000000001535227,2.2737367544323206e-13,0.005983999999997991,-5.999999999062311e-06,-5.999999999062311e-06,8175,0,1,0,1,1,0,2.4000000000000004,2430.295559625734,75.4003863950587,23844.11674836467,5832,0
1001.25,1.2,8.5,-3.6,1431.8668,71.07535,-0.28089999999997417,0.001199999999926149,-2.2737367544323206e-13,0.005976000000003978,-7.999999994012796e-06,-1.9999999949504854e-06,8176,0,1,0,1,1,0,2.4000000000000004,2430.17345753944,75.39985746802006,23845.8349885934,5833,0
1001.5,1.2,8.5,-3.6,1431.587,71.081314,-0.2798000000000229,0.001099999999951251,-9.999999997489795e-05,0.0059640000000058535,-1.1999999998124622e-05,-4.0000000041118255e-06,8177,0,1,0,1,1,0,2.4000000000000004,2430.0513511005133,75.3993293996087,23847.552893062115,5834,0
1001.25,1.2,8.5,-3.6,1431.3086,71.08727,-0.2783999999999196,0.0014000000001033186,0.0003000000001520675,0.00595599999999763,-8.000000008223651e-06,3.999999989900971e-06,8178,0,1,0,1,1,0,2.4000000000000004,2429.9292404817215,75.3988021885316,23849.27046345082,5835,0
1002.25,1.2,8.5,-3.6,1431.0311,71.093216,-0.2775000000001455,0.0008999999997740815,-0.0005000000003292371,0.005945999999994456,-1.0000000003174137e-05,-1.9999999949504854e-06,8179,0,1,0,1,1,0,2.4000000000000004,2429.8071257946212,75.39827583325183,23850.98770083951,5836,0
1002.75,1.2,8.5,-3.6,1430.755,71.09916,-0.2760999999998148,0.0014000000003306923,0.0005000000005566108,0.005943999999999505,-1.9999999949504854e-06,8.000000008223651e-06,8180,0,1,0,1,1,0,2.4000000000000004,2429.6850072118323,75.3977503332111,23852.704606908184,5837,0
1003.25,1.2,8.5,-3.6,1430.48,71.105095,-0.27500000000009095,0.0010999999997238774,-0.00030000000060681487,0.005935000000008017,-8.999999991488039e-06,-6.999999996537554e-06,8181,0,1,0,1,1,0,2.4000000000000004,2429.562884869225,75.39722568699585,23854.421182976846,5838,0
1003.25,1.2,8.5,-3.6,1430.2062,71.111015,-0.2737999999999374,0.0012000000001535227,0.0001000000004296453,0.005919999999989045,-1.500000001897206e-05,-6.00000002748402e-06,8182,0,1,0,1,1,0,2.4000000000000004,2429.4407589148236,75.39670189245999,23856.137430485498,5839,0
1004.25,1.2,8.5,-3.6,1429.9335,71.116936,-0.2726999999999862,0.001099999999951251,-0.00010000000020227162,0.005921000000000731,1.0000000116860974e-06,1.6000000030658157e-05,8183,0,1,0,1,1,0,2.4000000000000004,2429.3186294843595,75.3961789494135,23857.853350754132,5840,0
1005.75,1.2,8.5,-3.6,1429.662,71.12284,-0.27150000000006,0.001199999999926149,9.999999997489795e-05,0.0059040000000010195,-1.699999999971169e-05,-1.8000000011397788e-05,8184,0,1,0,1,1,0,2.4000000000000004,2429.1964967257177,75.39565685546731,23859.568945222756,5841,0
1003.25,1.2,8.5,-3.6,1429.3917,71.12874,-0.2703000000001339,0.001199999999926149,0.0,0.005899999999996908,-4.0000000041118255e-06,1.2999999995599865e-05,8185,0,1,0,1,1,0,2.4000000000000004,2429.074360786709,75.39513560982165,23861.28421533137,5842,0
1003.25,1.2,8.5,-3.4,1429.1227,71.134636,-0.26900000000000546,0.0013000000001284207,0.00010000000020227162,0.005896000000007007,-3.999999989900971e-06,1.4210854715202004e-14,8186,0,1,0,1,1,0,2.2,2428.9522218272873,75.39461521167705,23862.999162639968,5843,0
1003.0,1.2,8.5,-3.4,1428.8547,71.14051,-0.26799999999980173,0.0010000000002037268,-0.00029999999992469384,0.005874000000005708,-2.200000000129876e-05,-1.8000000011397788e-05,8187,0,1,0,1,1,0,2.2,2428.830079970689,75.39409565803615,23864.713788348552,5844,0
1002.75,1.2,8.5,-3.4,1428.5879,71.146385,-0.26680000000010295,0.0011999999996987754,0.00019999999949504854,0.005874999999988972,9.99999983264388e-07,2.2999999984563146e-05,8188,0,1,0,1,1,0,2.2,2428.707935364513,75.39357694871168,23866.428093897124,5845,0
1002.25,1.2,8.5,-3.4,1428.3224,71.15225,-0.26549999999997453,0.0013000000001284207,0.0001000000004296453,0.005865000000000009,-9.999999988963282e-06,-1.099999997222767e-05,8189,0,1,0,1,1,0,2.2,2428.585788168498,75.39305908217338,23868.142080845682,5846,0
1002.25,1.2,8.5,-3.4,1428.058,71.158104,-0.2644000000000233,0.001099999999951251,-0.00020000000017716957,0.00585399999999936,-1.100000000064938e-05,-1.0000000116860974e-06,8190,0,1,0,1,1,0,2.2,2428.4636385178856,75.39254205676963,23869.85575051423,5847,0
1003.25,1.2,8.5,-3.4,1427.7947,71.16395,-0.26330000000007203,0.001099999999951251,0.0,0.005846000000005347,-7.999999994012796e-06,3.000000006636583e-06,8191,0,1,0,1,1,0,2.2,2428.3414865478517,75.39202587121582,23871.569104222763,5848,0
1003.0,1.2,8.5,-3.4,1427.5326,71.169785,-0.2620999999999185,0.0012000000001535227,0.00010000000020227162,0.0058350000000046975,-1.100000000064938e-05,-3.000000006636583e-06,8192,0,1,0,1,1,0,2.2,2428.2193324057125,75.39151052386184,23873.282143411285,5849,0
1000.75,1.2,8.5,-3.4,1427.2717,71.17561,-0.26089999999999236,0.001199999999926149,-2.2737367544323206e-13,0.005825000000001523,-1.0000000003174137e-05,9.999999974752427e-07,8193,0,1,0,1,1,0,2.2,2428.097176238711,75.39099601318037,23874.994869519796,5850,0
1001.75,1.2,8.5,-3.4,1427.012,71.18143,-0.2597000000000662,0.001199999999926149,0.0,0.005819999999999936,-5.000000001587068e-06,5.000000001587068e-06,8194,0,1,0,1,1,0,2.2,2427.9750181940203,75.39048233825503,23876.70728398829,5851,0
1001.5,1.2,8.5,-3.4,1426.7534,71.18723,-0.2585999999998876,0.0011000000001786248,-9.999999974752427e-05,0.005799999999993588,-2.0000000006348273e-05,-1.5000000004761205e-05,8195,0,1,0,1,1,0,2.2,2427.85285840654,75.38996949633967,23878.419388136776,5852,0
1003.25,1.2,8.5,-3.4,1426.4961,71.19303,-0.25729999999998654,0.001299999999901047,0.00019999999972242222,0.005799999999993588,0.0,2.0000000006348273e-05,8196,0,1,0,1,1,0,2.2,2427.7306970355007,75.38945748712943,23880.131183525245,5853,0
1001.25,1.2,8.5,-3.4,1426.2399,71.19882,-0.2562000000000353,0.001099999999951251,-0.0001999999999497959,0.005790000000004625,-9.999999988963282e-06,-9.999999988963282e-06,8197,0,1,0,1,1,0,2.2,2427.6085342156625,75.38894630909978,23881.842671473707,5854,0
1001.0,1.2,8.5,-3.4,1425.9849,71.2046,-0.25500000000010914,0.001199999999926149,9.999999997489795e-05,0.005780000000001451,-1.0000000003174137e-05,-1.4210854715202004e-14,8198,0,1,0,1,1,0,2.2,2427.4863700939136,75.38843596072691,23883.553853422152,5855,0
1000.75,1.2,8.5,-3.4,1425.731,71.210365,-0.2538999999999305,0.0011000000001786248,-9.999999974752427e-05,0.0057649999999966894,-1.5000000004761205e-05,-5.000000001587068e-06,8199,0,1,0,1,1,0,2.2,2427.364204804878,75.38792643987806,23885.26473069059,5856,0
999.75,1.2,8.5,-3.4,1425.4783,71.21612,-0.25270000000000437,0.001199999999926149,9.999999974752427e-05,0.005755000000007726,-9.999999988963282e-06,5.000000015797923e-06,8200,0,1,0,1,1,0,2.2,2427.242038495305,75.3874177450311,23886.975304719013,5857,0
998.75,1.2,8.5,-3.4,1425.2268,71.22186,-0.2515000000000782,0.001199999999926149,0.0,0.005740000000002965,-1.5000000004761205e-05,-5.000000015797923e-06,8201,0,1,0,1,1,0,2.2,2427.119871311875,75.3869098740551,23888.685576947424,5858,0
998.25,1.2,8.5,-3.4,1424.9764,71.2276,-0.2503999999998996,0.0011000000001786248,-9.999999974752427e-05,0.005739999999988754,-1.4210854715202004e-14,1.499999999055035e-05,8202,0,1,0,1,1,0,2.2,2426.997703389004,75.38640282664879,23890.395548695822,5859,0
999.25,1.2,8.5,-3.4,1424.7272,71.23333,-0.24919999999997344,0.001199999999926149,9.999999974752427e-05,0.005729999999999791,-9.999999988963282e-06,-9.999999974752427e-06,8203,0,1,0,1,1,0,2.2,2426.8755348732325,75.38589660129206,23892.10522140421,5860,0
1001.75,1.2,8.5,-3.4,1424.4792,71.239044,-0.2480000000000473,0.001199999999926149,0.0,0.005714000000011765,-1.5999999988025593e-05,-5.999999999062311e-06,8204,0,1,0,1,1,0,2.2,2426.75336591103,75.38539119573431,23893.814596512584,5861,0
1002.0,1.2,8.5,-3.4,1424.2323,71.24474,-0.24690000000009604,0.001099999999951251,-9.999999997489795e-05,0.005695999999986157,-1.8000000025608642e-05,-2.0000000375830496e-06,8205,0,1,0,1,1,0,2.2,2426.631196636607,75.38488660748233,23895.523675340948,5862,0
1002.0,1.2,8.5,-3.4,1423.9867,71.250435,-0.24559999999996762,0.0013000000001284207,0.00020000000017716957,0.005695000000002892,-9.99999983264388e-07,1.7000000042344254e-05,8206,0,1,0,1,1,0,2.2,2426.509027208481,75.3843828361155,23897.232459449297,5863,0
1002.0,1.2,8.5,-3.4,1423.7421,71.25612,-0.24459999999999127,0.0009999999999763531,-0.0003000000001520675,0.005684999999999718,-1.0000000003174137e-05,-9.000000019909749e-06,8207,0,1,0,1,1,0,2.2,2426.386857748538,75.38387988011696,23898.94095003764,5864,0
1002.25,1.2,8.5,-3.4,1423.4988,71.261795,-0.24329999999986285,0.0013000000001284207,0.0003000000001520675,0.005675000000010755,-9.999999988963282e-06,1.4210854715202004e-14,8208,0,1,0,1,1,0,2.2,2426.264688415154,75.38337773797052,23900.649148665965,5865,0
1001.25,1.2,8.5,-3.4,1423.2566,71.26745,-0.24220000000013897,0.0010999999997238774,-0.00020000000040454324,0.005654999999990196,-2.0000000020559128e-05,-1.0000000031595846e-05,8209,0,1,0,1,1,0,2.2,2426.1425193422656,75.38287640694276,23902.35705665428,5866,0
999.25,1.2,8.5,-3.4,1423.0155,71.2731,-0.24109999999996035,0.0011000000001786248,4.547473508864641e-13,0.005650000000002819,-4.9999999873762135e-06,1.5000000033182914e-05,8210,0,1,0,1,1,0,2.2,2426.020350663744,75.38237588612836,23904.06467532259,5867,0
1000.25,1.2,8.5,-3.4,1422.7756,71.27874,-0.2399000000000342,0.001199999999926149,9.999999974752427e-05,0.005639999999999645,-1.0000000003174137e-05,-5.000000015797923e-06,8211,0,1,0,1,1,0,2.2,2425.8981825255723,75.38187617401364,23905.77200611088,5868,0
997.75,1.2,8.5,-3.4,1422.537,71.28436,-0.23859999999990578,0.0013000000001284207,0.00010000000020227162,0.005620000000007508,-1.9999999992137418e-05,-9.999999988963282e-06,8212,0,1,0,1,1,0,2.2,2425.7760150858394,75.38137726786802,23907.47905057916,5869,0
998.25,1.2,8.5,-3.4,1422.2994,71.28998,-0.23759999999992942,0.0009999999999763531,-0.0003000000001520675,0.005619999999993297,-1.4210854715202004e-14,1.9999999977926564e-05,8213,0,1,0,1,1,0,2.2,2425.6538484660337,75.38087916739713,23909.185809927432,5870,0
998.25,1.2,8.5,-3.4,1422.063,71.29558,-0.23640000000000327,0.001199999999926149,0.0001999999999497959,0.00560000000000116,-1.9999999992137418e-05,-1.9999999977926564e-05,8214,0,1,0,1,1,0,2.2,2425.5316828119294,75.3803818698722,23910.89228559569,5871,0
996.75,1.2,8.5,-3.4,1421.8278,71.30117,-0.23520000000007713,0.001199999999926149,0.0,0.0055899999999979855,-1.0000000003174137e-05,9.999999988963282e-06,8215,0,1,0,1,1,0,2.2,2425.409518269231,75.37988537378287,23912.598479023938,5872,0
995.75,1.2,8.5,-3.4,1421.5938,71.30675,-0.2339999999999236,0.0012000000001535227,2.2737367544323206e-13,0.005579999999994811,-1.0000000003174137e-05,0.0,8216,0,1,0,1,1,0,2.2,2425.287354983571,75.37938967761957,23914.304391652175,5873,0
995.75,1.2,8.5,-3.4,1421.3608,71.31232,-0.23300000000017462,0.0009999999997489795,-0.00020000000040454324,0.005570000000005848,-9.999999988963282e-06,1.4210854715202004e-14,8217,0,1,0,1,1,0,2.2,2425.165193076174,75.37889477987345,23916.0100246804,5874,0
996.0,1.2,8.5,-3.4,1421.1292,71.31787,-0.23159999999984393,0.0014000000003306923,0.0004000000005817128,0.0055499999999995,-2.0000000006348273e-05,-1.0000000017384991e-05,8218,0,1,0,1,1,0,2.2,2425.0430327168756,75.37840067781968,23917.715379788617,5875,0
996.75,1.2,8.5,-3.4,1420.8986,71.32341,-0.23060000000009495,0.0009999999997489795,-0.0004000000005817128,0.005539999999996326,-1.0000000003174137e-05,1.0000000003174137e-05,8219,0,1,0,1,1,0,2.2,2424.920874026764,75.37790736995134,23919.420458176817,5876,0
997.75,1.2,8.5,-3.4,1420.6691,71.32894,-0.22949999999991633,0.0011000000001786248,0.0001000000004296453,0.005530000000007362,-9.999999988963282e-06,1.4210854715202004e-14,8220,0,1,0,1,1,0,2.2,2424.798717139034,75.3774148547622,23921.12526116501,5877,0
998.0,1.2,8.5,-3.4,1420.4408,71.33446,-0.22829999999999018,0.001199999999926149,9.999999974752427e-05,0.005520000000004188,-1.0000000003174137e-05,-1.4210854715202004e-14,8221,0,1,0,1,1,0,2.2,2424.6765621989784,75.37692313074677,23922.82979019319,5878,0
999.75,1.2,8.5,-3.4,1420.2137,71.339966,-0.22710000000006403,0.001199999999926149,0.0,0.005505999999996902,-1.4000000007285962e-05,-4.0000000041118255e-06,8222,0,1,0,1,1,0,2.2,2424.5544093518183,75.37643219591389,23924.534046701363,5879,0
1000.0,1.2,8.5,-3.4,1419.9878,71.34545,-0.2258999999999105,0.0012000000001535227,2.2737367544323206e-13,0.0054839999999956035,-2.200000000129876e-05,-7.999999994012796e-06,8223,0,1,0,1,1,0,2.2,2424.432258742704,75.37594204730058,23926.23803212952,5880,0
1000.75,1.2,8.5,-3.4,1419.763,71.35094,-0.22480000000018663,0.0010999999997238774,-0.0001000000004296453,0.005489999999994666,5.999999999062311e-06,2.800000000036107e-05,8224,0,1,0,1,1,0,2.2,2424.3101105045594,75.37545268534954,23927.94174779767,5881,0
1000.25,1.2,8.5,-3.4,1419.5393,71.3564,-0.223700000000008,0.0011000000001786248,4.547473508864641e-13,0.005459999999999354,-2.9999999995311555e-05,-3.5999999994373866e-05,8225,0,1,0,1,1,0,2.2,2424.1879647702403,75.37496410612692,23929.64519502581,5882,0
1001.25,1.2,8.5,-3.4,1419.3169,71.361855,-0.22239999999987958,0.0013000000001284207,0.0001999999999497959,0.005455000000011978,-4.9999999873762135e-06,2.500000000793534e-05,8226,0,1,0,1,1,0,2.2,2424.065821696852,75.37447630873952,23931.348375373935,5883,0
1000.75,1.2,8.5,-3.4,1419.0956,71.367294,-0.22129999999992833,0.001099999999951251,-0.00020000000017716957,0.005438999999995531,-1.6000000016447302e-05,-1.1000000029071089e-05,8227,0,1,0,1,1,0,2.2,2423.943681417112,75.3739892909577,23933.05129016205,5884,0
1000.5,1.2,8.5,-3.4,1418.8754,71.37272,-0.22020000000020445,0.0010999999997238774,-2.2737367544323206e-13,0.005425999999999931,-1.2999999995599865e-05,3.0000000208474376e-06,8228,0,1,0,1,1,0,2.2,2423.8215440636773,75.37350305091749,23934.753940710158,5885,0
999.75,1.2,8.5,-3.4,1418.6564,71.378136,-0.21899999999982356,0.0012000000003808964,0.00010000000065701897,0.005415999999996757,-1.0000000003174137e-05,2.999999992425728e-06,8229,0,1,0,1,1,0,2.2,2423.6994097812876,75.37301758712029,23936.456328458255,5886,0
997.75,1.2,8.5,-3.4,1418.4385,71.38354,-0.21790000000009968,0.0010999999997238774,-0.00010000000065701897,0.005403999999998632,-1.1999999998124622e-05,-1.9999999949504854e-06,8230,0,1,0,1,1,0,2.2,2423.577278702466,75.3725328978253,23938.158454726337,5887,0
997.5,1.2,8.5,-3.4,1418.2218,71.38892,-0.21669999999994616,0.0012000000001535227,0.0001000000004296453,0.005380000000002383,-2.3999999996249244e-05,-1.1999999998124622e-05,8231,0,1,0,1,1,0,2.2,2423.455150971817,75.37204897983479,23939.860320954413,5888,0
997.25,1.2,8.5,-3.4,1418.0062,71.394295,-0.2155999999999949,0.001099999999951251,-0.00010000000020227162,0.005375000000000796,-5.000000001587068e-06,1.8999999994662176e-05,8232,0,1,0,1,1,0,2.2,2423.3330267217298,75.37156583226042,23941.561928462477,5889,0
995.75,1.2,8.5,-3.4,1417.7917,71.39965,-0.21450000000004366,0.001099999999951251,0.0,0.0053549999999944475,-2.0000000006348273e-05,-1.5000000004761205e-05,8233,0,1,0,1,1,0,2.2,2423.2109060845273,75.37108345239253,23943.263278570532,5890,0
996.25,1.2,8.5,-3.4,1417.5785,71.405,-0.21319999999991524,0.0013000000001284207,0.00020000000017716957,0.005350000000007071,-4.9999999873762135e-06,1.500000001897206e-05,8234,0,1,0,1,1,0,2.2,2423.088789216758,75.37060183934426,23944.964372838574,5891,0
997.75,1.2,8.5,-3.4,1417.3665,71.41033,-0.21199999999998909,0.001199999999926149,-0.00010000000020227162,0.005330000000000723,-2.0000000006348273e-05,-1.500000001897206e-05,8235,0,1,0,1,1,0,2.2,2422.966676262749,75.37012099040797,23946.665212706608,5892,0
997.75,1.2,8.5,-3.4,1417.1555,71.41565,-0.21100000000001273,0.0009999999999763531,-0.0001999999999497959,0.005319999999997549,-1.0000000003174137e-05,1.0000000003174137e-05,8236,0,1,0,1,1,0,2.2,2422.844567342479,75.3696409040913,23948.36579937463,5893,0
996.75,1.2,8.5,-3.4,1416.9457,71.42095,-0.20980000000008658,0.001199999999926149,0.0001999999999497959,0.0053000000000054115,-1.9999999992137418e-05,-9.999999988963282e-06,8237,0,1,0,1,1,0,2.2,2422.7224626001453,75.36916157768877,23950.066134282646,5894,0
997.25,1.2,8.5,-3.4,1416.7369,71.42624,-0.20879999999988286,0.0010000000002037268,-0.00019999999972242222,0.005290000000002237,-1.0000000003174137e-05,9.999999988963282e-06,8238,0,1,0,1,1,0,2.2,2422.6003621556015,75.36868300970991,23951.766218630648,5895,0
997.25,1.2,8.5,-3.4,1416.5295,71.43152,-0.2074000000000069,0.001399999999875945,0.0003999999996722181,0.005279999999999063,-1.0000000003174137e-05,0.0,8239,0,1,0,1,1,0,2.2,2422.4782661771847,75.36820519866505,23953.46605409864,5896,0
995.75,1.2,8.5,-3.4,1416.3231,71.436775,-0.20640000000003056,0.0009999999999763531,-0.0003999999998995918,0.005254999999991128,-2.500000000793534e-05,-1.5000000004761205e-05,8240,0,1,0,1,1,0,2.2,2422.356174784614,75.367728141245,23955.165641886626,5897,0
996.75,1.2,8.5,-3.4,1416.1179,71.442024,-0.2052000000001044,0.001199999999926149,0.0001999999999497959,0.005249000000006276,-5.999999984851456e-06,1.9000000023083885e-05,8241,0,1,0,1,1,0,2.2,2422.234088121815,75.36725183644747,23956.8649834346,5898,0
996.75,1.2,8.5,-3.4,1415.9138,71.44726,-0.20409999999992579,0.0011000000001786248,-9.999999974752427e-05,0.005235999999996466,-1.300000000981072e-05,-7.000000024959263e-06,8242,0,1,0,1,1,0,2.2,2422.1120063205144,75.36677628242144,23958.564080062562,5899,0
997.0,1.2,8.5,-3.4,1415.7109,71.45247,-0.20289999999999964,0.001199999999926149,9.999999974752427e-05,0.005210000000005266,-2.599999999119973e-05,-1.299999998138901e-05,8243,0,1,0,1,1,0,2.2,2421.9899295245023,75.36630147573993,23960.262933210517,5900,0
997.25,1.2,8.5,-3.4,1415.5092,71.45767,-0.2017000000000735,0.001199999999926149,0.0,0.005199999999987881,-1.0000000017384991e-05,1.5999999973814738e-05,8244,0,1,0,1,1,0,2.2,2421.8678578775016,75.36582741491813,23961.961544318463,5901,0
997.75,1.2,8.5,-3.4,1415.3085,71.46286,-0.20069999999986976,0.0010000000002037268,-0.00019999999972242222,0.0051900000000131286,-9.999999974752427e-06,4.263256414560601e-14,8245,0,1,0,1,1,0,2.2,2421.7457914989086,75.36535409847198,23963.659914586395,5902,0
996.75,1.2,8.5,-3.4,1415.109,71.46803,-0.19950000000017099,0.0011999999996987754,0.00019999999949504854,0.005169999999992569,-2.0000000020559128e-05,-1.00000000458067e-05,8246,0,1,0,1,1,0,2.2,2421.6237305323148,75.36488152370559,23965.358045454323,5903,0
996.75,1.2,8.5,-3.4,1414.9106,71.47318,-0.19839999999999236,0.0011000000001786248,-9.99999995201506e-05,0.005150000000000432,-1.9999999992137418e-05,2.842170943040401e-14,8247,0,1,0,1,1,0,2.2,2421.5016751091175,75.36440968792434,23967.055938242236,5904,0
995.75,1.2,8.5,-3.4,1414.7134,71.478325,-0.19719999999983884,0.0012000000001535227,9.999999997489795e-05,0.005144999999998845,-5.000000001587068e-06,1.499999999055035e-05,8248,0,1,0,1,1,0,2.2,2421.3796253727724,75.36393859025335,23968.753594390142,5905,0
995.75,1.2,8.5,-3.4,1414.5173,71.48345,-0.19610000000011496,0.0010999999997238774,-0.0001000000004296453,0.0051250000000067075,-1.9999999992137418e-05,-1.499999999055035e-05,8249,0,1,0,1,1,0,2.2,2421.2575814545453,75.363468228,23970.45101521804,5906,0
995.25,1.3,8.5,-3.4,1414.3225,71.48856,-0.19479999999998654,0.0013000000001284207,0.00020000000040454324,0.005110000000001946,-1.5000000004761205e-05,4.9999999873762135e-06,8250,0,1,0,1,1,0,2.0999999999999996,2421.1355435098776,75.3629985990789,23972.148202285927,5907,0
995.25,1.3,8.5,-3.4,1414.1287,71.49366,-0.1938000000000102,0.0009999999999763531,-0.0003000000001520675,0.005099999999998772,-1.0000000003174137e-05,5.000000001587068e-06,8251,0,1,0,1,1,0,2.0999999999999996,2421.01351165778,75.36252970201164,23973.845156793806,5908,0
995.5,1.3,8.5,-3.4,1413.936,71.49873,-0.19270000000005894,0.001099999999951251,9.999999997489795e-05,0.00506999999998925,-3.000000000952241e-05,-2.0000000006348273e-05,8252,0,1,0,1,1,0,2.0999999999999996,2420.8914860293226,75.36206153289713,23975.541880061675,5909,0
994.25,1.3,8.5,-3.4,1413.7445,71.5038,-0.1914999999999054,0.0012000000001535227,0.00010000000020227162,0.005070000000003461,1.4210854715202004e-14,3.0000000023733264e-05,8253,0,1,0,1,1,0,2.0999999999999996,2420.769466767628,75.3615940914708,23977.238373529533,5910,0
994.25,1.3,8.5,-3.4,1413.5542,71.50884,-0.19029999999997926,0.001199999999926149,-2.2737367544323206e-13,0.005040000000008149,-2.9999999995311555e-05,-3.000000000952241e-05,8254,0,1,0,1,1,0,2.0999999999999996,2420.6474540157483,75.36112737383404,23978.934638637384,5911,0
996.25,1.3,8.5,-3.4,1413.365,71.51388,-0.189200000000028,0.001099999999951251,-9.999999997489795e-05,0.005039999999993938,-1.4210854715202004e-14,2.99999999811007e-05,8255,0,1,0,1,1,0,2.0999999999999996,2420.5254479045543,75.36066137972384,23980.630676705227,5912,0
996.25,1.3,8.5,-3.4,1413.1769,71.51889,-0.18810000000007676,0.001099999999951251,0.0,0.005009999999998627,-2.9999999995311555e-05,-2.99999999811007e-05,8256,0,1,0,1,1,0,2.0999999999999996,2420.403448564854,75.36019610524404,23982.32648905306,5913,0
996.75,1.3,8.5,-3.4,1412.99,71.52389,-0.18689999999992324,0.0012000000001535227,0.00010000000020227162,0.0049999999999954525,-1.0000000003174137e-05,1.9999999992137418e-05,8257,0,1,0,1,1,0,2.0999999999999996,2420.281456139501,75.35973154892226,23984.022077120884,5914,0
997.0,1.3,8.5,-3.4,1412.8042,71.52887,-0.185799999999972,0.001099999999951251,-0.00010000000020227162,0.004980000000003315,-1.9999999992137418e-05,-9.999999988963282e-06,8258,0,1,0,1,1,0,2.0999999999999996,2420.1594707591717,75.35926770807605,23985.7174422287,5915,0
994.75,1.3,8.5,-3.4,1412.6195,71.53384,-0.18470000000002074,0.001099999999951251,0.0,0.004970000000000141,-1.0000000003174137e-05,9.999999988963282e-06,8259,0,1,0,1,1,0,2.0999999999999996,2420.0374925544793,75.35880458123486,23987.412585696504,5916,0
994.75,1.3,8.5,-3.4,1412.4359,71.53878,-0.18360000000006949,0.001099999999951251,0.0,0.004940000000004829,-2.9999999995311555e-05,-1.9999999992137418e-05,8260,0,1,0,1,1,0,2.0999999999999996,2419.915521655974,75.35834216450793,23989.1075088443,5917,0
995.25,1.3,8.5,-3.4,1412.2535,71.54372,-0.18239999999991596,0.0012000000001535227,0.00010000000020227162,0.0049399999999906186,-1.4210854715202004e-14,2.99999999811007e-05,8261,0,1,0,1,1,0,2.0999999999999996,2419.7935582062455,75.35788045763738,23990.80221311209,5918,0
996.25,1.3,8.5,-3.4,1412.0723,71.54863,-0.1811999999999898,0.001199999999926149,-2.2737367544323206e-13,0.004910000000009518,-2.99999999811007e-05,-2.9999999966889845e-05,8262,0,1,0,1,1,0,2.0999999999999996,2419.671602347815,75.35741945673485,23992.496699939868,5919,0
996.75,1.3,8.5,-3.4,1411.8922,71.55353,-0.18010000000003856,0.001099999999951251,-9.999999997489795e-05,0.004899999999992133,-1.0000000017384991e-05,1.999999996371571e-05,8263,0,1,0,1,1,0,2.0999999999999996,2419.549654211036,75.35695916033399,23994.19097064764,5920,0
996.75,1.3,8.5,-3.4,1411.7133,71.55841,-0.1789000000001124,0.001199999999926149,9.999999997489795e-05,0.0048799999999999955,-1.9999999992137418e-05,-9.999999974752427e-06,8264,0,1,0,1,1,0,2.0999999999999996,2419.427713938294,75.35649956575922,23995.8850266754,5921,0
996.5,1.3,8.5,-3.4,1411.5354,71.56328,-0.1778999999999087,0.0010000000002037268,-0.00019999999972242222,0.004870000000011032,-9.999999988963282e-06,1.0000000003174137e-05,8265,0,1,0,1,1,0,2.0999999999999996,2419.3057816477135,75.35604067154608,23997.578869223154,5922,0
996.75,1.3,8.5,-3.4,1411.3586,71.56812,-0.17679999999995744,0.001099999999951251,9.999999974752427e-05,0.004839999999987299,-3.0000000023733264e-05,-2.0000000034769982e-05,8266,0,1,0,1,1,0,2.0999999999999996,2419.183857469457,75.35558247381154,23999.2724996109,5923,0
996.25,1.3,8.5,-3.4,1411.1831,71.57295,-0.1755000000000564,0.001299999999901047,0.0001999999999497959,0.0048300000000125465,-9.999999974752427e-06,2.0000000048980837e-05,8267,0,1,0,1,1,0,2.0999999999999996,2419.0619415578135,75.35512497109336,24000.965919398637,5924,0
996.75,1.3,8.5,-3.4,1411.0085,71.57777,-0.17460000000005493,0.0009000000000014552,-0.0003999999998995918,0.0048199999999951615,-1.0000000017384991e-05,-4.263256414560601e-14,8268,0,1,0,1,1,0,2.0999999999999996,2418.940034018624,75.3546681619301,24002.659129666365,5925,0
998.25,1.3,8.5,-3.4,1410.8353,71.58256,-0.17319999999995161,0.0014000000001033186,0.0005000000001018634,0.00478999999999985,-2.9999999995311555e-05,-1.9999999977926564e-05,8269,0,1,0,1,1,0,2.0999999999999996,2418.8181350181376,75.35421204244255,24004.352132094085,5926,0
997.25,1.3,8.5,-3.4,1410.6631,71.58733,-0.17219999999997526,0.0009999999999763531,-0.00040000000012696546,0.004769999999993502,-2.0000000006348273e-05,9.999999988963282e-06,8270,0,1,0,1,1,0,2.0999999999999996,2418.6962446741627,75.35375660996252,24006.044927881798,5927,0
997.25,1.3,8.5,-3.4,1410.4921,71.592094,-0.1710000000000491,0.001199999999926149,0.0001999999999497959,0.00476400000000865,-5.999999984851456e-06,1.4000000021496817e-05,8271,0,1,0,1,1,0,2.0999999999999996,2418.574363128627,75.35330186351548,24007.7375184695,5928,0
996.75,1.3,8.5,-3.4,1410.3221,71.59684,-0.16999999999984539,0.0010000000002037268,-0.00019999999972242222,0.004745999999997252,-1.8000000011397788e-05,-1.2000000026546331e-05,8272,0,1,0,1,1,0,2.0999999999999996,2418.452490499214,75.35284780067691,24009.429905057197,5929,0
993.75,1.3,8.5,-3.4,1410.1533,71.60156,-0.1688000000001466,0.0011999999996987754,0.00019999999949504854,0.004720000000006053,-2.599999999119973e-05,-7.999999979801942e-06,8273,0,1,0,1,1,0,2.0999999999999996,2418.3306269277255,75.35239441805656,24011.12208908488,5930,0
992.75,1.3,8.5,-3.4,1409.9856,71.60627,-0.16769999999996799,0.0011000000001786248,-9.99999995201506e-05,0.004709999999988668,-1.0000000017384991e-05,1.5999999973814738e-05,8274,0,1,0,1,1,0,2.0999999999999996,2418.2087725438064,75.3519417141994,24012.814071872563,5931,0
992.75,1.3,8.5,-3.4,1409.8191,71.610954,-0.16650000000004184,0.001199999999926149,9.999999974752427e-05,0.004684000000011679,-2.5999999976988875e-05,-1.5999999959603883e-05,8275,0,1,0,1,1,0,2.0999999999999996,2418.086927489125,75.35148968571774,24014.505854860236,5932,0
992.75,1.3,8.5,-3.4,1409.6537,71.61562,-0.1653999999998632,0.0011000000001786248,-9.999999974752427e-05,0.004666000000000281,-1.8000000011397788e-05,7.999999965591087e-06,8276,0,1,0,1,1,0,2.0999999999999996,2417.965091893198,75.3510383301921,24016.197439367897,5933,0
992.25,1.3,8.5,-3.4,1409.4894,71.62027,-0.16430000000013933,0.0010999999997238774,-4.547473508864641e-13,0.004649999999998045,-1.6000000002236447e-05,2.00000000916134e-06,8277,0,1,0,1,1,0,2.0999999999999996,2417.8432658854795,75.35058764544576,24017.888826715553,5934,0
991.25,1.3,8.5,-3.4,1409.3263,71.62491,-0.1630999999999858,0.0012000000001535227,0.0001000000004296453,0.0046399999999948704,-1.0000000003174137e-05,5.999999999062311e-06,8278,0,1,0,1,1,0,2.0999999999999996,2417.7214496074403,75.35013763002777,24019.5800183432,5935,0
990.75,1.3,8.5,-3.4,1409.1642,71.62952,-0.16210000000000946,0.0009999999999763531,-0.00020000000017716957,0.004609999999999559,-2.9999999995311555e-05,-1.9999999992137418e-05,8279,0,1,0,1,1,0,2.0999999999999996,2417.5996431763283,75.34968828007247,24021.27101545084,5936,0
990.75,1.3,8.5,-3.4,1409.0033,71.63412,-0.16089999999985594,0.0012000000001535227,0.00020000000017716957,0.004599999999996385,-1.0000000003174137e-05,1.9999999992137418e-05,8280,0,1,0,1,1,0,2.0999999999999996,2417.4778467334863,75.34923959413113,24022.96181947847,5937,0
992.75,1.3,8.5,-3.4,1408.8435,71.63869,-0.15980000000013206,0.0010999999997238774,-0.0001000000004296453,0.004570000000001073,-2.9999999995311555e-05,-1.9999999992137418e-05,8281,0,1,0,1,1,0,2.0999999999999996,2417.356060408114,75.34879156834099,24024.652431746097,5938,0
994.25,1.3,8.5,-3.4,1408.6848,71.64325,-0.15869999999995343,0.0011000000001786248,4.547473508864641e-13,0.004559999999997899,-1.0000000003174137e-05,1.9999999992137418e-05,8282,0,1,0,1,1,0,2.0999999999999996,2417.2342843293495,75.34834420125559,24026.342853573715,5939,0
995.75,1.3,8.5,-3.4,1408.5273,71.64779,-0.15750000000002728,0.001199999999926149,9.999999974752427e-05,0.004540000000005762,-1.9999999992137418e-05,-9.999999988963282e-06,8283,0,1,0,1,1,0,2.0999999999999996,2417.112518638339,75.34789749022211,24028.033086401323,5940,0
997.75,1.3,8.5,-3.4,1408.371,71.652306,-0.15629999999987376,0.0012000000001535227,2.2737367544323206e-13,0.0045159999999953016,-2.40000000104601e-05,-4.00000001832268e-06,8284,0,1,0,1,1,0,2.0999999999999996,2416.9907634761616,75.34745143210621,24029.723131668925,5941,0
997.75,1.3,8.5,-3.4,1408.2157,71.65681,-0.15530000000012478,0.0009999999997489795,-0.00020000000040454324,0.004503999999997177,-1.1999999998124622e-05,1.2000000012335477e-05,8285,0,1,0,1,1,0,2.0999999999999996,2416.8690189596914,75.34700602522327,24031.41299057652,5942,0
996.75,1.3,8.5,-3.4,1408.0615,71.661285,-0.15419999999994616,0.0011000000001786248,0.0001000000004296453,0.0044750000000135515,-2.8999999983625457e-05,-1.6999999985500835e-05,8286,0,1,0,1,1,0,2.0999999999999996,2416.747285217811,75.34656126583805,24033.102664444108,5943,0
996.5,1.3,8.5,-3.4,1407.9084,71.66575,-0.1530999999999949,0.001099999999951251,-2.2737367544323206e-13,0.0044649999999961665,-1.0000000017384991e-05,1.8999999966240466e-05,8287,0,1,0,1,1,0,2.0999999999999996,2416.6255623793436,75.34611715250965,24034.792154591687,5944,0
996.75,1.3,8.5,-3.4,1407.7566,71.67019,-0.15180000000009386,0.001299999999901047,0.0001999999999497959,0.004440000000002442,-2.4999999993724487e-05,-1.4999999976339495e-05,8288,0,1,0,1,1,0,2.0999999999999996,2416.503850597177,75.34567368198817,24036.481462579257,5945,0
997.75,1.3,8.5,-3.4,1407.6057,71.67461,-0.15089999999986503,0.0009000000002288289,-0.0003999999996722181,0.004419999999996094,-2.0000000006348273e-05,4.9999999873762135e-06,8289,0,1,0,1,1,0,2.0999999999999996,2416.3821499758747,75.34523085162846,24038.170589486825,5946,0
999.25,1.3,8.5,-3.4,1407.456,71.67901,-0.14970000000016626,0.0011999999996987754,0.0002999999994699465,0.004400000000003956,-1.9999999992137418e-05,1.4210854715202004e-14,8290,0,1,0,1,1,0,2.0999999999999996,2416.260460656133,75.34478865878664,24039.859536754382,5947,0
999.25,1.3,8.5,-3.4,1407.3075,71.683395,-0.14850000000001273,0.0012000000001535227,4.547473508864641e-13,0.004384999999999195,-1.5000000004761205e-05,4.9999999873762135e-06,8291,0,1,0,1,1,0,2.0999999999999996,2416.138782778582,75.34434710142305,24041.548305821932,5948,0
999.5,1.3,8.5,-3.4,1407.16,71.68775,-0.147499999999809,0.0010000000002037268,-0.0001999999999497959,0.004354999999989673,-3.000000000952241e-05,-1.5000000004761205e-05,8292,0,1,0,1,1,0,2.0999999999999996,2416.017116459665,75.34390617569035,24043.236897889477,5949,0
1000.75,1.3,8.5,-3.4,1407.0138,71.6921,-0.14620000000013533,0.0012999999996736733,0.0002999999994699465,0.0043500000000022965,-4.9999999873762135e-06,2.5000000022146196e-05,8293,0,1,0,1,1,0,2.0999999999999996,2415.895461851941,75.34346588075718,24044.92531451701,5950,0
1000.25,1.3,8.5,-3.4,1406.8685,71.69642,-0.1452999999999065,0.0009000000002288289,-0.00039999999944484443,0.004320000000006985,-2.9999999995311555e-05,-2.500000000793534e-05,8294,0,1,0,1,1,0,2.0999999999999996,2415.7738190596747,75.3430262127788,24046.61355678454,5951,0
999.75,1.3,8.5,-3.4,1406.7245,71.70072,-0.14400000000000546,0.001299999999901047,0.0003999999996722181,0.004300000000000637,-2.0000000006348273e-05,9.999999988963282e-06,8295,0,1,0,1,1,0,2.0999999999999996,2415.652188235294,75.34258716911765,24048.301626252065,5952,0
999.75,1.3,8.5,-3.4,1406.5815,71.705,-0.1430000000000291,0.0009999999999763531,-0.00029999999992469384,0.004279999999994288,-2.0000000006348273e-05,0.0,8296,0,1,0,1,1,0,2.0999999999999996,2415.530569494998,75.34214874713751,24049.98952411958,5953,0
997.75,1.3,8.5,-3.4,1406.4397,71.70926,-0.14180000000010295,0.001199999999926149,0.0001999999999497959,0.004260000000002151,-1.9999999992137418e-05,1.4210854715202004e-14,8297,0,1,0,1,1,0,2.0999999999999996,2415.408962979031,75.34171094420343,24051.67725182709,5954,0
997.5,1.3,8.5,-3.4,1406.299,71.7135,-0.14069999999992433,0.0011000000001786248,-9.999999974752427e-05,0.004239999999995803,-2.0000000006348273e-05,-1.4210854715202004e-14,8298,0,1,0,1,1,0,2.0999999999999996,2415.2873688155196,75.34127375768165,24053.36481069459,5955,0
997.75,1.3,8.5,-3.4,1406.1593,71.71772,-0.13969999999994798,0.0009999999999763531,-0.00010000000020227162,0.004220000000003665,-1.9999999992137418e-05,1.4210854715202004e-14,8299,0,1,0,1,1,0,2.0999999999999996,2415.165787120482,75.34083718493976,24055.052201922088,5956,0
998.75,1.3,8.5,-3.4,1406.0209,71.721924,-0.13840000000004693,0.001299999999901047,0.00029999999992469384,0.004204000000001429,-1.6000000002236447e-05,3.999999989900971e-06,8300,0,1,0,1,1,0,2.0999999999999996,2415.0442180460186,75.34040122382845,24056.739427069577,5957,0
999.25,1.3,8.5,-3.4,1405.8834,71.7261,-0.13750000000004547,0.0009000000000014552,-0.0003999999998995918,0.004176000000001068,-2.800000000036107e-05,-1.1999999998124622e-05,8301,0,1,0,1,1,0,2.0999999999999996,2414.922661695977,75.33996587075403,24058.42648721706,5958,0
1000.75,1.3,8.5,-3.4,1405.7472,71.730255,-0.13619999999991705,0.0013000000001284207,0.00040000000012696546,0.004154999999997244,-2.1000000003823516e-05,6.999999996537554e-06,8302,0,1,0,1,1,0,2.0999999999999996,2414.801118222329,75.3395311229676,24060.113383924534,5959,0
1001.75,1.3,8.5,-3.4,1405.612,71.73439,-0.1351999999999407,0.0009999999999763531,-0.0003000000001520675,0.004135000000005107,-1.9999999992137418e-05,1.0000000116860974e-06,8303,0,1,0,1,1,0,2.0999999999999996,2414.6795877408476,75.339096977842,24061.800118392006,5960,0
1001.75,1.3,8.5,-3.4,1405.4779,71.7385,-0.13409999999998945,0.001099999999951251,9.999999997489795e-05,0.0041099999999971715,-2.500000000793534e-05,-5.000000015797923e-06,8304,0,1,0,1,1,0,2.0999999999999996,2414.55807037929,75.3386634321493,24063.486691939466,5961,0
1003.25,1.3,8.5,-3.4,1405.345,71.7426,-0.1329000000000633,0.001199999999926149,9.999999997489795e-05,0.004099999999993997,-1.0000000003174137e-05,1.5000000004761205e-05,8305,0,1,0,1,1,0,2.0999999999999996,2414.43656627739,75.33823048446905,24065.173106006925,5962,0
1002.75,1.3,8.5,-3.4,1405.2133,71.746666,-0.13170000000013715,0.001199999999926149,0.0,0.004066000000008785,-3.3999999985212526e-05,-2.399999998203839e-05,8306,0,1,0,1,1,0,2.0999999999999996,2414.3150755748165,75.33779813049236,24066.859362034374,5963,0
1002.25,1.3,8.5,-3.4,1405.0825,71.75072,-0.13079999999990832,0.0009000000002288289,-0.00029999999969732016,0.004053999999996449,-1.2000000012335477e-05,2.199999997287705e-05,8307,0,1,0,1,1,0,2.0999999999999996,2414.1935983750604,75.33736636856042,24068.545461101818,5964,0
1002.25,1.3,8.5,-3.4,1404.9529,71.754745,-0.12959999999998217,0.001199999999926149,0.00029999999969732016,0.004024999999998613,-2.8999999997836312e-05,-1.6999999985500835e-05,8308,0,1,0,1,1,0,2.0999999999999996,2414.0721348176676,75.33693519496931,24070.231404649257,5965,0
1002.25,1.3,8.5,-3.4,1404.8245,71.75875,-0.12840000000005602,0.001199999999926149,0.0,0.004005000000006476,-1.9999999992137418e-05,9.000000005698894e-06,8309,0,1,0,1,1,0,2.0999999999999996,2413.9506850421176,75.33650460709987,24071.917194116686,5966,0
1002.0,1.3,8.5,-3.4,1404.697,71.76274,-0.12750000000005457,0.0009000000000014552,-0.00029999999992469384,0.0039899999999875035,-1.500000001897206e-05,4.999999973165359e-06,8310,0,1,0,1,1,0,2.0999999999999996,2413.8292491517263,75.33607460293587,24073.602830584114,5967,0
1002.25,1.3,8.5,-3.4,1404.5708,71.7667,-0.12619999999992615,0.0013000000001284207,0.00040000000012696546,0.003960000000006403,-2.99999999811007e-05,-1.499999996212864e-05,8311,0,1,0,1,1,0,2.0999999999999996,2413.7078272978824,75.33564517865737,24075.28831561153,5968,0
1002.75,1.3,8.5,-3.4,1404.4456,71.770645,-0.1251999999999498,0.0009999999999763531,-0.0003000000001520675,0.003945000000001642,-1.5000000004761205e-05,1.4999999976339495e-05,8312,0,1,0,1,1,0,2.0999999999999996,2413.586419595814,75.33521633225068,24076.973650398944,5969,0
1004.25,1.3,8.5,-3.4,1404.3215,71.77456,-0.12409999999999854,0.001099999999951251,9.999999997489795e-05,0.003914999999992119,-3.000000000952241e-05,-1.5000000004761205e-05,8313,0,1,0,1,1,0,2.0999999999999996,2413.4650261727206,75.33478805989897,24078.658836266353,5970,0
1003.25,1.3,8.5,-3.4,1404.1986,71.77846,-0.1229000000000724,0.001199999999926149,9.999999997489795e-05,0.003900000000001569,-1.499999999055035e-05,1.500000001897206e-05,8314,0,1,0,1,1,0,2.0999999999999996,2413.3436471677687,75.33436035959109,24080.343874653754,5971,0
1003.25,1.3,8.5,-3.4,1404.0768,71.782326,-0.12179999999989377,0.0011000000001786248,-9.999999974752427e-05,0.0038660000000021455,-3.399999999942338e-05,-1.900000000887303e-05,8315,0,1,0,1,1,0,2.0999999999999996,2413.2222827080327,75.33393322703223,24082.02876688115,5972,0
1002.75,1.3,8.5,-3.4,1403.956,71.78618,-0.12080000000014479,0.0009999999997489795,-0.0001000000004296453,0.003854000000004021,-1.1999999998124622e-05,2.200000000129876e-05,8316,0,1,0,1,1,0,2.0999999999999996,2413.1009329085005,75.33350666057473,24083.71351414854,5973,0
1001.25,1.3,8.5,-3.4,1403.8364,71.79001,-0.11959999999999127,0.0012000000001535227,0.00020000000040454324,0.0038299999999935608,-2.40000000104601e-05,-1.2000000012335477e-05,8317,0,1,0,1,1,0,2.0999999999999996,2412.979597908151,75.33308065712912,24085.398117895926,5974,0
1002.75,1.3,8.5,-3.4,1403.7179,71.793816,-0.11849999999981264,0.0011000000001786248,-9.999999997489795e-05,0.0038060000000115224,-2.399999998203839e-05,2.842170943040401e-14,8318,0,1,0,1,1,0,2.0999999999999996,2412.8582778338746,75.33265521360741,24087.082579443304,5975,0
1002.75,1.3,8.5,-3.4,1403.6005,71.7976,-0.11740000000008877,0.0010999999997238774,-4.547473508864641e-13,0.0037839999999960128,-2.2000000015509613e-05,1.999999966528776e-06,8319,0,1,0,1,1,0,2.0999999999999996,2412.7369728125,75.33223032716346,24088.766900110677,5976,0
1003.75,1.3,8.5,-3.4,1403.4841,71.80136,-0.11640000000011241,0.0009999999999763531,-9.999999974752427e-05,0.0037599999999997635,-2.3999999996249244e-05,-1.9999999807396307e-06,8320,0,1,0,1,1,0,2.0999999999999996,2412.615682958779,75.33180599471217,24090.451081098043,5977,0
1003.75,1.3,8.5,-3.4,1403.3689,71.80509,-0.11519999999995889,0.0012000000001535227,0.00020000000017716957,0.003730000000004452,-2.9999999995311555e-05,-5.999999999062311e-06,8321,0,1,0,1,1,0,2.0999999999999996,2412.4944084114395,75.33138221244893,24092.135123845404,5978,0
1002.75,1.3,8.5,-3.4,1403.2549,71.80881,-0.11400000000003274,0.001199999999926149,-2.2737367544323206e-13,0.003719999999987067,-1.0000000017384991e-05,1.9999999977926564e-05,8322,0,1,0,1,1,0,2.0999999999999996,2412.3731493091436,75.33095897897392,24093.81902979276,5979,0
1002.5,1.3,8.5,-3.4,1403.1418,71.8125,-0.11309999999980391,0.0009000000002288289,-0.00029999999969732016,0.0036900000000059663,-2.99999999811007e-05,-1.999999996371571e-05,8323,0,1,0,1,1,0,2.0999999999999996,2412.251905754445,75.33053629048534,24095.502800020113,5980,0
1003.25,1.3,8.5,-3.4,1403.0299,71.81617,-0.11190000000010514,0.0011999999996987754,0.0002999999994699465,0.003669999999999618,-2.0000000006348273e-05,9.999999974752427e-06,8324,0,1,0,1,1,0,2.0999999999999996,2412.1306778858857,75.33011414438438,24097.18643596746,5981,0
1003.75,1.3,8.5,-3.4,1402.9192,71.81981,-0.11069999999995161,0.0012000000001535227,4.547473508864641e-13,0.0036400000000043065,-2.9999999995311555e-05,-9.999999988963282e-06,8325,0,1,0,1,1,0,2.0999999999999996,2412.009465841941,75.32969253687246,24098.869939074797,5982,0
1003.5,1.3,8.5,-3.4,1402.8094,71.82343,-0.10979999999995016,0.0009000000000014552,-0.0003000000001520675,0.003619999999997958,-2.0000000006348273e-05,9.999999988963282e-06,8326,0,1,0,1,1,0,2.0999999999999996,2411.888269724991,75.32927146535367,24100.553310422132,5983,0
1004.75,1.3,8.5,-3.4,1402.7008,71.82703,-0.10860000000002401,0.001199999999926149,0.00029999999992469384,0.00359999999999161,-2.0000000006348273e-05,0.0,8327,0,1,0,1,1,0,2.0999999999999996,2411.7670896733907,75.32885092723342,24102.236551449463,5984,0
1003.25,1.3,8.5,-3.4,1402.5934,71.8306,-0.10740000000009786,0.001199999999926149,0.0,0.003570000000010509,-2.99999999811007e-05,-9.999999974752427e-06,8328,0,1,0,1,1,0,2.0999999999999996,2411.6459258254295,75.32843091871774,24103.919663596786,5985,0
1003.0,1.3,8.5,-3.4,1402.4869,71.834145,-0.10649999999986903,0.0009000000002288289,-0.00029999999969732016,0.003545000000002574,-2.500000000793534e-05,4.999999973165359e-06,8329,0,1,0,1,1,0,2.0999999999999996,2411.524778283313,75.32801143661464,24105.602647944106,5986,0
1003.25,1.3,8.5,-3.4,1402.3816,71.83767,-0.10530000000017026,0.0011999999996987754,0.0002999999994699465,0.0035249999999962256,-2.0000000006348273e-05,5.000000001587068e-06,8330,0,1,0,1,1,0,2.0999999999999996,2411.403647185212,75.32759247833394,24107.28550593142,5987,0
1003.25,1.3,8.5,-3.4,1402.2775,71.84117,-0.10410000000001673,0.0012000000001535227,4.547473508864641e-13,0.003500000000002501,-2.4999999993724487e-05,-4.9999999873762135e-06,8331,0,1,0,1,1,0,2.0999999999999996,2411.282532669227,75.3271740406865,24108.96823899873,5988,0
1005.25,1.3,8.5,-3.4,1402.1743,71.84465,-0.10320000000001528,0.0009000000000014552,-0.0003000000001520675,0.003479999999996153,-2.0000000006348273e-05,4.9999999873762135e-06,8332,0,1,0,1,1,0,2.0999999999999996,2411.1614348373932,75.32675612108484,24110.650848226032,5989,0
1005.75,1.3,8.5,-3.4,1402.0724,71.84811,-0.10189999999988686,0.0013000000001284207,0.00040000000012696546,0.0034600000000040154,-1.9999999992137418e-05,1.4210854715202004e-14,8333,0,1,0,1,1,0,2.0999999999999996,2411.0403538396927,75.32633871694264,24112.333335173334,5990,0
1005.5,1.3,8.5,-3.4,1401.9714,71.85153,-0.10100000000011278,0.0008999999997740815,-0.00040000000035433914,0.003419999999991319,-4.0000000012696546e-05,-2.0000000020559128e-05,8334,0,1,0,1,1,0,2.0999999999999996,2410.9192897780445,75.32592182327534,24114.015700920627,5991,0
1007.25,1.3,8.5,-3.4,1401.8716,71.854935,-0.09979999999995925,0.0012000000001535227,0.0003000000003794412,0.0034050000000007685,-1.499999999055035e-05,2.5000000022146196e-05,8335,0,1,0,1,1,0,2.0999999999999996,2410.798242790307,75.32550543809981,24115.697946907916,5992,0
1007.25,1.3,8.5,-3.4,1401.773,71.858315,-0.0986000000000331,0.001199999999926149,-2.2737367544323206e-13,0.003380000000007044,-2.4999999993724487e-05,-1.0000000003174137e-05,8336,0,1,0,1,1,0,2.0999999999999996,2410.6772130142735,75.32508955823438,24117.3800745752,5993,0
1006.75,1.3,8.5,-3.4,1401.6753,71.861664,-0.09769999999980428,0.0009000000002288289,-0.00029999999969732016,0.0033490000000000464,-3.100000000699765e-05,-6.000000013273166e-06,8337,0,1,0,1,1,0,2.0999999999999996,2410.5562005516913,75.32467417977932,24119.062085002482,5994,0
1005.75,1.3,8.5,-3.4,1401.5787,71.865,-0.0966000000000804,0.0010999999997238774,0.00019999999949504854,0.0033359999999902357,-1.300000000981072e-05,1.7999999997186933e-05,8338,0,1,0,1,1,0,2.0999999999999996,2410.4352055282407,75.32425930099532,24120.74397950976,5995,0
1006.0,1.3,8.5,-3.4,1401.4833,71.8683,-0.09539999999992688,0.0012000000001535227,0.0001000000004296453,0.0033000000000100727,-3.599999998016301e-05,-2.2999999970352292e-05,8339,0,1,0,1,1,0,2.0999999999999996,2410.3142280815346,75.3238449173861,24122.42575953703,5996,0
1006.0,1.3,8.5,-3.4,1401.3889,71.87158,-0.0944000000001779,0.0009999999997489795,-0.00020000000040454324,0.0032799999999895135,-2.0000000020559128e-05,1.5999999959603883e-05,8340,0,1,0,1,1,0,2.0999999999999996,2410.193268325141,75.32343102637573,24124.107426284296,5997,0
1007.75,1.3,8.5,-3.4,1401.2958,71.87483,-0.0930999999998221,0.0013000000003557943,0.00030000000060681487,0.003250000000008413,-2.99999999811007e-05,-9.999999960541572e-06,8341,0,1,0,1,1,0,2.0999999999999996,2410.0723264085354,75.32301762419085,24125.788981311558,5998,0
1007.25,1.3,8.5,-3.4,1401.2036,71.87806,-0.09220000000004802,0.0008999999997740815,-0.0004000000005817128,0.0032300000000020646,-2.0000000006348273e-05,9.999999974752427e-06,8342,0,1,0,1,1,0,2.0999999999999996,2409.951402433178,75.32260470825841,24127.470425698815,5999,0
1007.25,1.3,8.5,-3.4,1401.1125,71.88126,-0.09110000000009677,0.001099999999951251,0.00020000000017716957,0.003199999999992542,-3.000000000952241e-05,-1.0000000003174137e-05,8343,0,1,0,1,1,0,2.0999999999999996,2409.8304965244483,75.32219227480824,24129.15176076607,6000,0
1007.0,1.3,8.5,-3.4,1401.0226,71.884445,-0.08989999999994325,0.0012000000001535227,0.00010000000020227162,0.003185000000001992,-1.499999999055035e-05,1.500000001897206e-05,8344,0,1,0,1,1,0,2.0999999999999996,2409.7096088196527,75.32178032186938,24130.83298795332,6001,0
1007.75,1.3,8.5,-3.4,1400.9336,71.887596,-0.08899999999994179,0.0009000000000014552,-0.0003000000001520675,0.0031510000000025684,-3.399999999942338e-05,-1.900000000887303e-05,8345,0,1,0,1,1,0,2.0999999999999996,2409.5887394200813,75.3213688451953,24132.514108340565,6002,0
1007.5,1.3,8.5,-3.4,1400.8458,71.890724,-0.08780000000001564,0.001199999999926149,0.00029999999992469384,0.0031280000000037944,-2.2999999998774e-05,1.100000000064938e-05,8346,0,1,0,1,1,0,2.0999999999999996,2409.4678884629207,75.32095784185935,24134.195123367805,6003,0
1007.5,1.3,8.5,-3.4,1400.7592,71.89382,-0.0866000000000895,0.001199999999926149,0.0,0.0030959999999993215,-3.2000000004472895e-05,-9.000000005698894e-06,8347,0,1,0,1,1,0,2.0999999999999996,2409.3470560852898,75.32054730785818,24135.87603447504,6004,0
1006.25,1.3,8.5,-3.4,1400.6736,71.8969,-0.08559999999988577,0.0010000000002037268,-0.00019999999972242222,0.003079999999997085,-1.6000000002236447e-05,1.6000000002236447e-05,8348,0,1,0,1,1,0,2.0999999999999996,2409.2262424002874,75.32013724110672,24137.556842862272,6005,0
1006.25,1.3,8.5,-3.4,1400.589,71.89995,-0.08460000000013679,0.0009999999997489795,-4.547473508864641e-13,0.0030500000000017735,-2.9999999995311555e-05,-1.3999999993075107e-05,8349,0,1,0,1,1,0,2.0999999999999996,2409.105447520958,75.31972763784431,24139.237549729503,6006,0
1005.25,1.3,8.5,-3.4,1400.5056,71.90297,-0.08339999999998327,0.0012000000001535227,0.00020000000040454324,0.003019999999992251,-3.000000000952241e-05,-1.4210854715202004e-14,8350,0,1,0,1,1,0,2.0999999999999996,2408.984671584242,75.31931849431206,24140.918156516727,6007,0
1003.75,1.3,8.5,-3.4,1400.4232,71.90597,-0.08240000000000691,0.0009999999999763531,-0.00020000000017716957,0.0030000000000001137,-1.9999999992137418e-05,1.0000000017384991e-05,8351,0,1,0,1,1,0,2.0999999999999996,2408.8639147030653,75.31890980795019,24142.598664423946,6008,0
1002.75,1.3,8.5,-3.4,1400.3419,71.908936,-0.08130000000005566,0.001099999999951251,9.999999997489795e-05,0.0029660000000006903,-3.399999999942338e-05,-1.4000000007285962e-05,8352,0,1,0,1,1,0,2.0999999999999996,2408.7431770022745,75.31850157452413,24144.279074771162,6009,0
1003.75,1.3,8.5,-3.4,1400.2618,71.91188,-0.08009999999990214,0.0012000000001535227,0.00010000000020227162,0.0029439999999993915,-2.200000000129876e-05,1.1999999998124622e-05,8353,0,1,0,1,1,0,2.0999999999999996,2408.622458618626,75.31809379123773,24145.959388998377,6010,0
1002.75,1.3,8.5,-3.4,1400.1827,71.914795,-0.07909999999992579,0.0009999999999763531,-0.00020000000017716957,0.0029150000000015552,-2.8999999997836312e-05,-6.999999996537554e-06,8354,0,1,0,1,1,0,2.0999999999999996,2408.5017596648713,75.3176864544584,24147.639608305584,6011,0
1003.75,1.3,8.5,-3.4,1400.1047,71.91769,-0.07799999999997453,0.001099999999951251,9.999999997489795e-05,0.002894999999995207,-2.0000000006348273e-05,8.999999991488039e-06,8355,0,1,0,1,1,0,2.0999999999999996,2408.381080265677,75.31727956163236,24149.319734012788,6012,0
1004.25,1.3,8.5,-3.4,1400.0277,71.92055,-0.07699999999999818,0.0009999999999763531,-9.999999997489795e-05,0.002860000000012519,-3.499999998268777e-05,-1.4999999976339495e-05,8356,0,1,0,1,1,0,2.0999999999999996,2408.2604205336843,75.31687310841211,24150.99976731999,6013,0
1003.75,1.3,8.5,-3.4,1399.9519,71.923386,-0.07580000000007203,0.001199999999926149,0.0001999999999497959,0.0028359999999878482,-2.4000000024670953e-05,1.0999999958016815e-05,8357,0,1,0,1,1,0,2.0999999999999996,2408.139780605408,75.31646709176836,24152.679709667187,6014,0
1002.75,1.3,8.5,-3.4,1399.8772,71.9262,-0.07470000000012078,0.001099999999951251,-9.999999997489795e-05,0.0028140000000007603,-2.1999999987087904e-05,2.0000000375830496e-06,8358,0,1,0,1,1,0,2.0999999999999996,2408.0191606053354,75.31606150891255,24154.359562374382,6015,0
1004.25,1.3,8.5,-3.4,1399.8035,71.92898,-0.07369999999991705,0.0010000000002037268,-9.999999974752427e-05,0.002780000000001337,-3.399999999942338e-05,-1.2000000012335477e-05,8359,0,1,0,1,1,0,2.0999999999999996,2407.8985606459332,75.31565635562201,24156.039326641574,6016,0
1003.25,1.3,8.5,-3.4,1399.731,71.93174,-0.0724999999999909,0.001199999999926149,0.00019999999972242222,0.0027600000000091995,-1.9999999992137418e-05,1.4000000007285962e-05,8360,0,1,0,1,1,0,2.0999999999999996,2407.777980863533,75.31525162935056,24157.719003908758,6017,0
1003.0,1.3,8.5,-3.4,1399.6594,71.93446,-0.07159999999998945,0.0009000000000014552,-0.00029999999992469384,0.002719999999996503,-4.0000000012696546e-05,-2.0000000020559128e-05,8361,0,1,0,1,1,0,2.0999999999999996,2407.657421358527,75.31484732516144,24159.398595255945,6018,0
1003.75,1.3,8.5,-3.4,1399.589,71.937164,-0.0704000000000633,0.001199999999926149,0.00029999999992469384,0.0027039999999942665,-1.6000000002236447e-05,2.40000000104601e-05,8362,0,1,0,1,1,0,2.0999999999999996,2407.5368822671294,75.31444344099008,24161.078102123123,6019,0
1004.0,1.3,8.5,-3.4,1399.5197,71.93984,-0.06929999999988468,0.0011000000001786248,-9.999999974752427e-05,0.0026760000000081163,-2.7999999986150215e-05,-1.1999999983913767e-05,8363,0,1,0,1,1,0,2.0999999999999996,2407.4163637135343,75.31403997333811,24162.7575258303,6020,0
1003.25,1.3,8.5,-3.4,1399.4514,71.94249,-0.0683000000001357,0.0009999999997489795,-0.0001000000004296453,0.0026500000000027057,-2.6000000005410584e-05,1.9999999807396307e-06,8364,0,1,0,1,1,0,2.0999999999999996,2407.2958658099224,75.313636918948,24164.436867577475,6021,0
1003.0,1.3,8.5,-3.4,1399.3842,71.94511,-0.06719999999995707,0.0011000000001786248,0.0001000000004296453,0.0026199999999931833,-3.000000000952241e-05,-4.0000000041118255e-06,8365,0,1,0,1,1,0,2.0999999999999996,2407.175388680373,75.31323427408559,24166.116128684644,6022,0
1003.75,1.3,8.5,-3.4,1399.3181,71.94769,-0.06610000000000582,0.001099999999951251,-2.2737367544323206e-13,0.0025799999999946976,-3.999999999848569e-05,-9.999999988963282e-06,8366,0,1,0,1,1,0,2.0999999999999996,2407.0549324489066,75.31283203382336,24167.79531047181,6023,0
1003.5,1.3,8.5,-3.4,1399.253,71.95026,-0.06510000000002947,0.0009999999999763531,-9.999999997489795e-05,0.0025700000000057344,-9.999999988963282e-06,3.000000000952241e-05,8367,0,1,0,1,1,0,2.0999999999999996,2406.9344972275335,75.31243019682123,24169.474414138975,6024,0
1003.25,1.3,8.5,-3.4,1399.1891,71.9528,-0.06389999999987594,0.0012000000001535227,0.00020000000017716957,0.002539999999996212,-3.000000000952241e-05,-2.0000000020559128e-05,8368,0,1,0,1,1,0,2.0999999999999996,2406.814083152109,75.31202875934999,24171.15344112614,6025,0
1001.25,1.3,8.5,-3.4,1399.1262,71.9553,-0.06290000000012697,0.0009999999997489795,-0.00020000000040454324,0.0024999999999977263,-3.999999999848569e-05,-9.999999988963282e-06,8369,0,1,0,1,1,0,2.0999999999999996,2406.693690334528,75.31162771648746,24172.832392633296,6026,0
999.75,1.3,8.5,-3.4,1399.0645,71.95778,-0.06169999999997344,0.0012000000001535227,0.00020000000040454324,0.002480000000005589,-1.9999999992137418e-05,2.0000000006348273e-05,8370,0,1,0,1,1,0,2.0999999999999996,2406.5733189105244,75.31122706570302,24174.51127010045,6027,0
999.75,1.3,8.5,-3.4,1399.0038,71.96023,-0.06069999999999709,0.0009999999999763531,-0.00020000000017716957,0.0024499999999960664,-3.000000000952241e-05,-1.0000000017384991e-05,8371,0,1,0,1,1,0,2.0999999999999996,2406.4529689918777,75.3108268032728,24176.1900747276,6028,0
1002.25,1.3,8.5,-3.4,1398.9441,71.962654,-0.059700000000020736,0.0009999999999763531,0.0,0.0024240000000048667,-2.599999999119973e-05,4.00000001832268e-06,8372,0,1,0,1,1,0,2.0999999999999996,2406.3326406903143,75.31042692595247,24177.868807714753,6029,0
1002.25,1.3,8.5,-3.4,1398.8855,71.96504,-0.05859999999984211,0.0011000000001786248,0.00010000000020227162,0.0023860000000013315,-3.8000000003535206e-05,-1.2000000012335477e-05,8373,0,1,0,1,1,0,2.0999999999999996,2406.212334129448,75.31002742906615,24179.547470381898,6030,0
1002.25,1.3,8.5,-3.4,1398.8281,71.96741,-0.057400000000143336,0.0011999999996987754,9.99999995201506e-05,0.002369999999999095,-1.6000000002236447e-05,2.200000000129876e-05,8374,0,1,0,1,1,0,2.0999999999999996,2406.092049444776,75.30962831056716,24181.22606416904,6031,0
999.75,1.3,8.5,-3.4,1398.7716,71.96974,-0.05649999999991451,0.0009000000002288289,-0.0002999999994699465,0.0023300000000006094,-3.999999999848569e-05,-2.3999999996249244e-05,8375,0,1,0,1,1,0,2.0999999999999996,2405.9717867359122,75.30922956554441,24182.904590156184,6032,0
998.25,1.3,8.5,-3.4,1398.7163,71.97205,-0.05529999999998836,0.001199999999926149,0.00029999999969732016,0.002309999999994261,-2.0000000006348273e-05,1.9999999992137418e-05,8376,0,1,0,1,1,0,2.0999999999999996,2405.8515461382353,75.30883119147667,24184.583049783323,6033,0
998.25,1.3,8.5,-3.4,1398.662,71.97433,-0.054300000000012005,0.0009999999999763531,-0.0001999999999497959,0.0022799999999989495,-2.9999999995311555e-05,-9.999999988963282e-06,8377,0,1,0,1,1,0,2.0999999999999996,2405.7313277631893,75.30843318465027,24186.261444250456,6034,0
999.75,1.3,8.5,-3.4,1398.6089,71.97658,-0.053100000000085856,0.001199999999926149,0.0001999999999497959,0.002250000000003638,-2.9999999995311555e-05,0.0,8378,0,1,0,1,1,0,2.0999999999999996,2405.611131746032,75.30803554135339,24187.93977499759,6035,0
1000.25,1.3,8.5,-3.4,1398.5568,71.9788,-0.05209999999988213,0.0010000000002037268,-0.00019999999972242222,0.0022200000000083264,-2.9999999995311555e-05,0.0,8379,0,1,0,1,1,0,2.0999999999999996,2405.4909581980905,75.3076382578759,24189.61804322472,6036,0
999.25,1.3,8.5,-3.4,1398.5057,71.98099,-0.05110000000013315,0.0009999999997489795,-4.547473508864641e-13,0.002189999999998804,-3.000000000952241e-05,-1.4210854715202004e-14,8380,0,1,0,1,1,0,2.0999999999999996,2405.3708072306404,75.30724133050948,24191.29625013185,6037,0
999.25,1.3,8.5,-3.4,1398.4557,71.98315,-0.049999999999954525,0.0011000000001786248,0.0001000000004296453,0.0021599999999892816,-3.000000000952241e-05,0.0,8381,0,1,0,1,1,0,2.0999999999999996,2405.2506789668337,75.3068447555476,24192.974397038975,6038,0
998.25,1.3,8.5,-3.4,1398.4067,71.98528,-0.04899999999997817,0.0009999999999763531,-0.00010000000020227162,0.002130000000008181,-2.99999999811007e-05,2.842170943040401e-14,8382,0,1,0,1,1,0,2.0999999999999996,2405.130573517834,75.30644852928546,24194.6524851461,6039,0
996.75,1.3,8.5,-3.4,1398.359,71.98738,-0.047700000000077125,0.001299999999901047,0.00029999999992469384,0.0020999999999986585,-3.000000000952241e-05,-2.842170943040401e-14,8383,0,1,0,1,1,0,2.0999999999999996,2405.010491030534,75.30605264802004,24196.33051601322,6040,0
997.75,1.3,8.5,-3.4,1398.3121,71.989456,-0.046899999999823194,0.0008000000002539309,-0.0004999999996471161,0.0020760000000024093,-2.3999999996249244e-05,6.000000013273166e-06,8384,0,1,0,1,1,0,2.0999999999999996,2404.8904315921286,75.30565710876566,24198.00849060034,6041,0
997.5,1.3,8.5,-3.4,1398.2665,71.99149,-0.04560000000014952,0.0012999999996736733,0.0004999999994197424,0.0020339999999947622,-4.200000000764703e-05,-1.8000000011397788e-05,8385,0,1,0,1,1,0,2.0999999999999996,2404.770395349392,75.30526190639159,24199.686410467457,6042,0
997.75,1.3,8.5,-3.4,1398.2218,71.99351,-0.04469999999992069,0.0009000000002288289,-0.00039999999944484443,0.002020000000001687,-1.3999999993075107e-05,2.8000000014571924e-05,8386,0,1,0,1,1,0,2.0999999999999996,2404.6503824013353,75.30486703910815,24201.36427669457,6043,0
996.25,1.3,8.5,-3.4,1398.1783,71.99549,-0.04349999999999454,0.001199999999926149,0.00029999999969732016,0.0019800000000032014,-3.999999999848569e-05,-2.6000000005410584e-05,8387,0,1,0,1,1,0,2.0999999999999996,2404.5303928826897,75.3044725020267,24203.042090721683,6044,0
998.75,1.3,8.5,-3.4,1398.1357,71.997444,-0.04259999999999309,0.0009000000000014552,-0.00029999999992469384,0.001953999999997791,-2.6000000005410584e-05,1.3999999993075107e-05,8388,0,1,0,1,1,0,2.0999999999999996,2404.410426892359,75.30407829192991,24204.719853628794,6045,0
999.75,1.3,8.5,-3.4,1398.0944,71.99937,-0.04130000000009204,0.001299999999901047,0.0003999999998995918,0.0019259999999974298,-2.800000000036107e-05,-1.9999999949504854e-06,8389,0,1,0,1,1,0,2.0999999999999996,2404.2904845768776,75.30368440536353,24206.397566975902,6046,0
1000.25,1.3,8.5,-3.4,1398.054,72.00126,-0.04039999999986321,0.0009000000002288289,-0.0003999999996722181,0.001890000000003056,-3.5999999994373866e-05,-7.999999994012796e-06,8390,0,1,0,1,1,0,2.0999999999999996,2404.1705660350376,75.30329083792158,24208.07523184301,6047,0
999.25,1.3,8.5,-3.4,1398.0146,72.00312,-0.03940000000011423,0.0009999999997489795,9.99999995201506e-05,0.0018599999999935335,-3.000000000952241e-05,5.999999984851456e-06,8391,0,1,0,1,1,0,2.0999999999999996,2404.0506713775026,75.30289758591516,24209.752849430115,6048,0
998.25,1.3,8.5,-3.4,1397.9764,72.00495,-0.03819999999996071,0.0012000000001535227,0.00020000000040454324,0.001829999999998222,-2.9999999995311555e-05,1.4210854715202004e-14,8392,0,1,0,1,1,0,2.0999999999999996,2403.930800738711,75.3025046456571,24211.430421177218,6049,0
997.75,1.3,8.5,-3.4,1397.9393,72.00675,-0.03710000000000946,0.001099999999951251,-0.00010000000020227162,0.0018000000000029104,-2.9999999995311555e-05,0.0,8393,0,1,0,1,1,0,2.0999999999999996,2403.810954241125,75.30211201346201,24213.10794840432,6050,0
999.75,1.3,8.5,-3.4,1397.9032,72.008514,-0.036100000000033106,0.0009999999999763531,-9.999999997489795e-05,0.0017640000000085365,-3.5999999994373866e-05,-5.999999999062311e-06,8394,0,1,0,1,1,0,2.0999999999999996,2403.6911319952355,75.30171968493151,24214.78543231142,6051,0
1000.25,1.3,8.5,-3.4,1397.8682,72.010254,-0.035000000000081855,0.001099999999951251,9.999999997489795e-05,0.0017399999999980764,-2.40000000104601e-05,1.1999999983913767e-05,8395,0,1,0,1,1,0,2.0999999999999996,2403.5713341233923,75.30132765709862,24216.462874218516,6052,0
1000.25,1.3,8.5,-3.4,1397.8342,72.01196,-0.03399999999987813,0.0010000000002037268,-9.999999974752427e-05,0.001705999999998653,-3.399999999942338e-05,-9.999999988963282e-06,8396,0,1,0,1,1,0,2.0999999999999996,2403.451560735977,75.30093592580684,24218.14027532561,6053,0
1000.25,1.3,8.5,-3.4,1397.8013,72.01364,-0.03289999999992688,0.001099999999951251,9.999999974752427e-05,0.0016799999999932425,-2.6000000005410584e-05,7.999999994012796e-06,8397,0,1,0,1,1,0,2.0999999999999996,2403.3318119552273,75.30054448785425,24219.817636952706,6054,0
1000.5,1.3,8.5,-3.4,1397.7694,72.01528,-0.0319000000001779,0.0009999999997489795,-0.00010000000020227162,0.0016400000000089676,-3.9999999984274837e-05,-1.3999999978864253e-05,8398,0,1,0,1,1,0,2.0999999999999996,2403.2120878914156,75.30015333837362,24221.4949602998,6055,0
1002.25,1.3,8.5,-3.4,1397.7386,72.0169,-0.030799999999999272,0.0011000000001786248,0.0001000000004296453,0.0016200000000026193,-2.0000000006348273e-05,1.9999999977926564e-05,8399,0,1,0,1,1,0,2.0999999999999996,2403.092388666667,75.29976247488095,24223.17224668689,6056,0
1001.75,1.3,8.5,-3.4,1397.7089,72.01848,-0.029699999999820648,0.0011000000001786248,0.0,0.0015799999999899228,-4.0000000012696546e-05,-2.0000000006348273e-05,8400,0,1,0,1,1,0,2.0999999999999996,2402.972714403047,75.2993718925128,24224.84949743398,6057,0
1001.75,1.3,8.5,-3.4,1397.6802,72.020035,-0.028700000000071668,0.0009999999997489795,-0.0001000000004296453,0.0015549999999961983,-2.4999999993724487e-05,1.500000001897206e-05,8401,0,1,0,1,1,0,2.0999999999999996,2402.8530652106638,75.2989815881933,24226.526713741066,6058,0
1002.0,1.3,8.5,-3.4,1397.6526,72.02155,-0.027600000000120417,0.001099999999951251,0.00010000000020227162,0.0015150000000119235,-3.9999999984274837e-05,-1.499999999055035e-05,8402,0,1,0,1,1,0,2.0999999999999996,2402.733441211472,75.29859155706295,24228.203896928157,6059,0
1002.0,1.3,8.5,-3.4,1397.6261,72.02304,-0.026499999999941792,0.0011000000001786248,2.2737367544323206e-13,0.0014899999999897773,-2.5000000022146196e-05,1.499999996212864e-05,8403,0,1,0,1,1,0,2.0999999999999996,2402.613842527368,75.2982017960495,24229.88104831524,6060,0
1002.25,1.3,8.5,-3.4,1397.6006,72.0245,-0.02549999999996544,0.0009999999999763531,-0.00010000000020227162,0.0014600000000086766,-2.99999999811007e-05,-4.999999958954504e-06,8404,0,1,0,1,1,0,2.0999999999999996,2402.4942692682926,75.29781230148721,24231.558169102325,6061,0
1003.25,1.3,8.5,-3.4,1397.5762,72.02592,-0.024400000000014188,0.001099999999951251,9.999999997489795e-05,0.00141999999999598,-4.0000000012696546e-05,-1.0000000031595846e-05,8405,0,1,0,1,1,0,2.0999999999999996,2402.3747215560315,75.29742306852248,24233.23526060941,6062,0
1003.25,1.3,8.5,-3.4,1397.5527,72.02731,-0.023500000000012733,0.0009000000000014552,-0.0001999999999497959,0.0013900000000006685,-2.9999999995311555e-05,1.0000000017384991e-05,8406,0,1,0,1,1,0,2.0999999999999996,2402.255199488521,75.29703409349352,24234.91232391649,6063,0
1002.25,1.3,8.5,-3.4,1397.5304,72.02867,-0.02229999999985921,0.0012000000001535227,0.0003000000001520675,0.001360000000005357,-2.9999999995311555e-05,0.0,8407,0,1,0,1,1,0,2.0999999999999996,2402.135703199334,75.29664537274026,24236.589360463575,6064,0
1004.25,1.3,8.5,-3.4,1397.5092,72.03,-0.021200000000135333,0.0010999999997238774,-0.0001000000004296453,0.0013299999999958345,-3.000000000952241e-05,-1.4210854715202004e-14,8408,0,1,0,1,1,0,2.0999999999999996,2402.016232810084,75.29625690260434,24238.266371570655,6065,0
1004.5,1.3,8.5,-3.4,1397.489,72.031296,-0.020199999999931606,0.0010000000002037268,-9.99999995201506e-05,0.0012959999999964111,-3.399999999942338e-05,-3.999999989900971e-06,8409,0,1,0,1,1,0,2.0999999999999996,2401.8967884304398,75.29586867895362,24239.943358437733,6066,0
1005.25,1.3,8.5,-3.4,1397.4698,72.032555,-0.019199999999955253,0.0009999999999763531,-2.2737367544323206e-13,0.001259000000004562,-3.699999999184911e-05,-2.999999992425728e-06,8410,0,1,0,1,1,0,2.0999999999999996,2401.7773701700153,75.29548069730116,24241.62032226481,6067,0
1004.25,1.3,8.5,-3.4,1397.4518,72.03378,-0.018000000000029104,0.001199999999926149,0.0001999999999497959,0.0012249999999909278,-3.4000000013634235e-05,2.9999999782148734e-06,8411,0,1,0,1,1,0,2.0999999999999996,2401.6579781621494,75.29509295351879,24243.297264491892,6068,0
1004.25,1.3,8.5,-3.4,1397.4347,72.03498,-0.01710000000002765,0.0009000000000014552,-0.00029999999992469384,0.0012000000000114142,-2.4999999979513632e-05,9.000000034120603e-06,8412,0,1,0,1,1,0,2.0999999999999996,2401.5386125044574,75.2947054445501,24244.974186198968,6069,0
1002.75,1.3,8.5,-3.4,1397.4187,72.03615,-0.016000000000076398,0.001099999999951251,0.0001999999999497959,0.0011700000000018917,-3.000000000952241e-05,-5.000000030008778e-06,8413,0,1,0,1,1,0,2.0999999999999996,2401.419273318279,75.2943181667459,24246.651088706043,6070,0
1001.75,1.3,8.5,-3.4,1397.4038,72.03728,-0.014899999999897773,0.0011000000001786248,2.2737367544323206e-13,0.0011299999999891952,-4.0000000012696546e-05,-1.0000000003174137e-05,8414,0,1,0,1,1,0,2.0999999999999996,2401.299960724896,75.29393111527035,24248.32797333312,6071,0
1002.75,1.3,8.5,-3.4,1397.3899,72.038376,-0.013900000000148793,0.0009999999997489795,-0.0001000000004296453,0.0010960000000039827,-3.3999999985212526e-05,6.00000002748402e-06,8415,0,1,0,1,1,0,2.0999999999999996,2401.1806748336503,75.29354428600286,24250.00484128019,6072,0
1004.75,1.3,8.5,-3.4,1397.3771,72.039444,-0.012799999999970169,0.0011000000001786248,0.0001000000004296453,0.0010680000000036216,-2.800000000036107e-05,5.999999984851456e-06,8416,0,1,0,1,1,0,2.0999999999999996,2401.0614157657124,75.29315767553761,24251.681693867267,6073,0
1003.75,1.3,8.5,-3.4,1397.3652,72.040474,-0.011899999999968713,0.0009000000000014552,-0.00020000000017716957,0.0010300000000000864,-3.8000000003535206e-05,-1.0000000003174137e-05,8417,0,1,0,1,1,0,2.0999999999999996,2400.9421836184365,75.29277127928249,24253.35853217434,6074,0
1002.75,1.3,8.5,-3.4,1397.3545,72.04147,-0.010700000000042564,0.001199999999926149,0.00029999999992469384,0.000996000000000663,-3.399999999942338e-05,4.0000000041118255e-06,8418,0,1,0,1,1,0,2.0999999999999996,2400.8229785247654,75.2923850931227,24255.035357641413,6075,0
1001.75,1.3,8.5,-3.4,1397.3448,72.04244,-0.009699999999838838,0.0010000000002037268,-0.00019999999972242222,0.0009699999999952524,-2.6000000005410584e-05,7.999999994012796e-06,8419,0,1,0,1,1,0,2.0999999999999996,2400.703800593824,75.29199911389549,24256.712171468487,6076,0
1002.75,1.3,8.5,-3.4,1397.3362,72.04337,-0.00860000000011496,0.0010999999997238774,9.99999995201506e-05,0.0009299999999967667,-3.999999999848569e-05,-1.3999999993075107e-05,8420,0,1,0,1,1,0,2.0999999999999996,2400.5846499465624,75.2916133367771,24258.388974975558,6077,0
1003.0,1.3,8.5,-3.4,1397.3286,72.04427,-0.007599999999911233,0.0010000000002037268,-9.99999995201506e-05,0.0009000000000014552,-2.9999999995311555e-05,1.0000000003174137e-05,8421,0,1,0,1,1,0,2.0999999999999996,2400.465526691997,75.29122775813347,24260.06576936263,6078,0
1003.25,1.3,8.5,-3.4,1397.3221,72.045135,-0.006499999999959982,0.001099999999951251,9.999999974752427e-05,0.0008650000000045566,-3.499999999689862e-05,-5.000000001587068e-06,8422,0,1,0,1,1,0,2.0999999999999996,2400.3464309509677,75.29084237373857,24261.742555949702,6079,0
1003.25,1.3,8.5,-3.2,1397.3167,72.04597,-0.005400000000008731,0.001099999999951251,0.0,0.0008349999999950342,-3.000000000952241e-05,4.9999999873762135e-06,8423,0,1,0,1,1,0,1.9000000000000001,2400.2273628442545,75.29045717996202,24263.419336056773,6080,0
1003.25,1.3,8.5,-3.2,1397.3123,72.04677,-0.004400000000032378,0.0009999999999763531,-9.999999997489795e-05,0.0007999999999981355,-3.499999999689862e-05,-4.9999999873762135e-06,8424,0,1,0,1,1,0,1.9000000000000001,2400.108322480712,75.2900721725816,24265.096110883846,6081,0
1004.75,1.3,8.5,-3.2,1397.3088,72.04753,-0.003500000000030923,0.0009000000000014552,-9.999999997489795e-05,0.0007599999999996498,-3.999999999848569e-05,-5.000000001587068e-06,8425,0,1,0,1,1,0,1.9000000000000001,2399.989309957275,75.28968734678377,24266.772881510915,6082,0
1004.5,1.3,8.5,-3.2,1397.3065,72.048256,-0.002300000000104774,0.001199999999926149,0.00029999999992469384,0.0007260000000002265,-3.399999999942338e-05,5.999999999062311e-06,8426,0,1,0,1,1,0,1.9000000000000001,2399.8703254064317,75.2893026984692,24268.449649377984,6083,0
1004.75,1.3,8.5,-3.2,1397.3052,72.04895,-0.001299999999901047,0.0010000000002037268,-0.00019999999972242222,0.0006940000000099644,-3.199999999026204e-05,2.00000000916134e-06,8427,0,1,0,1,1,0,1.9000000000000001,2399.751368936877,75.28891822377788,24270.126415685056,6084,0
1005.75,1.3,8.5,-3.2,1397.3049,72.049614,-0.00029999999992469384,0.0009999999999763531,-2.2737367544323206e-13,0.000664000000000442,-3.000000000952241e-05,1.9999999807396307e-06,8428,0,1,0,1,1,0,1.9000000000000001,2399.632440657255,75.28853391908885,24271.803181632127,6085,0
1006.75,1.3,8.5,-3.2,1397.3058,72.05024,0.0009000000000014552,0.001199999999926149,0.0001999999999497959,0.0006259999999969068,-3.8000000003535206e-05,-7.999999994012796e-06,8429,0,1,0,1,1,0,1.9000000000000001,2399.5135406998816,75.28814977983393,24273.4799486592,6086,0
1006.5,1.3,8.5,-3.2,1397.3076,72.05083,0.0018000000000029104,0.0009000000000014552,-0.00029999999992469384,0.0005900000000025329,-3.5999999994373866e-05,2.00000000916134e-06,8430,0,1,0,1,1,0,1.9000000000000001,2399.394669161428,75.28776580168427,24275.15671784627,6087,0
1005.75,1.3,8.5,-3.2,1397.3104,72.051384,0.0027999999999792635,0.0009999999999763531,9.999999997489795e-05,0.0005539999999939482,-3.600000000858472e-05,-1.4210854715202004e-14,8431,0,1,0,1,1,0,1.9000000000000001,2399.2758261503795,75.2873819803131,24276.83349039334,6088,0
1004.75,1.3,8.5,-3.2,1397.3145,72.05191,0.0040999999998803105,0.001299999999901047,0.00029999999992469384,0.000526000000007798,-2.7999999986150215e-05,8.000000022434506e-06,8432,0,1,0,1,1,0,1.9000000000000001,2399.157011810744,75.28699831234435,24278.51026786041,6089,0
1003.25,1.3,8.5,-3.2,1397.3193,72.0524,0.0048000000001593435,0.000700000000279033,-0.000599999999622014,0.0004899999999992133,-3.600000000858472e-05,-8.000000022434506e-06,8433,0,1,0,1,1,0,1.9000000000000001,2399.038226215319,75.28661479345506,24280.187051087483,6090,0
1003.75,1.3,8.5,-3.2,1397.3254,72.05285,0.006099999999833017,0.0012999999996736733,0.0005999999993946403,0.0004500000000007276,-3.999999999848569e-05,-3.999999989900971e-06,8434,0,1,0,1,1,0,1.9000000000000001,2398.9194695080023,75.28623141885002,24281.863841634553,6091,0
1002.25,1.3,8.5,-3.2,1397.3325,72.05327,0.007100000000036744,0.0010000000002037268,-0.0002999999994699465,0.0004199999999912052,-3.000000000952241e-05,9.999999988963282e-06,8435,0,1,0,1,1,0,1.9000000000000001,2398.8007417970603,75.28584818492176,24283.540640701627,6092,0
1002.5,1.3,8.5,-3.2,1397.3406,72.05365,0.008100000000013097,0.0009999999999763531,-2.2737367544323206e-13,0.00038000000000693035,-3.9999999984274837e-05,-9.999999974752427e-06,8436,0,1,0,1,1,0,1.9000000000000001,2398.6820431907076,75.28546508687923,24285.217449488697,6093,0
1001.25,1.3,8.5,-3.2,1397.3497,72.05399,0.00909999999998945,0.0009999999999763531,0.0,0.0003399999999942338,-4.0000000012696546e-05,-2.842170943040401e-14,8437,0,1,0,1,1,0,1.9000000000000001,2398.5633737971084,75.28508211993363,24286.89426919577,6094,0
999.75,1.3,8.5,-3.2,1397.3599,72.054306,0.010199999999940701,0.001099999999951251,9.999999997489795e-05,0.00031599999999798456,-2.3999999996249244e-05,1.6000000016447302e-05,8438,0,1,0,1,1,0,1.9000000000000001,2398.4447337362244,75.28469928119445,24288.571101142843,6095,0
999.25,1.3,8.5,-3.2,1397.3711,72.05458,0.011200000000144428,0.0010000000002037268,-9.999999974752427e-05,0.0002740000000045484,-4.199999999343618e-05,-1.7999999997186933e-05,8439,0,1,0,1,1,0,1.9000000000000001,2398.3261231161136,75.28431656563981,24290.24794652992,6096,0
998.25,1.3,8.5,-3.2,1397.3833,72.05482,0.012199999999893407,0.0009999999997489795,-4.547473508864641e-13,0.000240000000005125,-3.399999999942338e-05,7.999999994012796e-06,8440,0,1,0,1,1,0,1.9000000000000001,2398.2075420447813,75.28393396919796,24291.924806556992,6097,0
998.75,1.3,8.5,-3.2,1397.3966,72.05502,0.013300000000072032,0.0011000000001786248,0.0001000000004296453,0.00019999999999242846,-4.0000000012696546e-05,-6.000000013273166e-06,8441,0,1,0,1,1,0,1.9000000000000001,2398.088990642028,75.28355148708837,24293.601682544067,6098,0
1000.25,1.3,8.5,-3.2,1397.411,72.05519,0.014400000000023283,0.001099999999951251,-2.2737367544323206e-13,0.0001699999999971169,-2.9999999995311555e-05,1.0000000017384991e-05,8442,0,1,0,1,1,0,1.9000000000000001,2397.970469027597,75.28316911571716,24295.278575811142,6099,0
1000.0,1.3,8.5,-3.2,1397.4264,72.05532,0.015399999999999636,0.0009999999999763531,-9.999999997489795e-05,0.0001299999999986312,-3.999999999848569e-05,-1.0000000003174137e-05,8443,0,1,0,1,1,0,1.9000000000000001,2397.851977309332,75.28278685030791,24296.955487558218,6100,0
999.75,1.3,8.5,-3.2,1397.4427,72.05542,0.01630000000000109,0.0009000000000014552,-9.999999997489795e-05,0.00010000000000331966,-2.9999999995311555e-05,1.0000000003174137e-05,8444,0,1,0,1,1,0,1.9000000000000001,2397.733515583185,75.28240468727057,24298.632418865298,6101,0
998.75,1.3,8.5,-3.2,1397.4602,72.05548,0.01749999999992724,0.001199999999926149,0.00029999999992469384,6.0000000004833964e-05,-3.999999999848569e-05,-1.0000000003174137e-05,8445,0,1,0,1,1,0,1.9000000000000001,2397.6150839805823,75.28202262183282,24300.309371172374,6102,0
1000.25,1.3,8.5,-3.2,1397.4788,72.055504,0.018600000000105865,0.0011000000001786248,-9.999999974752427e-05,2.3999999996249244e-05,-3.600000000858472e-05,3.999999989900971e-06,8446,0,1,0,1,1,0,1.9000000000000001,2397.4966826210493,75.28164064969812,24301.986345799454,6103,0
1001.25,1.3,8.5,-3.2,1397.4982,72.05549,0.01939999999990505,0.0007999999997991836,-0.0003000000003794412,-1.3999999993075107e-05,-3.799999998932435e-05,-1.9999999807396307e-06,8447,0,1,0,1,1,0,1.9000000000000001,2397.3783115885417,75.28125876633523,24303.663343706532,6104,0
1001.0,1.3,8.5,-3.2,1397.5188,72.05544,0.02060000000005857,0.0012000000001535227,0.00040000000035433914,-5.000000000165983e-05,-3.600000000858472e-05,1.9999999807396307e-06,8448,0,1,0,1,1,0,1.9000000000000001,2397.2599710143213,75.28087696745177,24305.340366333614,6105,0
1003.75,1.3,8.5,-3.2,1397.5404,72.05536,0.021600000000034925,0.0009999999999763531,-0.00020000000017716957,-8.000000001118224e-05,-3.000000000952241e-05,5.999999999062311e-06,8449,0,1,0,1,1,0,1.9000000000000001,2397.1416610059173,75.28049524946746,24307.017414880695,6106,0
1003.25,1.3,8.5,-3.2,1397.563,72.05524,0.022600000000011278,0.0009999999999763531,0.0,-0.00011999999999545707,-3.9999999984274837e-05,-9.999999974752427e-06,8450,0,1,0,1,1,0,1.9000000000000001,2397.023381670808,75.28011360762041,24308.69449054778,6107,0
1000.75,1.3,8.5,-3.2,1397.5867,72.05508,0.02369999999996253,0.001099999999951251,9.999999997489795e-05,-0.00015999999999394277,-3.999999999848569e-05,-1.4210854715202004e-14,8451,0,1,0,1,1,0,1.9000000000000001,2396.9051331282535,75.27973203715096,24310.371594654862,6108,0
1001.75,1.3,8.5,-3.2,1397.6113,72.05488,0.024599999999963984,0.0009000000000014552,-0.0001999999999497959,-0.0002000000000066393,-4.0000000012696546e-05,-1.4210854715202004e-14,8452,0,1,0,1,1,0,1.9000000000000001,2396.7869154737964,75.27935053330178,24312.04872828195,6109,0
1002.0,1.3,8.5,-3.2,1397.6371,72.05464,0.025799999999890133,0.001199999999926149,0.00029999999992469384,-0.00023999999999091415,-3.9999999984274837e-05,2.842170943040401e-14,8453,0,1,0,1,1,0,1.9000000000000001,2396.6687288384196,75.27896909131772,24313.725892869035,6110,0
1002.75,1.3,8.5,-3.2,1397.6638,72.054375,0.026700000000118962,0.0009000000002288289,-0.00029999999969732016,-0.00026500000001306034,-2.5000000022146196e-05,1.499999996212864e-05,8454,0,1,0,1,1,0,1.9000000000000001,2396.5505733175632,75.27858770821999,24315.40308949612,6111,0
1004.75,1.3,8.5,-3.2,1397.6915,72.05407,0.02769999999986794,0.0009999999997489795,9.99999995201506e-05,-0.0003049999999973352,-3.9999999984274837e-05,-1.499999996212864e-05,8455,0,1,0,1,1,0,1.9000000000000001,2396.4324490184486,75.27820637925733,24317.080319363213,6112,0
1006.25,1.3,8.5,-3.2,1397.7203,72.05373,0.028800000000046566,0.0011000000001786248,0.0001000000004296453,-0.0003399999999942338,-3.499999999689862e-05,4.9999999873762135e-06,8456,0,1,0,1,1,0,1.9000000000000001,2396.3143560600683,75.27782510027197,24318.757583790302,6113,0
1005.75,1.3,8.5,-3.2,1397.7502,72.053345,0.029899999999997817,0.001099999999951251,-2.2737367544323206e-13,-0.0003850000000085174,-4.5000000014283614e-05,-1.0000000017384991e-05,8457,0,1,0,1,1,0,1.9000000000000001,2396.196294561362,75.27744386592575,24320.434884097394,6114,0
1006.25,1.3,8.5,-3.2,1397.7811,72.05292,0.03089999999997417,0.0009999999999763531,-9.999999997489795e-05,-0.00042499999999279225,-3.9999999984274837e-05,5.000000030008778e-06,8458,0,1,0,1,1,0,1.9000000000000001,2396.0782646293887,75.27706267147417,24322.112221484487,6115,0
1006.75,1.3,8.5,-3.2,1397.813,72.05247,0.0319000000001779,0.0010000000002037268,2.2737367544323206e-13,-0.0004500000000007276,-2.500000000793534e-05,1.4999999976339495e-05,8459,0,1,0,1,1,0,1.9000000000000001,2395.9602663711585,75.27668151394799,24323.789597151583,6116,0
1005.75,1.3,8.5,-3.2,1397.846,72.05197,0.032999999999901775,0.0010999999997238774,9.99999995201506e-05,-0.0005000000000023874,-5.000000000165983e-05,-2.4999999993724487e-05,8460,0,1,0,1,1,0,1.9000000000000001,2395.8422999054483,75.27630038742466,24325.46701241868,6117,0
1005.75,1.3,8.5,-3.2,1397.8799,72.05144,0.03389999999990323,0.0009000000000014552,-0.00019999999972242222,-0.000529999999997699,-2.9999999995311555e-05,2.0000000006348273e-05,8461,0,1,0,1,1,0,1.9000000000000001,2395.724365327346,75.27591928834791,24327.14446836578,6118,0
1006.25,1.3,8.5,-3.2,1397.9149,72.050865,0.035000000000081855,0.0011000000001786248,0.00020000000017716957,-0.0005749999999977717,-4.500000000007276e-05,-1.5000000004761205e-05,8462,0,1,0,1,1,0,1.9000000000000001,2395.6064627555243,75.27553821139077,24328.821966312877,6119,0
1006.25,1.3,8.5,-3.2,1397.9508,72.050255,0.03590000000008331,0.0009000000000014552,-0.00020000000017716957,-0.0006099999999946704,-3.499999999689862e-05,1.0000000003174137e-05,8463,0,1,0,1,1,0,1.9000000000000001,2395.488592284971,75.27515715241022,24330.49950733998,6120,0
1007.25,1.3,8.5,-3.2,1397.9879,72.04961,0.03710000000000946,0.001199999999926149,0.00029999999992469384,-0.0006450000000057798,-3.500000001110948e-05,-1.4210854715202004e-14,8464,0,1,0,1,1,0,1.9000000000000001,2395.370754046072,75.27477610726521,24332.177092887083,6121,0
1007.75,1.3,8.5,-3.2,1398.026,72.04893,0.03809999999998581,0.0009999999999763531,-0.0001999999999497959,-0.0006800000000026785,-3.499999999689862e-05,1.4210854715202004e-14,8465,0,1,0,1,1,0,1.9000000000000001,2395.252948145523,75.27439507181667,24333.85472415419,6122,0
1008.25,1.3,8.5,-3.2,1398.0651,72.0482,0.039099999999962165,0.0009999999999763531,0.0,-0.0007300000000043383,-5.000000000165983e-05,-1.5000000004761205e-05,8466,0,1,0,1,1,0,1.9000000000000001,2395.1351746899727,75.2740140401559,24335.532402341294,6123,0
1006.75,1.3,8.5,-3.2,1398.1051,72.04744,0.03999999999996362,0.0009000000000014552,-9.999999997489795e-05,-0.0007599999999996498,-2.9999999995311555e-05,2.0000000006348273e-05,8467,0,1,0,1,1,0,1.9000000000000001,2395.0174337742087,75.27363300873878,24337.210128528404,6124,0
1006.5,1.3,8.5,-3.2,1398.1462,72.04664,0.04109999999991487,0.001099999999951251,0.0001999999999497959,-0.0007999999999981355,-3.999999999848569e-05,-1.0000000003174137e-05,8468,0,1,0,1,1,0,1.9000000000000001,2394.89972551659,75.27325197284213,24338.887904035517,6125,0
1005.75,1.3,8.5,-3.2,1398.1885,72.0458,0.042300000000068394,0.0012000000001535227,0.00010000000020227162,-0.0008399999999966212,-3.999999999848569e-05,0.0,8469,0,1,0,1,1,0,1.9000000000000001,2394.7820500472253,75.27287092774498,24340.565730302627,6126,0
1007.25,1.3,8.5,-3.2,1398.2317,72.04492,0.04320000000006985,0.0009000000000014552,-0.0003000000001520675,-0.0008799999999951069,-3.999999999848569e-05,0.0,8470,0,1,0,1,1,0,1.9000000000000001,2394.6644074607484,75.2724898687286,24342.243608409743,6127,0
1007.75,1.3,8.5,-3.2,1398.2759,72.044,0.0442000000000462,0.0009999999999763531,9.999999997489795e-05,-0.0009200000000078035,-4.0000000012696546e-05,-1.4210854715202004e-14,8471,0,1,0,1,1,0,1.9000000000000001,2394.5467978635506,75.27210879107649,24343.92153955686,6128,0
1007.5,1.3,8.5,-3.2,1398.321,72.043045,0.045099999999820284,0.0008999999997740815,-0.00010000000020227162,-0.0009549999999904912,-3.499999998268777e-05,5.000000030008778e-06,8472,0,1,0,1,1,0,1.9000000000000001,2394.4292213501712,75.27172769066446,24345.59952482398,6129,0
1007.5,1.3,8.5,-3.2,1398.3673,72.04205,0.04629999999997381,0.0012000000001535227,0.0003000000003794412,-0.0009950000000031878,-4.0000000012696546e-05,-5.000000030008778e-06,8473,0,1,0,1,1,0,1.9000000000000001,2394.3116780505075,75.27134656278027,24347.277565651104,6130,0
1007.25,1.3,8.5,-3.2,1398.4146,72.041016,0.04730000000017753,0.0010000000002037268,-0.0001999999999497959,-0.0010340000000041982,-3.900000000101045e-05,1.0000000116860974e-06,8474,0,1,0,1,1,0,1.9000000000000001,2394.1941680707964,75.27096540283186,24348.955663238226,6131,0
1007.25,1.3,8.5,-3.2,1398.4629,72.03994,0.04829999999992651,0.0009999999997489795,-4.547473508864641e-13,-0.0010759999999976344,-4.199999999343618e-05,-2.999999992425728e-06,8475,0,1,0,1,1,0,1.9000000000000001,2394.0766915172253,75.27058420587541,24350.63381878535,6132,0
1009.25,1.3,8.5,-3.2,1398.5122,72.038826,0.049299999999902866,0.0009999999999763531,2.2737367544323206e-13,-0.0011140000000011696,-3.8000000003535206e-05,3.999999989900971e-06,8476,0,1,0,1,1,0,1.9000000000000001,2393.9592484959303,75.27020296744132,24352.312033492482,6133,0
1008.75,1.3,8.5,-3.2,1398.5625,72.037674,0.05030000000010659,0.0010000000002037268,2.2737367544323206e-13,-0.0011520000000047048,-3.8000000003535206e-05,0.0,8477,0,1,0,1,1,0,1.9000000000000001,2393.8418391129985,75.26982168306203,24353.990308559612,6134,0
1009.25,1.3,8.5,-3.2,1398.6139,72.03648,0.051400000000057844,0.001099999999951251,9.999999974752427e-05,-0.001193999999998141,-4.199999999343618e-05,-3.999999989900971e-06,8478,0,1,0,1,1,0,1.9000000000000001,2393.7244634862604,75.26944034780044,24355.668645306745,6135,0
1009.25,1.3,8.5,-3.2,1398.6663,72.03525,0.0524000000000342,0.0009999999999763531,-9.999999997489795e-05,-0.0012299999999925149,-3.5999999994373866e-05,5.999999999062311e-06,8479,0,1,0,1,1,0,1.9000000000000001,2393.607121721698,75.26905895742925,24357.347044933882,6136,0
1008.25,1.3,8.5,-3.2,1398.7196,72.03398,0.05329999999980828,0.0008999999997740815,-0.00010000000020227162,-0.0012700000000052114,-4.0000000012696546e-05,-4.00000001832268e-06,8480,0,1,0,1,1,0,1.9000000000000001,2393.4898139134534,75.2686775072515,24359.02550852102,6137,0
1007.25,1.3,8.5,-3.2,1398.7739,72.03267,0.054300000000012005,0.0010000000002037268,0.0001000000004296453,-0.001310000000003697,-3.999999999848569e-05,1.4210854715202004e-14,8481,0,1,0,1,1,0,1.9000000000000001,2393.3725401674133,75.2682959925725,24360.704037268162,6138,0
1008.25,1.3,8.5,-3.2,1398.8293,72.03131,0.05540000000019063,0.0011000000001786248,9.999999997489795e-05,-0.001359999999991146,-4.999999998744897e-05,-9.999999988963282e-06,8482,0,1,0,1,1,0,1.9000000000000001,2393.255300601202,75.26791440752092,24362.382632495304,6139,0
1009.25,1.3,8.5,-3.2,1398.8859,72.02992,0.056599999999889405,0.0011999999996987754,9.99999995201506e-05,-0.0013900000000006685,-3.000000000952241e-05,1.9999999977926564e-05,8483,0,1,0,1,1,0,1.9000000000000001,2393.1380953441776,75.26753274858557,24364.061295642452,6140,0
1008.25,1.3,8.5,-3.2,1398.9432,72.02849,0.057299999999941065,0.0007000000000516593,-0.0004999999996471161,-0.0014299999999991542,-3.999999999848569e-05,-9.999999988963282e-06,8484,0,1,0,1,1,0,1.9000000000000001,2393.020924466706,75.26715101107837,24365.7400275496,6141,0
1007.75,1.3,8.5,-3.2,1399.0017,72.027016,0.05850000000009459,0.0012000000001535227,0.0005000000001018634,-0.0014740000000017517,-4.400000000259752e-05,-4.0000000041118255e-06,8485,0,1,0,1,1,0,1.9000000000000001,2392.903788098044,75.2667691898421,24367.41882965675,6142,0
1006.75,1.3,8.5,-3.2,1399.0612,72.025505,0.05950000000007094,0.0009999999999763531,-0.00020000000017716957,-0.0015110000000078116,-3.700000000605996e-05,6.999999996537554e-06,8486,0,1,0,1,1,0,1.9000000000000001,2392.78668634382,75.26638728054672,24369.09770316391,6143,0
1005.75,1.3,8.5,-3.2,1399.1217,72.02395,0.06049999999981992,0.0009999999997489795,-2.2737367544323206e-13,-0.0015549999999961983,-4.399999998838666e-05,-6.999999982326699e-06,8487,0,1,0,1,1,0,1.9000000000000001,2392.6696193096136,75.26600527803959,24370.776649271065,6144,0
1007.25,1.3,8.5,-3.2,1399.1832,72.022354,0.06150000000002365,0.0010000000002037268,4.547473508864641e-13,-0.0015959999999921592,-4.0999999995960934e-05,2.999999992425728e-06,8488,0,1,0,1,1,0,1.9000000000000001,2392.552587100954,75.26562317752385,24372.455669178227,6145,0
1006.25,1.3,8.5,-3.2,1399.2457,72.02071,0.0625,0.0009999999999763531,-2.2737367544323206e-13,-0.0016440000000130794,-4.80000000209202e-05,-7.000000024959263e-06,8489,0,1,0,1,1,0,1.9000000000000001,2392.4355898233216,75.26524097338044,24374.13476408539,6146,0
1004.75,1.3,8.5,-3.2,1399.3092,72.01904,0.06349999999997635,0.0009999999999763531,0.0,-0.0016699999999900683,-2.5999999976988875e-05,2.2000000043931323e-05,8490,0,1,0,1,1,0,1.9000000000000001,2392.318627582146,75.26485866258392,24375.813935192557,6147,0
1005.25,1.3,8.5,-3.2,1399.3738,72.01733,0.06460000000015498,0.0011000000001786248,0.00010000000020227162,-0.0017100000000027649,-4.0000000012696546e-05,-1.4000000035707671e-05,8491,0,1,0,1,1,0,1.9000000000000001,2392.201700494583,75.2644762404616,24377.493183819726,6148,0
1005.5,1.3,8.5,-3.2,1399.4393,72.015564,0.06549999999992906,0.0008999999997740815,-0.00020000000040454324,-0.001766000000003487,-5.600000000072214e-05,-1.5999999988025593e-05,8492,0,1,0,1,1,0,1.9000000000000001,2392.084808654186,75.2640937004592,24379.1725110469,6149,0
1007.25,1.3,8.5,-3.2,1399.5059,72.01376,0.06660000000010768,0.0011000000001786248,0.00020000000040454324,-0.0018039999999928114,-3.799999998932435e-05,1.8000000011397788e-05,8493,0,1,0,1,1,0,1.9000000000000001,2391.967952178008,75.26371103814456,24380.851918194076,6150,0
1006.25,1.3,8.5,-3.2,1399.5734,72.011925,0.06749999999988177,0.0008999999997740815,-0.00020000000040454324,-0.001834999999999809,-3.100000000699765e-05,6.999999982326699e-06,8494,0,1,0,1,1,0,1.9000000000000001,2391.8511311595057,75.26332824991171,24382.531406341255,6151,0
1007.25,1.3,8.5,-3.2,1399.642,72.01004,0.06860000000006039,0.0011000000001786248,0.00020000000040454324,-0.0018850000000014688,-5.000000000165983e-05,-1.8999999994662176e-05,8495,0,1,0,1,1,0,1.9000000000000001,2391.734345715631,75.26294532991997,24384.210976808437,6152,0
1008.75,1.3,8.5,-3.2,1399.7115,72.00812,0.06949999999983447,0.0008999999997740815,-0.00020000000040454324,-0.0019199999999983675,-3.499999999689862e-05,1.5000000004761205e-05,8496,0,1,0,1,1,0,1.9000000000000001,2391.6175959397433,75.26256227409675,24385.890630675625,6153,0
1009.25,1.3,8.5,-3.2,1399.7822,72.00615,0.07070000000021537,0.0012000000003808964,0.00030000000060681487,-0.0019700000000000273,-5.000000000165983e-05,-1.5000000004761205e-05,8497,0,1,0,1,1,0,1.9000000000000001,2391.5008819604614,75.26217907660626,24387.570369382815,6154,0
1007.75,1.3,8.5,-3.2,1399.8538,72.00414,0.07159999999998945,0.0008999999997740815,-0.00030000000060681487,-0.002009999999998513,-3.999999999848569e-05,1.0000000003174137e-05,8498,0,1,0,1,1,0,1.9000000000000001,2391.384203871044,75.2617957327921,24389.25019401001,6155,0
1007.25,1.3,8.5,-3.2,1399.9264,72.00209,0.0725999999999658,0.0009999999999763531,0.00010000000020227162,-0.0020500000000112095,-4.0000000012696546e-05,-1.4210854715202004e-14,8499,0,1,0,1,1,0,1.9000000000000001,2391.2675617764708,75.261412238,24390.930105757205,6156,0
1005.75,1.3,8.5,-3.2,1400.0,72.0,0.07359999999994216,0.0009999999999763531,0.0,-0.0020899999999954844,-3.9999999984274837e-05,2.842170943040401e-14,8500,0,1,0,1,1,0,1.9000000000000001,2391.1509557816726,75.26102858757794,24392.610105824406,6157,0
1006.75,1.3,8.5,-3.2,1400.0746,71.99786,0.07459999999991851,0.0009999999999763531,0.0,-0.002139999999997144,-5.000000000165983e-05,-1.0000000017384991e-05,8501,0,1,0,1,1,0,1.9000000000000001,2391.0343859915315,75.26064477569983,24394.290195411606,6158,0
1005.75,1.3,8.5,-3.2,1400.1503,71.99569,0.07570000000009713,0.0011000000001786248,0.00010000000020227162,-0.0021700000000066666,-3.000000000952241e-05,1.9999999992137418e-05,8502,0,1,0,1,1,0,1.9000000000000001,2390.917852522639,75.2602607988945,24395.970375838813,6159,0
1004.75,1.3,8.5,-3.2,1400.2269,71.99347,0.07659999999987122,0.0008999999997740815,-0.00020000000040454324,-0.0022199999999941156,-4.999999998744897e-05,-1.9999999977926564e-05,8503,0,1,0,1,1,0,1.9000000000000001,2390.801355468015,75.25987665134055,24397.650648186027,6160,0
1005.25,1.3,8.5,-3.2,1400.3046,71.99121,0.07770000000004984,0.0011000000001786248,0.00020000000040454324,-0.002260000000006812,-4.0000000012696546e-05,9.999999974752427e-06,8504,0,1,0,1,1,0,1.9000000000000001,2390.6848949441505,75.25949232839507,24399.33101377324,6161,0
1005.25,1.3,8.5,-3.2,1400.3832,71.988914,0.0786000000000513,0.0009000000000014552,-0.00020000000017716957,-0.002296000000001186,-3.5999999994373866e-05,4.00000001832268e-06,8505,0,1,0,1,1,0,1.9000000000000001,2390.568471043969,75.25910782588761,24401.011473680457,6162,0
1004.25,1.3,8.5,-3.2,1400.4628,71.98657,0.07960000000002765,0.0009999999999763531,9.999999997489795e-05,-0.0023439999999936845,-4.799999999249849e-05,-1.1999999998124622e-05,8506,0,1,0,1,1,0,1.9000000000000001,2390.4520838721055,75.25872313823909,24402.692029107682,6163,0
1003.75,1.3,8.5,-3.2,1400.5435,71.984184,0.0806999999999789,0.001099999999951251,9.999999997489795e-05,-0.0023860000000013315,-4.200000000764703e-05,5.999999984851456e-06,8507,0,1,0,1,1,0,1.9000000000000001,2390.335733544899,75.25833826057828,24404.372681374905,6164,0
1000.75,1.3,8.5,-3.0,1400.6251,71.98176,0.08159999999998035,0.0009000000000014552,-0.0001999999999497959,-0.0024240000000048667,-3.8000000003535206e-05,4.0000000041118255e-06,8508,0,1,0,1,1,0,1.7,2390.21942015513,75.25795318850629,24406.053431562137,6165,0
1000.5,1.3,8.5,-3.0,1400.7078,71.979294,0.0826999999999316,0.001099999999951251,0.0001999999999497959,-0.002465999999998303,-4.199999999343618e-05,-3.999999989900971e-06,8509,0,1,0,1,1,0,1.7,2390.103143819036,75.25756791715628,24407.73428098937,6166,0
1000.25,1.3,8.5,-3.0,1400.7914,71.97678,0.08360000000016043,0.0009000000002288289,-0.00019999999972242222,-0.0025139999999908014,-4.799999999249849e-05,-5.999999999062311e-06,8510,0,1,0,1,1,0,1.7,2389.9869046293034,75.25718244095876,24409.41523073661,6167,0
1000.0,1.3,8.5,-3.0,1400.876,71.974236,0.08459999999990941,0.0009999999997489795,9.99999995201506e-05,-0.0025440000000003238,-3.000000000952241e-05,1.7999999982976078e-05,8511,0,1,0,1,1,0,1.7,2389.87070269032,75.25679675646147,24411.09628200385,6168,0
1000.25,1.3,8.5,-3.0,1400.9617,71.97165,0.08570000000008804,0.0011000000001786248,0.0001000000004296453,-0.002586000000007971,-4.200000000764703e-05,-1.1999999998124622e-05,8512,0,1,0,1,1,0,1.7,2389.754538118172,75.25641085880417,24412.777436111097,6169,0
999.25,1.3,8.5,-3.0,1401.0483,71.96902,0.08659999999986212,0.0008999999997740815,-0.00020000000040454324,-0.0026299999999963575,-4.399999998838666e-05,-1.9999999807396307e-06,8513,0,1,0,1,1,0,1.7,2389.6384110054028,75.25602474289406,24414.458694138346,6170,0
1000.25,1.3,8.5,-3.0,1401.136,71.96635,0.08770000000004075,0.0011000000001786248,0.00020000000040454324,-0.002669999999994843,-3.999999999848569e-05,3.999999989900971e-06,8514,0,1,0,1,1,0,1.7,2389.5223214679977,75.2556384041104,24416.140057405602,6171,0
1001.25,1.3,8.5,-3.0,1401.2246,71.96364,0.0886000000000422,0.0009000000000014552,-0.00020000000017716957,-0.0027100000000075397,-4.0000000012696546e-05,-1.4210854715202004e-14,8515,0,1,0,1,1,0,1.7,2389.406269598403,75.25525183783466,24417.821526992862,6172,0
1001.0,1.3,8.5,-3.0,1401.3142,71.960884,0.08960000000001855,0.0009999999999763531,9.999999997489795e-05,-0.0027560000000050877,-4.5999999997548e-05,-5.999999984851456e-06,8516,0,1,0,1,1,0,1.7,2389.290255500763,75.25486503874605,24419.503104100124,6173,0
1001.75,1.3,8.5,-3.0,1401.4049,71.95809,0.0906999999999698,0.001099999999951251,9.999999997489795e-05,-0.002793999999994412,-3.799999998932435e-05,8.000000008223651e-06,8517,0,1,0,1,1,0,1.7,2389.1742792909135,75.25447800246538,24421.18479004739,6174,0
1001.75,1.3,8.5,-3.0,1401.4965,71.95526,0.09159999999997126,0.0009000000000014552,-0.0001999999999497959,-0.002830000000002997,-3.600000000858472e-05,1.9999999807396307e-06,8518,0,1,0,1,1,0,1.7,2389.0583410611575,75.25409072485033,24422.866585914664,6175,0
1003.75,1.3,8.5,-3.0,1401.5891,71.95239,0.09259999999994761,0.0009999999999763531,9.999999997489795e-05,-0.0028700000000014825,-3.999999999848569e-05,-3.999999989900971e-06,8519,0,1,0,1,1,0,1.7,2388.942440915493,75.25370320129107,24424.54849290194,6176,0
1003.5,1.3,8.5,-3.0,1401.6827,71.94948,0.09360000000015134,0.0010000000002037268,2.2737367544323206e-13,-0.002909999999999968,-3.999999999848569e-05,0.0,8520,0,1,0,1,1,0,1.7,2388.826578957869,75.25331542717991,24426.23051220922,6177,0
1003.25,1.3,8.5,-3.0,1401.7773,71.946526,0.09459999999990032,0.0009999999997489795,-4.547473508864641e-13,-0.002953999999988355,-4.399999998838666e-05,-3.999999989900971e-06,8521,0,1,0,1,1,0,1.7,2388.7107552921852,75.25292739744191,24427.912645036504,6178,0
1003.75,1.3,8.5,-3.0,1401.8729,71.943535,0.09560000000010405,0.0010000000002037268,4.547473508864641e-13,-0.0029910000000086256,-3.700000002027082e-05,6.999999968115844e-06,8522,0,1,0,1,1,0,1.7,2388.5949700222923,75.2525391078259,24429.594892583795,6179,0
1003.75,1.3,8.5,-3.0,1401.9696,71.940506,0.09669999999982792,0.0010999999997238774,9.99999995201506e-05,-0.00302899999999795,-3.799999998932435e-05,-9.999999690535333e-07,8523,0,1,0,1,1,0,1.7,2388.4792232637255,75.25215055396528,24431.27725617109,6180,0
1002.75,1.3,8.5,-3.0,1402.0671,71.93743,0.09750000000008185,0.0008000000002539309,-0.0002999999994699465,-0.0030759999999929732,-4.6999999995023245e-05,-9.000000005698894e-06,8524,0,1,0,1,1,0,1.7,2388.3635150967743,75.25176173043988,24432.95973675839,6181,0
1004.75,1.3,8.5,-3.0,1402.1658,71.93432,0.098700000000008,0.001199999999926149,0.0003999999996722181,-0.0031100000000066075,-3.4000000013634235e-05,1.299999998138901e-05,8525,0,1,0,1,1,0,1.7,2388.247845648604,75.25137263335678,24434.642335785695,6182,0
1002.25,1.3,8.5,-3.0,1402.2653,71.93117,0.09950000000003456,0.0008000000000265572,-0.0003999999998995918,-0.003150000000005093,-3.999999999848569e-05,-5.999999984851456e-06,8526,0,1,0,1,1,0,1.7,2388.132214999414,75.25098325812125,24436.325054213,6183,0
1002.25,1.3,8.5,-3.0,1402.3658,71.92798,0.10050000000001091,0.0009999999999763531,0.0001999999999497959,-0.003189999999989368,-3.9999999984274837e-05,1.4210854715202004e-14,8527,0,1,0,1,1,0,1.7,2388.016623252814,75.2505936001407,24438.007893240316,6184,0
1002.75,1.3,8.5,-3.0,1402.4674,71.92475,0.10159999999996217,0.001099999999951251,9.999999997489795e-05,-0.0032300000000020646,-4.0000000012696546e-05,-2.842170943040401e-14,8528,0,1,0,1,1,0,1.7,2387.9010705240944,75.25020365482472,24439.690854187633,6185,0
1002.75,1.3,8.5,-3.0,1402.57,71.921486,0.10259999999993852,0.0009999999999763531,-9.999999997489795e-05,-0.003264000000001488,-3.399999999942338e-05,6.000000013273166e-06,8529,0,1,0,1,1,0,1.7,2387.7855569167646,75.2498134182884,24441.373938254957,6186,0
1002.75,1.3,8.5,-3.0,1402.6735,71.91818,0.10350000000016735,0.0009000000002288289,-9.999999974752427e-05,-0.003305999999994924,-4.199999999343618e-05,-7.999999994012796e-06,8530,0,1,0,1,1,0,1.7,2387.670082522565,75.24942288571093,24443.057146522286,6187,0
1003.75,1.3,8.5,-3.0,1402.778,71.91484,0.10449999999991633,0.0009999999997489795,9.99999995201506e-05,-0.0033400000000085583,-3.4000000013634235e-05,7.999999979801942e-06,8531,0,1,0,1,1,0,1.7,2387.5546474449134,75.24903205321144,24444.74048018962,6188,0
1003.5,1.3,8.5,-3.0,1402.8835,71.91145,0.10549999999989268,0.0009999999999763531,2.2737367544323206e-13,-0.0033899999999960073,-4.999999998744897e-05,-1.5999999973814738e-05,8532,0,1,0,1,1,0,1.7,2387.4392517871793,75.24864091503574,24446.423940456956,6189,0
1004.25,1.3,8.5,-3.0,1402.99,71.908035,0.1065000000000964,0.0010000000002037268,2.2737367544323206e-13,-0.0034150000000039427,-2.500000000793534e-05,2.4999999979513632e-05,8533,0,1,0,1,1,0,1.7,2387.3238956526834,75.24824946836185,24448.107528524302,6190,0
1002.75,1.3,8.5,-3.0,1403.0974,71.90457,0.10740000000009786,0.0009000000000014552,-0.00010000000020227162,-0.0034649999999913916,-4.999999998744897e-05,-2.4999999979513632e-05,8534,0,1,0,1,1,0,1.7,2387.208579132982,75.24785770743995,24449.79124547165,6191,0
1001.75,1.3,8.5,-3.0,1403.2059,71.90108,0.10849999999982174,0.0010999999997238774,0.00019999999972242222,-0.003490000000013538,-2.5000000022146196e-05,2.4999999965302777e-05,8535,0,1,0,1,1,0,1.7,2387.093302343018,75.24746562945174,24451.475092619003,6192,0
1001.75,1.3,8.5,-3.0,1403.3154,71.89754,0.10950000000002547,0.0010000000002037268,-9.99999995201506e-05,-0.003539999999986776,-4.999999997323812e-05,-2.4999999951091922e-05,8536,0,1,0,1,1,0,1.7,2386.9780653859666,75.24707322865174,24453.159071166363,6193,0
1000.25,1.3,8.5,-3.0,1403.4258,71.89396,0.11040000000002692,0.0009000000000014552,-0.00010000000020227162,-0.0035799999999994725,-4.0000000012696546e-05,9.999999960541572e-06,8537,0,1,0,1,1,0,1.7,2386.8628683532447,75.24668050046849,24454.843182193727,6194,0
1000.5,1.3,8.5,-3.0,1403.5372,71.89035,0.11140000000000327,0.0009999999999763531,9.999999997489795e-05,-0.003610000000008995,-3.000000000952241e-05,1.0000000003174137e-05,8538,0,1,0,1,1,0,1.7,2386.7477113479326,75.24628744150368,24456.527426901095,6195,0
1000.5,1.3,8.5,-3.0,1403.6497,71.886696,0.11249999999995453,0.001099999999951251,9.999999997489795e-05,-0.0036539999999973816,-4.399999998838666e-05,-1.3999999978864253e-05,8539,0,1,0,1,1,0,1.7,2386.632594484777,75.2458940467213,24458.211806608473,6196,0
999.75,1.3,8.5,-3.0,1403.763,71.88301,0.11329999999998108,0.0008000000000265572,-0.00029999999992469384,-0.0036860000000018545,-3.2000000004472895e-05,1.1999999983913767e-05,8540,0,1,0,1,1,0,1.7,2386.5175178433437,75.24550031249268,24459.896322275854,6197,0
999.75,1.3,8.5,-3.0,1403.8773,71.87929,0.11430000000018481,0.0010000000002037268,0.00020000000017716957,-0.003720000000001278,-3.399999999942338e-05,-1.9999999949504854e-06,8541,0,1,0,1,1,0,1.7,2386.402481526575,75.2451062349567,24461.58097510324,6198,0
999.75,1.3,8.5,-3.0,1403.9927,71.87552,0.11539999999990869,0.0010999999997238774,9.99999995201506e-05,-0.0037700000000029377,-5.000000000165983e-05,-1.6000000002236447e-05,8542,0,1,0,1,1,0,1.7,2386.2874856490694,75.24471180838114,24463.26576641063,6199,0
999.5,1.3,8.5,-3.0,1404.109,71.87172,0.11629999999991014,0.0009000000000014552,-0.00019999999972242222,-0.0037999999999982492,-2.9999999995311555e-05,2.0000000006348273e-05,8543,0,1,0,1,1,0,1.7,2386.1725303019666,75.24431702937734,24464.95069727803,6200,0
999.5,1.3,8.5,-3.0,1404.2263,71.86788,0.11730000000011387,0.0010000000002037268,0.00010000000020227162,-0.003839999999996735,-3.999999999848569e-05,-1.0000000003174137e-05,8544,0,1,0,1,1,0,1.7,2386.057615588063,75.24392189338795,24466.63576890543,6201,0
999.5,1.3,8.5,-3.0,1404.3446,71.864006,0.11829999999986285,0.0009999999997489795,-4.547473508864641e-13,-0.0038739999999961583,-3.399999999942338e-05,5.999999999062311e-06,8545,0,1,0,1,1,0,1.7,2385.94274161011,75.2435263965598,24468.320982492838,6202,0
996.25,1.3,8.5,-3.0,1404.4639,71.86009,0.11930000000006658,0.0010000000002037268,4.547473508864641e-13,-0.003916000000003805,-4.200000000764703e-05,-8.000000008223651e-06,8546,0,1,0,1,1,0,1.7,2385.8279084708083,75.24313053410553,24470.00633924025,6203,0
997.25,1.3,8.5,-3.0,1404.5841,71.85615,0.12020000000006803,0.0009000000000014552,-0.00010000000020227162,-0.003940000000000055,-2.3999999996249244e-05,1.8000000011397788e-05,8547,0,1,0,1,1,0,1.7,2385.7131162611136,75.24273430334581,24471.691840227675,6204,0
998.75,1.3,8.5,-3.0,1404.7053,71.85216,0.12120000000004438,0.0009999999999763531,9.999999997489795e-05,-0.003990000000001714,-5.000000000165983e-05,-2.6000000005410584e-05,8548,0,1,0,1,1,0,1.7,2385.598365083635,75.24233769856123,24473.3774866551,6205,0
1000.25,1.3,8.5,-3.0,1404.8275,71.84814,0.12220000000002074,0.0009999999999763531,0.0,-0.004019999999997026,-2.9999999995311555e-05,2.0000000006348273e-05,8549,0,1,0,1,1,0,1.7,2385.4836550409354,75.24194071637427,24475.06327972253,6206,0
1000.75,1.3,8.5,-3.0,1404.9507,71.84408,0.12319999999999709,0.0009999999999763531,0.0,-0.004059999999995512,-3.999999999848569e-05,-1.0000000003174137e-05,8550,0,1,0,1,1,0,1.7,2385.3689862355277,75.2415433522395,24476.74922062997,6207,0
1000.75,1.3,8.5,-3.0,1405.0748,71.83998,0.12409999999999854,0.0009000000000014552,-9.999999997489795e-05,-0.004100000000008208,-4.0000000012696546e-05,-1.4210854715202004e-14,8551,0,1,0,1,1,0,1.7,2385.254358758185,75.24114560161365,24478.43531045741,6208,0
1000.75,1.3,8.5,-3.0,1405.1998,71.835846,0.125,0.0009000000000014552,0.0,-0.004133999999993421,-3.3999999985212526e-05,6.00000002748402e-06,8552,0,1,0,1,1,0,1.7,2385.139772699638,75.24074746065708,24480.12155028486,6209,0
1000.25,1.3,8.5,-3.0,1405.3259,71.83168,0.12609999999995125,0.001099999999951251,0.0001999999999497959,-0.004165999999997894,-3.2000000004472895e-05,1.9999999807396307e-06,8553,0,1,0,1,1,0,1.7,2385.025228173954,75.24034892576572,24481.80794143232,6210,0
1001.25,1.3,8.5,-3.0,1405.453,71.82748,0.1270999999999276,0.0009999999999763531,-9.999999997489795e-05,-0.004200000000011528,-3.4000000013634235e-05,-2.00000000916134e-06,8554,0,1,0,1,1,0,1.7,2384.9107252834597,75.23994999310345,24483.494485099778,6211,0
1000.25,1.3,8.5,-3.0,1405.581,71.823235,0.12799999999992906,0.0009000000000014552,-9.999999997489795e-05,-0.00424499999999739,-4.4999999985861905e-05,-1.099999997222767e-05,8555,0,1,0,1,1,0,1.7,2384.796264118747,75.23955065755025,24485.181182367247,6212,0
999.25,1.3,8.5,-3.0,1405.7101,71.818954,0.12910000000010768,0.0011000000001786248,0.00020000000017716957,-0.004280999999991764,-3.5999999994373866e-05,8.999999991488039e-06,8556,0,1,0,1,1,0,1.7,2384.6818447937358,75.23915091504031,24486.86803455472,6213,0
998.25,1.3,8.5,-3.0,1405.8401,71.814644,0.12999999999988177,0.0008999999997740815,-0.00020000000040454324,-0.004310000000003811,-2.9000000012047167e-05,6.999999982326699e-06,8557,0,1,0,1,1,0,1.7,2384.567467398925,75.23875076232764,24488.555042742202,6214,0
998.5,1.3,8.5,-3.0,1405.971,71.810295,0.1309000000001106,0.0009000000002288289,4.547473508864641e-13,-0.004349000000004821,-3.900000000101045e-05,-9.999999988963282e-06,8558,0,1,0,1,1,0,1.7,2384.4531320247693,75.23835019499941,24490.242208009688,6215,0
999.25,1.3,8.5,-3.0,1406.1029,71.80591,0.13190000000008695,0.0009999999999763531,9.999999974752427e-05,-0.004384999999999195,-3.5999999994373866e-05,3.000000006636583e-06,8559,0,1,0,1,1,0,1.7,2384.3388387733644,75.23794920899532,24491.92953155718,6216,0
1001.25,1.3,8.5,-3.0,1406.2358,71.80149,0.13289999999983593,0.0009999999997489795,-2.2737367544323206e-13,-0.004419999999996094,-3.499999999689862e-05,9.999999974752427e-07,8560,0,1,0,1,1,0,1.7,2384.2245877467585,75.23754780037379,24493.61701458468,6217,0
1000.25,1.3,8.5,-3.0,1406.3696,71.797035,0.13380000000006476,0.0009000000002288289,-9.99999995201506e-05,-0.004455000000007203,-3.500000001110948e-05,-1.4210854715202004e-14,8561,0,1,0,1,1,0,1.7,2384.110379035272,75.23714596519505,24495.304658172186,6218,0
999.75,1.3,8.5,-3.0,1406.5045,71.79254,0.134900000000016,0.001099999999951251,0.00019999999972242222,-0.004494999999991478,-3.9999999984274837e-05,-4.999999973165359e-06,8562,0,1,0,1,1,0,1.7,2383.99621275254,75.23674369893727,24496.992463639697,6219,0
998.75,1.3,8.5,-3.0,1406.6403,71.78802,0.13580000000001746,0.0009000000000014552,-0.0001999999999497959,-0.004519999999999413,-2.500000000793534e-05,1.4999999976339495e-05,8563,0,1,0,1,1,0,1.7,2383.88208898879,75.23634099883233,24498.680432067216,6220,0
997.25,1.3,8.5,-3.0,1406.7771,71.783455,0.13679999999999382,0.0009999999999763531,9.999999997489795e-05,-0.004564999999999486,-4.500000000007276e-05,-1.9999999992137418e-05,8564,0,1,0,1,1,0,1.7,2383.7680078458843,75.23593785977816,24500.368564654742,6221,0
996.75,1.3,8.5,-3.0,1406.9148,71.77886,0.13769999999999527,0.0009000000000014552,-9.999999997489795e-05,-0.0045950000000090085,-3.000000000952241e-05,1.499999999055035e-05,8565,0,1,0,1,1,0,1.7,2383.653969413962,75.23553427842634,24502.056862482274,6222,0
994.25,1.3,8.5,-3.0,1407.0535,71.77423,0.13869999999997162,0.0009999999999763531,9.999999997489795e-05,-0.004629999999991696,-3.499999998268777e-05,-4.999999973165359e-06,8566,0,1,0,1,1,0,1.7,2383.5399737947937,75.23513025084627,24503.745326749813,6223,0
994.25,1.3,8.5,-3.0,1407.1931,71.76957,0.13959999999997308,0.0009000000000014552,-9.999999997489795e-05,-0.004660000000001219,-3.000000000952241e-05,4.999999973165359e-06,8567,0,1,0,1,1,0,1.7,2383.4260210784314,75.23472577369282,24505.433958537356,6224,0
994.5,1.3,8.5,-3.0,1407.3337,71.76486,0.14059999999994943,0.0009999999999763531,9.999999997489795e-05,-0.0047100000000028786,-5.000000000165983e-05,-1.9999999992137418e-05,8568,0,1,0,1,1,0,1.7,2383.312111366554,75.23432084128837,24507.12275904491,6225,0
995.25,1.3,8.5,-3.0,1407.4753,71.76013,0.14160000000015316,0.0010000000002037268,2.2737367544323206e-13,-0.004729999999995016,-1.9999999992137418e-05,3.000000000952241e-05,8569,0,1,0,1,1,0,1.7,2383.1982447607934,75.23391545145857,24508.81172947247,6226,0
995.25,1.3,8.5,-3.0,1407.6179,71.75536,0.14259999999990214,0.0009999999997489795,-4.547473508864641e-13,-0.0047700000000077125,-4.0000000012696546e-05,-2.0000000020559128e-05,8570,0,1,0,1,1,0,1.7,2383.0844213627347,75.23350959969666,24510.500871020035,6227,0
995.75,1.3,8.5,-3.0,1407.7615,71.75056,0.14360000000010587,0.0010000000002037268,4.547473508864641e-13,-0.004800000000003024,-2.9999999995311555e-05,1.0000000017384991e-05,8571,0,1,0,1,1,0,1.7,2382.970641273915,75.23310328266449,24512.190184887608,6228,0
995.25,1.3,8.5,-3.0,1407.9059,71.74572,0.14439999999990505,0.0007999999997991836,-0.00020000000040454324,-0.004839999999987299,-3.9999999984274837e-05,-9.999999988963282e-06,8572,0,1,0,1,1,0,1.7,2382.856904572495,75.23269649585909,24513.879672035186,6229,0
995.75,1.3,8.5,-3.0,1408.0514,71.74085,0.14550000000008367,0.0011000000001786248,0.0003000000003794412,-0.004870000000011032,-3.0000000023733264e-05,9.999999960541572e-06,8573,0,1,0,1,1,0,1.7,2382.7432113715886,75.23228923594588,24515.569333782772,6230,0
995.75,1.3,8.5,-3.0,1408.1978,71.73595,0.14639999999985776,0.0008999999997740815,-0.00020000000040454324,-0.004899999999992133,-2.99999999811007e-05,4.263256414560601e-14,8574,0,1,0,1,1,0,1.7,2382.629561760933,75.23188149959184,24517.259171210368,6231,0
995.5,1.3,8.5,-3.0,1408.3451,71.731,0.14730000000008658,0.0009000000002288289,4.547473508864641e-13,-0.0049500000000080036,-5.000000001587068e-05,-2.0000000034769982e-05,8575,0,1,0,1,1,0,1.7,2382.515955830224,75.23147328113339,24518.949185397967,6232,0
994.75,1.3,8.5,-3.0,1408.4934,71.72603,0.14830000000006294,0.0009999999999763531,9.999999974752427e-05,-0.004970000000000141,-1.9999999992137418e-05,3.0000000023733264e-05,8576,0,1,0,1,1,0,1.7,2382.4023936807744,75.23106457840737,24520.639377545576,6233,0
993.75,1.3,8.5,-3.0,1408.6427,71.72102,0.1493000000000393,0.0009999999999763531,0.0,-0.005009999999998627,-3.999999999848569e-05,-2.0000000006348273e-05,8577,0,1,0,1,1,0,1.7,2382.2888754138494,75.23065538692003,24522.32974885319,6234,0
994.75,1.3,8.5,-3.0,1408.793,71.71599,0.15029999999978827,0.0009999999997489795,-2.2737367544323206e-13,-0.005029999999990764,-1.9999999992137418e-05,2.0000000006348273e-05,8578,0,1,0,1,1,0,1.7,2382.175401130668,75.230245704511,24524.020300520813,6235,0
995.0,1.3,8.5,-3.0,1408.9441,71.710915,0.1511000000000422,0.0008000000002539309,-0.00019999999949504854,-0.005075000000005048,-4.5000000014283614e-05,-2.5000000022146196e-05,8579,0,1,0,1,1,0,1.7,2382.061970909091,75.22983552610724,24525.71103350844,6236,0
996.75,1.3,8.5,-3.0,1409.0963,71.7058,0.15219999999999345,0.001099999999951251,0.00029999999969732016,-0.005115000000003533,-3.999999999848569e-05,5.000000015797923e-06,8580,0,1,0,1,1,0,1.7,2381.9485848619042,75.22942484722061,24527.401949136078,6237,0
996.5,1.3,8.5,-3.0,1409.2494,71.70066,0.1530999999999949,0.0009000000000014552,-0.0001999999999497959,-0.005139999999997258,-2.4999999993724487e-05,1.5000000004761205e-05,8581,0,1,0,1,1,0,1.7,2381.835243078536,75.22901366511303,24529.093048483723,6238,0
997.75,1.3,8.5,-3.0,1409.4034,71.69549,0.15399999999999636,0.0009000000000014552,0.0,-0.005169999999992569,-2.9999999995311555e-05,-5.000000001587068e-06,8582,0,1,0,1,1,0,1.7,2381.7219456483745,75.2286019764651,24530.784332631374,6239,0
996.75,1.3,8.5,-3.0,1409.5585,71.690285,0.155100000000175,0.0011000000001786248,0.00020000000017716957,-0.005205000000003679,-3.500000001110948e-05,-5.000000015797923e-06,8583,0,1,0,1,1,0,1.7,2381.6086926840635,75.22818977737651,24532.475802899033,6240,0
997.25,1.3,8.5,-3.0,1409.7145,71.68504,0.15599999999994907,0.0008999999997740815,-0.00020000000040454324,-0.005245000000002165,-3.999999999848569e-05,-4.9999999873762135e-06,8584,0,1,0,1,1,0,1.7,2381.4954842748984,75.22777706336633,24534.167460366698,6241,0
996.25,1.3,8.5,-3.0,1409.8715,71.67977,0.15699999999992542,0.0009999999999763531,0.00010000000020227162,-0.005269999999995889,-2.4999999993724487e-05,1.5000000004761205e-05,8585,0,1,0,1,1,0,1.7,2381.3823205217795,75.22736383170277,24535.85930623437,6242,0
995.25,1.3,8.5,-3.0,1410.0293,71.67447,0.15779999999995198,0.0008000000000265572,-0.0001999999999497959,-0.0053000000000054115,-3.000000000952241e-05,-5.000000015797923e-06,8586,0,1,0,1,1,0,1.7,2381.269201502271,75.22695007907302,24537.551341462055,6243,0
994.25,1.3,8.5,-3.0,1410.1881,71.669136,0.1588000000001557,0.0010000000002037268,0.00020000000017716957,-0.005334000000004835,-3.399999999942338e-05,-3.999999989900971e-06,8587,0,1,0,1,1,0,1.7,2381.156127317187,75.22653580170005,24539.24356724974,6244,0
995.25,1.3,8.5,-3.0,1410.3479,71.663765,0.15979999999990468,0.0009999999997489795,-4.547473508864641e-13,-0.005370999999996684,-3.699999999184911e-05,-2.999999992425728e-06,8588,0,1,0,1,1,0,1.7,2381.0430980672954,75.22612099545931,24540.935984797437,6245,0
996.25,1.3,8.5,-3.0,1410.5087,71.65836,0.1608000000001084,0.0010000000002037268,4.547473508864641e-13,-0.005404999999996107,-3.399999999942338e-05,2.999999992425728e-06,8589,0,1,0,1,1,0,1.7,2380.930113853318,75.22570565657742,24542.628595305145,6246,0
995.25,1.3,8.5,-3.0,1410.6704,71.65293,0.1616999999998825,0.0008999999997740815,-0.0001000000004296453,-0.005430000000004043,-2.500000000793534e-05,8.999999991488039e-06,8590,0,1,0,1,1,0,1.7,2380.817174764288,75.22528978233035,24544.321399852855,6247,0
993.75,1.3,8.5,-3.0,1410.833,71.64746,0.16260000000011132,0.0009000000002288289,4.547473508864641e-13,-0.005470000000002528,-3.999999999848569e-05,-1.499999999055035e-05,8591,0,1,0,1,1,0,1.7,2380.7042808891993,75.22487336824953,24546.014399520576,6248,0
992.25,1.3,8.5,-3.0,1410.9966,71.64197,0.1635999999998603,0.0009999999997489795,9.99999995201506e-05,-0.005489999999994666,-1.9999999992137418e-05,2.0000000006348273e-05,8592,0,1,0,1,1,0,1.7,2380.5914323286397,75.22445641219598,24547.707595508302,6249,0
992.25,1.3,8.5,-3.0,1411.1611,71.63644,0.16450000000008913,0.0009000000002288289,-9.99999995201506e-05,-0.005530000000007362,-4.0000000012696546e-05,-2.0000000020559128e-05,8593,0,1,0,1,1,0,1.7,2380.478629171515,75.22403890970443,24549.40098889604,6250,0
992.5,1.3,8.5,-3.0,1411.3267,71.630875,0.16560000000004038,0.001099999999951251,0.00019999999972242222,-0.00556499999999005,-3.499999998268777e-05,5.000000030008778e-06,8594,0,1,0,1,1,0,1.7,2380.3658715299593,75.22362085689355,24551.094581003785,6251,0
995.75,1.3,8.5,-3.0,1411.493,71.62528,0.16629999999986467,0.0006999999998242856,-0.00040000000012696546,-0.0055949999999995725,-3.000000000952241e-05,4.999999973165359e-06,8595,0,1,0,1,1,0,1.7,2380.2531594695206,75.22320225046533,24552.788372671534,6252,0
995.75,1.3,8.5,-3.0,1411.6605,71.61965,0.1675000000000182,0.0012000000001535227,0.0005000000003292371,-0.005630000000010682,-3.500000001110948e-05,-5.000000001587068e-06,8596,0,1,0,1,1,0,1.7,2380.140493113877,75.22278308654182,24554.482365339296,6253,0
995.5,1.3,8.5,-3.0,1411.8289,71.614,0.16840000000001965,0.0009000000000014552,-0.0003000000001520675,-0.005649999999988609,-1.9999999977926564e-05,1.5000000033182914e-05,8597,0,1,0,1,1,0,1.7,2380.0278725517564,75.22236336299139,24556.17656008706,6254,0
995.25,1.4,8.5,-3.0,1411.998,71.608315,0.1691000000000713,0.0007000000000516593,-0.0001999999999497959,-0.005684999999999718,-3.500000001110948e-05,-1.5000000033182914e-05,8598,0,1,0,1,1,0,1.6,2379.915297848587,75.22194307593907,24557.87095775484,6255,0
996.25,1.4,8.5,-3.0,1412.1683,71.60259,0.17029999999999745,0.001199999999926149,0.0004999999998744897,-0.005724999999998204,-3.999999999848569e-05,-4.9999999873762135e-06,8599,0,1,0,1,1,0,1.6,2379.802769127907,75.22152222093023,24559.565559782623,6256,0
996.5,1.4,8.5,-3.0,1412.3395,71.59684,0.1711999999999989,0.0009000000000014552,-0.00029999999992469384,-0.005750000000006139,-2.500000000793534e-05,1.499999999055035e-05,8600,0,1,0,1,1,0,1.6,2379.6902864783165,75.22110079525636,24561.260367250416,6257,0
997.25,1.4,8.5,-3.0,1412.5116,71.591064,0.17210000000000036,0.0009000000000014552,0.0,-0.005775999999997339,-2.599999999119973e-05,-9.99999983264388e-07,8601,0,1,0,1,1,0,1.6,2379.577849988375,75.22067879609394,24562.955381238215,6258,0
996.75,1.4,8.5,-3.0,1412.6847,71.58525,0.17309999999997672,0.0009999999999763531,9.999999997489795e-05,-0.005814000000000874,-3.8000000003535206e-05,-1.2000000012335477e-05,8602,0,1,0,1,1,0,1.6,2379.465459758224,75.22025621922586,24564.650602946025,6259,0
995.75,1.4,8.5,-3.0,1412.8586,71.57941,0.17390000000000327,0.0008000000000265572,-0.0001999999999497959,-0.005840000000006285,-2.6000000005410584e-05,1.1999999998124622e-05,8603,0,1,0,1,1,0,1.6,2379.3531158647143,75.21983306183171,24566.34603333384,6260,0
995.75,1.4,8.5,-3.0,1413.0337,71.57354,0.17509999999992942,0.001199999999926149,0.0003999999998995918,-0.005870000000001596,-2.9999999995311555e-05,-3.999999989900971e-06,8604,0,1,0,1,1,0,1.6,2379.240818431145,75.21940932062755,24568.041673841668,6261,0
996.75,1.4,8.5,-3.0,1413.2095,71.567635,0.17579999999998108,0.0007000000000516593,-0.0004999999998744897,-0.005904999999998495,-3.499999999689862e-05,-5.000000001587068e-06,8605,0,1,0,1,1,0,1.6,2379.1285675226586,75.21898499174995,24569.7375253095,6262,0
996.75,1.4,8.5,-3.0,1413.3864,71.5617,0.1769000000001597,0.0011000000001786248,0.00040000000012696546,-0.005934999999993806,-2.9999999995311555e-05,5.000000001587068e-06,8606,0,1,0,1,1,0,1.6,2379.0163632508425,75.2185600719182,24571.433589057342,6263,0
998.25,1.4,8.5,-3.0,1413.5641,71.55573,0.1776999999999589,0.0007999999997991836,-0.0003000000003794412,-0.005970000000004916,-3.500000001110948e-05,-5.000000015797923e-06,8607,0,1,0,1,1,0,1.6,2378.9042056923795,75.21813455727231,24573.129866045194,6264,0
998.75,1.4,8.5,-3.0,1413.7428,71.54974,0.17869999999993524,0.0009999999999763531,0.00020000000017716957,-0.005989999999997053,-1.9999999992137418e-05,1.500000001897206e-05,8608,0,1,0,1,1,0,1.6,2378.792094947148,75.21770844569637,24574.826357473055,6265,0
997.75,1.4,8.5,-3.0,1413.9225,71.54372,0.1796999999999116,0.0009999999999763531,0.0,-0.006020000000006576,-3.000000000952241e-05,-1.0000000017384991e-05,8609,0,1,0,1,1,0,1.6,2378.6800311149823,75.21728173391405,24576.52306454092,6266,0
998.75,1.4,8.5,-3.0,1414.1031,71.53767,0.18060000000014043,0.0009000000002288289,-9.999999974752427e-05,-0.006049999999987676,-2.99999999811007e-05,2.842170943040401e-14,8610,0,1,0,1,1,0,1.6,2378.568014284055,75.21685441865056,24578.219988328798,6267,0
999.25,1.4,8.5,-3.0,1414.2847,71.53158,0.1815999999998894,0.0009999999997489795,9.99999995201506e-05,-0.006090000000000373,-4.0000000012696546e-05,-1.0000000031595846e-05,8611,0,1,0,1,1,0,1.6,2378.4560445541106,75.21642649547142,24579.917130036683,6268,0
999.25,1.4,8.5,-3.0,1414.467,71.52547,0.18230000000016844,0.000700000000279033,-0.0002999999994699465,-0.006110000000006721,-2.0000000006348273e-05,2.0000000006348273e-05,8612,0,1,0,1,1,0,1.6,2378.344121990015,75.21599796226634,24581.61449050458,6269,0
999.25,1.4,8.5,-3.0,1414.6505,71.519325,0.1834999999998672,0.0011999999996987754,0.0004999999994197424,-0.00614500000000362,-3.499999999689862e-05,-1.499999999055035e-05,8613,0,1,0,1,1,0,1.6,2378.2322467146505,75.2155688151846,24583.312071172484,6270,0
998.25,1.4,8.5,-3.0,1414.8348,71.513145,0.18430000000012114,0.0008000000002539309,-0.00039999999944484443,-0.006180000000000518,-3.499999999689862e-05,0.0,8614,0,1,0,1,1,0,1.6,2378.1204188044107,75.21513905037725,24585.009873000396,6271,0
999.25,1.4,8.5,-3.0,1415.0201,71.50695,0.18529999999987012,0.0009999999997489795,0.00019999999949504854,-0.006194999999991069,-1.499999999055035e-05,2.0000000006348273e-05,8615,0,1,0,1,1,0,1.6,2378.0086383588673,75.21470866631847,24586.707897188317,6272,0
999.0,1.4,8.5,-3.0,1415.2063,71.50072,0.18620000000009895,0.0009000000002288289,-9.99999995201506e-05,-0.006230000000002178,-3.500000001110948e-05,-2.0000000020559128e-05,8616,0,1,0,1,1,0,1.6,2377.896905465939,75.21427765916212,24588.406144816247,6273,0
998.75,1.4,8.5,-3.0,1415.3934,71.49445,0.18709999999987303,0.0008999999997740815,-4.547473508864641e-13,-0.006270000000000664,-3.999999999848569e-05,-4.9999999873762135e-06,8617,0,1,0,1,1,0,1.6,2377.785220213507,75.21384602448364,24590.104616964185,6274,0
998.25,1.4,8.5,-3.0,1415.5815,71.48817,0.18810000000007676,0.0010000000002037268,0.0001000000004296453,-0.006280000000003838,-1.0000000003174137e-05,2.9999999995311555e-05,8618,0,1,0,1,1,0,1.6,2377.6735827010093,75.21341376134123,24591.803314832134,6275,0
997.75,1.4,8.5,-3.0,1415.7706,71.48184,0.18910000000005311,0.0009999999999763531,-2.2737367544323206e-13,-0.006329999999991287,-4.999999998744897e-05,-3.9999999984274837e-05,8619,0,1,0,1,1,0,1.6,2377.561993027842,75.21298086415314,24593.50223962009,6276,0
997.25,1.4,8.5,-3.0,1415.9606,71.475494,0.19000000000005457,0.0009000000000014552,-9.999999997489795e-05,-0.006346000000007734,-1.6000000016447302e-05,3.399999997100167e-05,8620,0,1,0,1,1,0,1.6,2377.450451281754,75.21254733128409,24595.201392408057,6277,0
997.0,1.4,8.5,-3.0,1416.1514,71.469124,0.19079999999985375,0.0007999999997991836,-0.00010000000020227162,-0.006370000000003984,-2.3999999996249244e-05,-7.999999979801942e-06,8621,0,1,0,1,1,0,1.6,2377.338957538854,75.21211316017165,24596.90077415603,6278,0
995.75,1.4,8.5,-3.0,1416.3433,71.462715,0.19190000000003238,0.0011000000001786248,0.0003000000003794412,-0.006408999999990783,-3.8999999986799594e-05,-1.499999999055035e-05,8622,0,1,0,1,1,0,1.6,2377.227511910008,75.21167834651514,24598.600386184014,6279,0
995.75,1.4,8.5,-3.0,1416.536,71.45628,0.19270000000005894,0.0008000000000265572,-0.0003000000001520675,-0.006434999999996194,-2.6000000005410584e-05,1.299999998138901e-05,8623,0,1,0,1,1,0,1.6,2377.116114471243,75.21124288752318,24600.30022945201,6280,0
994.25,1.4,8.5,-3.0,1416.7296,71.44982,0.19359999999983302,0.0008999999997740815,9.999999974752427e-05,-0.006460000000004129,-2.500000000793534e-05,9.999999974752427e-07,8624,0,1,0,1,1,0,1.6,2377.004765310145,75.21080678052175,24602.000305040012,6281,0
994.25,1.4,8.5,-3.0,1416.9242,71.44333,0.19460000000003674,0.0010000000002037268,0.0001000000004296453,-0.006489999999999441,-2.9999999995311555e-05,-4.9999999873762135e-06,8625,0,1,0,1,1,0,1.6,2376.893464525852,75.21037002225829,24603.700614148023,6282,0
994.25,1.4,8.5,-3.0,1417.1198,71.43681,0.1956000000000131,0.0009999999999763531,-2.2737367544323206e-13,-0.006520000000008963,-3.000000000952241e-05,-1.4210854715202004e-14,8626,0,1,0,1,1,0,1.6,2376.7822122174566,75.20993260948185,24605.401157976044,6283,0
994.25,1.4,8.5,-3.0,1417.3163,71.43027,0.19650000000001455,0.0009000000000014552,-9.999999997489795e-05,-0.0065400000000011005,-1.9999999992137418e-05,1.0000000017384991e-05,8627,0,1,0,1,1,0,1.6,2376.6710084724155,75.20949454010199,24607.10193760408,6284,0
994.0,1.4,8.5,-3.0,1417.5137,71.42369,0.197400000000016,0.0009000000000014552,0.0,-0.006579999999999586,-3.999999999848569e-05,-2.0000000006348273e-05,8628,0,1,0,1,1,0,1.6,2376.5598533781435,75.20905580971144,24608.802954112118,6285,0
992.25,1.4,8.5,-3.0,1417.7119,71.41709,0.19820000000004256,0.0008000000000265572,-9.999999997489795e-05,-0.006599999999991724,-1.9999999992137418e-05,2.0000000006348273e-05,8629,0,1,0,1,1,0,1.6,2376.448747010429,75.20861641622248,24610.504208460166,6286,0
992.5,1.4,8.5,-3.0,1417.9111,71.41046,0.19920000000001892,0.0009999999999763531,0.0001999999999497959,-0.006630000000001246,-3.000000000952241e-05,-1.0000000017384991e-05,8630,0,1,0,1,1,0,1.6,2376.337689468196,75.20817635638976,24612.205701848226,6287,0
992.5,1.4,8.5,-3.0,1418.1113,71.4038,0.20019999999999527,0.0009999999999763531,0.0,-0.0066599999999965576,-2.9999999995311555e-05,1.4210854715202004e-14,8631,0,1,0,1,1,0,1.6,2376.2266808503246,75.20773562696941,24613.907435476296,6288,0
991.75,1.4,8.5,-3.0,1418.3125,71.39712,0.20119999999997162,0.0009999999999763531,0.0,-0.006680000000002906,-2.0000000006348273e-05,9.999999988963282e-06,8632,0,1,0,1,1,0,1.6,2376.115721255647,75.20729422587745,24615.609410544377,6289,0
992.25,1.4,8.5,-3.0,1418.5145,71.3904,0.20199999999999818,0.0008000000000265572,-0.0001999999999497959,-0.0067200000000013915,-3.999999999848569e-05,-1.9999999992137418e-05,8633,0,1,0,1,1,0,1.6,2376.004810759787,75.20685214871438,24617.311628012463,6290,0
993.75,1.4,8.5,-3.0,1418.7174,71.38366,0.20289999999999964,0.0009000000000014552,9.999999997489795e-05,-0.006739999999993529,-1.9999999992137418e-05,2.0000000006348273e-05,8634,0,1,0,1,1,0,1.6,2375.893949449913,75.20640939339896,24619.014088960565,6291,0
993.25,1.4,8.5,-3.0,1418.9213,71.37689,0.203899999999976,0.0009999999999763531,9.999999997489795e-05,-0.006770000000003051,-3.000000000952241e-05,-1.0000000017384991e-05,8635,0,1,0,1,1,0,1.6,2375.783137424734,75.2059659566929,24620.716794588672,6292,0
991.25,1.4,8.5,-3.0,1419.1261,71.3701,0.20479999999997744,0.0009000000000014552,-9.999999997489795e-05,-0.0067900000000094,-2.0000000006348273e-05,1.0000000003174137e-05,8636,0,1,0,1,1,0,1.6,2375.6723747713327,75.2055218365173,24622.41974597679,6293,0
990.25,1.4,8.5,-3.0,1419.3318,71.36328,0.2056999999999789,0.0009000000000014552,0.0,-0.0068199999999905,-2.99999999811007e-05,-9.999999974752427e-06,8637,0,1,0,1,1,0,1.6,2375.561661576754,75.20507702963648,24624.12294420492,6294,0
990.0,1.5,8.5,-3.0,1419.5385,71.35643,0.20670000000018263,0.0010000000002037268,0.00010000000020227162,-0.006850000000000023,-3.000000000952241e-05,-2.842170943040401e-14,8638,0,1,0,1,1,0,1.5,2375.450997939576,75.2046315328163,24625.826390473056,6295,0
989.25,1.5,8.5,-3.0,1419.746,71.349556,0.2074999999999818,0.0007999999997991836,-0.00020000000040454324,-0.006873999999996272,-2.3999999996249244e-05,6.000000013273166e-06,8639,0,1,0,1,1,0,1.5,2375.340383935185,75.20418534351852,24627.530085741204,6296,0
989.75,1.5,8.5,-3.0,1419.9545,71.34266,0.20849999999995816,0.0009999999999763531,0.00020000000017716957,-0.006896000000011782,-2.2000000015509613e-05,1.9999999807396307e-06,8640,0,1,0,1,1,0,1.5,2375.2298196620764,75.20373845943757,24629.234031209362,6297,0
989.75,1.5,8.5,-3.0,1420.1638,71.33573,0.20929999999998472,0.0008000000000265572,-0.0001999999999497959,-0.006929999999996994,-3.3999999985212526e-05,-1.1999999969702912e-05,8641,0,1,0,1,1,0,1.5,2375.1193051955565,75.20329087688035,24630.93822783753,6298,0
987.75,1.5,8.5,-3.0,1420.3741,71.32877,0.21029999999996107,0.0009999999999763531,0.0001999999999497959,-0.006959999999992306,-2.9999999995311555e-05,3.999999989900971e-06,8642,0,1,0,1,1,0,1.5,2375.008840634039,75.20284259261831,24632.642676825708,6299,0
987.25,1.5,8.5,-3.0,1420.5854,71.32179,0.21129999999993743,0.0009999999999763531,0.0,-0.006980000000012865,-2.0000000020559128e-05,9.999999974752427e-06,8643,0,1,0,1,1,0,1.5,2374.8984260758907,75.2023936045812,24634.347379373896,6300,0
986.75,1.5,8.5,-3.0,1420.7976,71.31479,0.21220000000016626,0.0009000000002288289,-9.999999974752427e-05,-0.006999999999990791,-1.9999999977926564e-05,4.263256414560601e-14,8644,0,1,0,1,1,0,1.5,2374.7880616078655,75.20194391069982,24636.052336562094,6301,0
984.75,1.5,8.5,-3.0,1421.0106,71.307755,0.21299999999996544,0.0007999999997991836,-0.0001000000004296453,-0.007035000000001901,-3.500000001110948e-05,-1.5000000033182914e-05,8645,0,1,0,1,1,0,1.5,2374.677747305112,75.20149350717095,24637.757549350303,6302,0
983.75,1.5,8.5,-3.0,1421.2246,71.3007,0.2139999999999418,0.0009999999999763531,0.00020000000017716957,-0.007054999999994038,-1.9999999992137418e-05,1.500000001897206e-05,8646,0,1,0,1,1,0,1.5,2374.567483265873,75.20104239192784,24639.46301893852,6303,0
982.75,1.5,8.5,-3.0,1421.4395,71.29361,0.21489999999994325,0.0009000000000014552,-9.999999997489795e-05,-0.007090000000005148,-3.500000001110948e-05,-1.500000001897206e-05,8647,0,1,0,1,1,0,1.5,2374.457269576781,75.20059056117022,24641.16874640675,6304,0
982.75,1.5,8.5,-3.0,1421.6553,71.2865,0.2157999999999447,0.0009000000000014552,0.0,-0.007109999999997285,-1.9999999992137418e-05,1.500000001897206e-05,8648,0,1,0,1,1,0,1.5,2374.3471063244306,75.20013801283386,24642.87473283499,6305,0
982.25,1.5,8.5,-3.0,1421.8721,71.279366,0.21680000000014843,0.0010000000002037268,0.00010000000020227162,-0.007134000000007745,-2.40000000104601e-05,-4.00000001832268e-06,8649,0,1,0,1,1,0,1.5,2374.2369936069363,75.19968474439307,24644.580979423237,6306,0
982.25,1.5,8.5,-3.0,1422.0897,71.2722,0.2175999999999476,0.0007999999997991836,-0.00020000000040454324,-0.007165999999998007,-3.199999999026204e-05,-7.999999979801942e-06,8650,0,1,0,1,1,0,1.5,2374.1269314992483,75.19923075239856,24646.2874871315,6307,0
982.75,1.5,8.5,-3.0,1422.3082,71.265015,0.21849999999994907,0.0009000000000014552,0.00010000000020227162,-0.0071849999999926695,-1.8999999994662176e-05,1.2999999995599865e-05,8651,0,1,0,1,1,0,1.5,2374.016920087841,75.19877603490522,24647.99425703977,6308,0
981.75,1.5,8.5,-3.0,1422.5277,71.257805,0.2195000000001528,0.0010000000002037268,0.00010000000020227162,-0.007210000000000605,-2.500000000793534e-05,-6.000000013273166e-06,8652,0,1,0,1,1,0,1.5,2373.906959470704,75.1983205892754,24649.70129034805,6309,0
980.25,1.5,8.5,-3.0,1422.7482,71.250565,0.22049999999990177,0.0009999999997489795,-4.547473508864641e-13,-0.007240000000010127,-3.000000000952241e-05,-5.000000001587068e-06,8653,0,1,0,1,1,0,1.5,2373.7970497457823,75.19786441229489,24651.408588256345,6310,0
981.25,1.5,8.5,-3.0,1422.9695,71.2433,0.22129999999992833,0.0008000000000265572,-0.00019999999972242222,-0.007264999999989641,-2.4999999979513632e-05,5.000000030008778e-06,8654,0,1,0,1,1,0,1.5,2373.6871909878682,75.19740750132871,24653.116151724647,6311,0
982.75,1.5,8.5,-3.0,1423.1917,71.236015,0.22220000000015716,0.0009000000002288289,0.00010000000020227162,-0.0072850000000102,-2.0000000020559128e-05,4.999999958954504e-06,8655,0,1,0,1,1,0,1.5,2373.577383283272,75.19694985432069,24654.82398183296,6312,0
984.25,1.5,8.5,-3.0,1423.4148,71.22871,0.22309999999993124,0.0008999999997740815,-4.547473508864641e-13,-0.0073049999999881265,-1.9999999977926564e-05,4.263256414560601e-14,8656,0,1,0,1,1,0,1.5,2373.4676267182626,75.19649146921566,24656.532079661283,6313,0
983.25,1.5,8.5,-3.0,1423.6388,71.22137,0.2239999999999327,0.0009000000000014552,2.2737367544323206e-13,-0.007340000000013447,-3.500000002532033e-05,-1.5000000047393769e-05,8657,0,1,0,1,1,0,1.5,2373.3579213790713,75.19603234222684,24658.24044628962,6314,0
982.25,1.5,8.5,-3.0,1423.8638,71.214005,0.22500000000013642,0.0010000000002037268,0.00010000000020227162,-0.0073649999999929605,-2.4999999979513632e-05,1.00000000458067e-05,8658,0,1,0,1,1,0,1.5,2373.2482673634368,75.1955724707241,24659.949082917963,6315,0
982.5,1.5,8.5,-3.0,1424.0896,71.20662,0.2257999999999356,0.0007999999997991836,-0.00020000000040454324,-0.007384999999999309,-2.0000000006348273e-05,4.999999973165359e-06,8659,0,1,0,1,1,0,1.5,2373.1386647459585,75.19511185265588,24661.65799050632,6316,0
981.75,1.5,8.5,-3.0,1424.3164,71.19921,0.22679999999991196,0.0009999999999763531,0.00020000000017716957,-0.007410000000007244,-2.500000000793534e-05,-5.000000001587068e-06,8660,0,1,0,1,1,0,1.5,2373.0291136242927,75.19465048539429,24663.367170254685,6317,0
981.75,1.5,8.5,-3.0,1424.5441,71.19177,0.2277000000001408,0.0009000000002288289,-9.999999974752427e-05,-0.007439999999988345,-2.99999999811007e-05,-4.999999973165359e-06,8661,0,1,0,1,1,0,1.5,2372.919614084507,75.1941883657354,24665.076623243065,6318,0
982.0,1.5,8.5,-3.0,1424.7726,71.18432,0.22849999999993997,0.0007999999997991836,-0.0001000000004296453,-0.00745000000000573,-1.0000000017384991e-05,1.999999996371571e-05,8662,0,1,0,1,1,0,1.5,2372.810166201085,75.1937254927854,24666.786350431456,6319,0
982.0,1.5,8.5,-3.0,1425.0021,71.176834,0.22949999999991633,0.0009999999999763531,0.00020000000017716957,-0.007486000000000104,-3.5999999994373866e-05,-2.5999999976988875e-05,8663,0,1,0,1,1,0,1.5,2372.700770071561,75.19326186265005,24668.496353019855,6320,0
983.25,1.5,8.5,-3.0,1425.2324,71.16933,0.23030000000017026,0.0008000000002539309,-0.00019999999972242222,-0.007503999999997291,-1.7999999997186933e-05,1.7999999997186933e-05,8664,0,1,0,1,1,0,1.5,2372.5914257703407,75.19279747351413,24670.206631968264,6321,0
983.75,1.5,8.5,-3.0,1425.4637,71.1618,0.23129999999991924,0.0009999999997489795,0.00019999999949504854,-0.007530000000002701,-2.6000000005410584e-05,-8.000000008223651e-06,8665,0,1,0,1,1,0,1.5,2372.4821333948767,75.1923323226402,24671.917188476687,6322,0
985.25,1.5,8.5,-3.0,1425.6959,71.154236,0.2321999999999207,0.0009000000000014552,-9.999999974752427e-05,-0.007564000000002125,-3.399999999942338e-05,-7.999999994012796e-06,8666,0,1,0,1,1,0,1.5,2372.372893031037,75.19186640636899,24673.628023625122,6323,0
985.0,1.5,8.5,-3.0,1425.9291,71.14666,0.23320000000012442,0.0010000000002037268,0.00010000000020227162,-0.007576000000000249,-1.1999999998124622e-05,2.200000000129876e-05,8667,0,1,0,1,1,0,1.5,2372.2637047761887,75.19139972358099,24675.339138613566,6324,0
985.0,1.6,8.5,-3.0,1426.1631,71.13906,0.2339999999999236,0.0007999999997991836,-0.00020000000040454324,-0.0075999999999964984,-2.3999999996249244e-05,-1.1999999998124622e-05,8668,0,1,0,1,1,0,1.4,2372.154568704579,75.190932271773,24677.05053440202,6325,0
984.25,1.6,8.5,-3.0,1426.398,71.13143,0.23489999999992506,0.0009000000000014552,0.00010000000020227162,-0.007630000000006021,-3.000000000952241e-05,-6.000000013273166e-06,8669,0,1,0,1,1,0,1.4,2372.0454849019607,75.19046404775087,24678.762212070487,6326,0
984.25,1.6,8.5,-3.0,1426.6338,71.12379,0.2358000000001539,0.0009000000002288289,2.2737367544323206e-13,-0.007639999999994984,-9.999999988963282e-06,2.0000000020559128e-05,8670,0,1,0,1,1,0,1.4,2371.9364534540423,75.18999505062853,24680.474172698967,6327,0
982.75,1.6,8.5,-3.0,1426.8705,71.11611,0.23669999999992797,0.0008999999997740815,-4.547473508864641e-13,-0.00767999999999347,-3.999999999848569e-05,-3.000000000952241e-05,8671,0,1,0,1,1,0,1.4,2371.8274744464943,75.18952527606089,24682.186417367455,6328,0
984.25,1.6,8.5,-3.0,1427.108,71.10842,0.23749999999995453,0.0008000000000265572,-9.999999974752427e-05,-0.007690000000010855,-1.0000000017384991e-05,2.99999999811007e-05,8672,0,1,0,1,1,0,1.4,2371.7185479534187,75.18905472316384,24683.89894703596,6329,0
982.25,1.6,8.5,-3.0,1427.3466,71.1007,0.23860000000013315,0.0011000000001786248,0.0003000000001520675,-0.0077199999999919555,-2.99999999811007e-05,-1.999999996371571e-05,8673,0,1,0,1,1,0,1.4,2371.609674083468,75.18858338874797,24685.61176302447,6330,0
982.75,1.6,8.5,-3.0,1427.5859,71.092964,0.23929999999995744,0.0006999999998242856,-0.00040000000035433914,-0.007736000000008403,-1.6000000016447302e-05,1.3999999964653398e-05,8674,0,1,0,1,1,0,1.4,2371.500852899135,75.1881112712392,24687.324866172996,6331,0
981.75,1.6,8.5,-3.0,1427.8263,71.0852,0.2403999999999087,0.001099999999951251,0.00040000000012696546,-0.007763999999994553,-2.7999999986150215e-05,-1.1999999969702912e-05,8675,0,1,0,1,1,0,1.4,2371.3920845089906,75.18763836768096,24689.03825780153,6332,0
981.5,1.6,8.5,-3.0,1428.0675,71.077415,0.24120000000016262,0.0008000000002539309,-0.00029999999969732016,-0.0077849999999983766,-2.1000000003823516e-05,6.999999982326699e-06,8676,0,1,0,1,1,0,1.4,2371.283368986977,75.18716467592486,24690.75193887008,6333,0
983.75,1.6,8.5,-3.0,1428.3096,71.0696,0.2420999999999367,0.0008999999997740815,9.99999995201506e-05,-0.007815000000007899,-3.000000000952241e-05,-9.000000005698894e-06,8677,0,1,0,1,1,0,1.4,2371.1747064185297,75.18669019278636,24692.465910458635,6334,0
985.25,1.6,8.5,-3.0,1428.5526,71.061775,0.24299999999993815,0.0009000000000014552,2.2737367544323206e-13,-0.007824999999996862,-9.999999988963282e-06,2.0000000020559128e-05,8678,0,1,0,1,1,0,1.4,2371.0660968890425,75.1862149173868,24694.180173647208,6335,0
985.0,1.6,8.5,-3.0,1428.7965,71.05392,0.2438999999999396,0.0009000000000014552,0.0,-0.007854999999992174,-2.9999999995311555e-05,-2.0000000006348273e-05,8679,0,1,0,1,1,0,1.4,2370.957540483871,75.18573884654379,24695.89472951579,6336,0
983.75,1.6,8.5,-3.0,1429.0413,71.04604,0.24480000000016844,0.0009000000002288289,2.2737367544323206e-13,-0.00788000000000011,-2.500000000793534e-05,4.9999999873762135e-06,8680,0,1,0,1,1,0,1.4,2370.8490372883307,75.18526197765235,24697.609579144384,6337,0
983.75,1.6,8.5,-3.0,1429.287,71.03815,0.24569999999994252,0.0008999999997740815,-4.547473508864641e-13,-0.007890000000003283,-1.0000000003174137e-05,1.5000000004761205e-05,8681,0,1,0,1,1,0,1.4,2370.7405873876987,75.18478430983645,24699.32472361299,6338,0
985.25,1.6,8.5,-3.0,1429.5336,71.03023,0.24659999999994398,0.0009000000000014552,2.2737367544323206e-13,-0.007919999999998595,-2.9999999995311555e-05,-1.9999999992137418e-05,8682,0,1,0,1,1,0,1.4,2370.6321908672116,75.18430583991709,24701.040164001606,6339,0
985.25,1.6,8.5,-3.0,1429.781,71.022285,0.24739999999997053,0.0008000000000265572,-9.999999997489795e-05,-0.00794500000000653,-2.500000000793534e-05,4.9999999873762135e-06,8683,0,1,0,1,1,0,1.4,2370.5238478005526,75.18382656529249,24702.755901270237,6340,0
985.5,1.6,8.5,-3.0,1430.0294,71.01433,0.24839999999994689,0.0009999999999763531,0.0001999999999497959,-0.007954999999995493,-9.999999988963282e-06,1.500000001897206e-05,8684,0,1,0,1,1,0,1.4,2370.4155582843982,75.18334648508923,24704.471936618876,6341,0
985.5,1.6,8.5,-3.0,1430.2787,71.00634,0.24930000000017571,0.0009000000002288289,-9.999999974752427e-05,-0.007990000000006603,-3.500000001110948e-05,-2.5000000022146196e-05,8685,0,1,0,1,1,0,1.4,2370.307322403868,75.18286559555607,24706.188271127532,6342,0
984.75,1.6,8.5,-2.8,1430.5288,70.99834,0.2500999999999749,0.0007999999997991836,-0.0001000000004296453,-0.007999999999995566,-9.999999988963282e-06,2.5000000022146196e-05,8686,0,1,0,1,1,0,1.1999999999999997,2370.1991402325316,75.18238389582135,24707.904905756197,6343,0
983.25,1.6,8.5,-2.8,1430.7799,70.9903,0.25109999999995125,0.0009999999999763531,0.00020000000017716957,-0.008039999999994052,-3.999999999848569e-05,-3.000000000952241e-05,8687,0,1,0,1,1,0,1.1999999999999997,2370.091011866943,75.18190138156076,24709.621841704873,6344,0
981.25,1.6,8.5,-2.8,1431.0319,70.98226,0.2519999999999527,0.0009000000000014552,-9.999999997489795e-05,-0.008040000000008263,-1.4210854715202004e-14,3.9999999984274837e-05,8688,0,1,0,1,1,0,1.1999999999999997,2369.982937392105,75.1814180530556,24711.339080053564,6345,0
981.75,1.6,8.5,-2.8,1431.2847,70.97419,0.25279999999997926,0.0008000000000265572,-9.999999997489795e-05,-0.008070000000003574,-2.9999999995311555e-05,-2.99999999811007e-05,8689,0,1,0,1,1,0,1.1999999999999997,2369.874916881473,75.18093390713464,24713.056621762265,6346,0
981.75,1.6,8.5,-2.8,1431.5383,70.966095,0.2536000000000058,0.0008000000000265572,0.0,-0.008094999999997299,-2.4999999993724487e-05,5.000000001587068e-06,8690,0,1,0,1,1,0,1.1999999999999997,2369.7669504084683,75.18044894120354,24714.77446779098,6347,0
982.75,1.6,8.5,-2.8,1431.793,70.957985,0.25469999999995707,0.001099999999951251,0.00029999999992469384,-0.00811000000000206,-1.5000000004761205e-05,9.999999988963282e-06,8691,0,1,0,1,1,0,1.1999999999999997,2369.659038080994,75.17996315381961,24716.492619459703,6348,0
983.75,1.6,8.5,-2.8,1432.0485,70.94985,0.255500000000211,0.0008000000002539309,-0.00029999999969732016,-0.008134999999995784,-2.4999999993724487e-05,-9.999999988963282e-06,8692,0,1,0,1,1,0,1.1999999999999997,2369.5511799723913,75.17947654239043,24718.211077728443,6349,0
984.25,1.6,8.5,-2.8,1432.3048,70.941696,0.2562999999997828,0.0007999999995718099,-6.821210263296962e-13,-0.008154000000004658,-1.900000000887303e-05,5.999999984851456e-06,8693,0,1,0,1,1,0,1.1999999999999997,2369.4433761559694,75.17898910501495,24719.929843557195,6350,0
986.25,1.6,8.5,-2.8,1432.5621,70.933525,0.2573000000002139,0.0010000000004311005,0.0002000000008592906,-0.008170999999990158,-1.6999999985500835e-05,2.000000023372195e-06,8694,0,1,0,1,1,0,1.1999999999999997,2369.3356267280046,75.17850084002299,24721.648918145955,6351,0
986.25,1.6,8.5,-2.8,1432.8203,70.92533,0.258199999999988,0.0008999999997740815,-0.00010000000065701897,-0.008195000000000618,-2.40000000104601e-05,-7.000000024959263e-06,8695,0,1,0,1,1,0,1.1999999999999997,2369.227931773229,75.17801174494019,24723.36830257473,6352,0
985.75,1.6,8.5,-2.8,1433.0793,70.917114,0.25900000000001455,0.0008000000000265572,-9.999999974752427e-05,-0.008216000000004442,-2.1000000003823516e-05,3.000000006636583e-06,8696,0,1,0,1,1,0,1.1999999999999997,2369.1202913648385,75.17752181763827,24725.08799780352,6353,0
986.75,1.7,8.5,-2.8,1433.3392,70.90888,0.25989999999978863,0.0008999999997740815,9.999999974752427e-05,-0.008234000000001629,-1.7999999997186933e-05,3.000000006636583e-06,8697,0,1,0,1,1,0,1.0999999999999999,2369.0127055874914,75.1770310563348,24726.80800491232,6354,0
985.75,1.7,8.5,-2.8,1433.6001,70.90063,0.26090000000021973,0.0010000000004311005,0.00010000000065701897,-0.008249999999989654,-1.5999999988025593e-05,2.00000000916134e-06,8698,0,1,0,1,1,0,1.0999999999999999,2368.905174537303,75.1765394594781,24728.52832510113,6355,0
984.75,1.7,8.5,-2.8,1433.8618,70.89235,0.26169999999979154,0.0007999999995718099,-0.0002000000008592906,-0.008280000000013388,-3.0000000023733264e-05,-1.4000000035707671e-05,8699,0,1,0,1,1,0,1.0999999999999999,2368.797698287356,75.17604702390804,24730.248959329958,6356,0
985.0,1.7,8.5,-2.8,1434.1244,70.884056,0.2626000000000204,0.0009000000002288289,0.00010000000065701897,-0.008293999999992252,-1.3999999978864253e-05,1.600000004486901e-05,8700,0,1,0,1,1,0,1.0999999999999999,2368.690276922193,75.1755537483048,24731.969908678795,6357,0
985.25,1.7,8.5,-2.8,1434.3878,70.87574,0.26340000000004693,0.0008000000000265572,-0.00010000000020227162,-0.008316000000007762,-2.2000000015509613e-05,-8.00000003664536e-06,8701,0,1,0,1,1,0,1.0999999999999999,2368.582910514824,75.17505963042979,24733.691174107647,6358,0
987.75,1.7,8.5,-2.8,1434.6522,70.8674,0.2644000000000233,0.0009999999999763531,0.0001999999999497959,-0.0083399999999898,-2.399999998203839e-05,-1.999999966528776e-06,8702,0,1,0,1,1,0,1.0999999999999999,2368.4755991612087,75.1745646678157,24735.41275681651,6359,0
986.75,1.7,8.5,-2.8,1434.9175,70.85905,0.26530000000002474,0.0009000000000014552,-9.999999997489795e-05,-0.008350000000007185,-1.0000000017384991e-05,1.3999999964653398e-05,8703,0,1,0,1,1,0,1.0999999999999999,2368.368342945772,75.17406885960477,24737.134657885385,6360,0
985.75,1.7,8.5,-2.8,1435.1836,70.85068,0.2661000000000513,0.0008000000000265572,-9.999999997489795e-05,-0.008369999999999322,-1.9999999992137418e-05,-9.999999974752427e-06,8704,0,1,0,1,1,0,1.0999999999999999,2368.261141941413,75.17357220379093,24738.856878274273,6361,0
986.0,1.7,8.5,-2.8,1435.4506,70.842285,0.2669999999998254,0.0008999999997740815,9.999999974752427e-05,-0.008394999999993047,-2.4999999993724487e-05,-5.000000001587068e-06,8705,0,1,0,1,1,0,1.0999999999999999,2368.153996232483,75.17307469779463,24740.579419063175,6362,0
983.75,1.7,8.5,-2.8,1435.7184,70.83387,0.2678000000000793,0.0008000000002539309,-9.99999995201506e-05,-0.008414999999999395,-2.0000000006348273e-05,4.9999999873762135e-06,8706,0,1,0,1,1,0,1.0999999999999999,2368.046905891811,75.17257633961181,24742.30228121209,6363,0
983.5,1.7,8.5,-2.8,1435.9872,70.82544,0.26880000000005566,0.0009999999999763531,0.00019999999972242222,-0.008430000000004156,-1.5000000004761205e-05,5.000000001587068e-06,8707,0,1,0,1,1,0,1.0999999999999999,2367.9398710151586,75.1720771278135,24744.02546592102,6364,0
982.75,1.7,8.5,-2.8,1436.2568,70.816986,0.2696000000000822,0.0008000000000265572,-0.0001999999999497959,-0.008454000000000406,-2.3999999996249244e-05,-8.999999991488039e-06,8708,0,1,0,1,1,0,1.0999999999999999,2367.8328916752785,75.17157705993799,24745.74897414996,6365,0
984.25,1.7,8.5,-2.8,1436.5273,70.80852,0.2704999999998563,0.0008999999997740815,9.999999974752427e-05,-0.00846599999999853,-1.1999999998124622e-05,1.1999999998124622e-05,8709,0,1,0,1,1,0,1.0999999999999999,2367.725967956372,75.1710761349024,24747.472806978913,6366,0
982.75,1.7,8.5,-2.8,1436.7987,70.800026,0.27140000000008513,0.0009000000002288289,4.547473508864641e-13,-0.008493999999998891,-2.800000000036107e-05,-1.6000000002236447e-05,8710,0,1,0,1,1,0,1.0999999999999999,2367.619099942601,75.17057434978761,24749.196965487878,6367,0
982.75,1.7,9.5,-2.8,1437.0709,70.79152,0.2721999999998843,0.0007999999997991836,-0.0001000000004296453,-0.008505999999997016,-1.1999999998124622e-05,1.6000000002236447e-05,8711,0,1,0,1,1,0,1.0999999999999999,2367.512287706612,75.1700717035124,24750.92145063686,6368,0
983.0,1.7,9.5,-2.8,1437.3441,70.783,0.27320000000008804,0.0010000000002037268,0.00020000000040454324,-0.008520000000004302,-1.4000000007285962e-05,-2.00000000916134e-06,8712,0,1,0,1,1,0,1.0999999999999999,2367.405531343969,75.16956819476644,24752.64626362585,6369,0
981.75,1.7,9.5,-2.8,1437.618,70.77445,0.2738999999999123,0.0006999999998242856,-0.0003000000003794412,-0.008549999999999613,-2.9999999995311555e-05,-1.5999999988025593e-05,8713,0,1,0,1,1,0,1.0999999999999999,2367.2988309157677,75.16906382040395,24754.371405294856,6370,0
981.75,1.7,9.5,-2.8,1437.893,70.765884,0.27500000000009095,0.0011000000001786248,0.00040000000035433914,-0.00856600000000185,-1.6000000002236447e-05,1.3999999993075107e-05,8714,0,1,0,1,1,0,1.0999999999999999,2367.1921865289733,75.16855857888697,24756.096876963875,6371,0
981.25,1.7,9.5,-2.8,1438.1687,70.7573,0.27569999999991524,0.0006999999998242856,-0.00040000000035433914,-0.008583999999999037,-1.7999999997186933e-05,-1.9999999949504854e-06,8715,0,1,0,1,1,0,1.0999999999999999,2367.0855982446074,75.16805246844882,24757.822679472905,6372,0
981.25,1.7,9.5,-2.8,1438.4454,70.7487,0.27670000000011896,0.0010000000002037268,0.0003000000003794412,-0.008600000000001273,-1.6000000002236447e-05,1.9999999949504854e-06,8716,0,1,0,1,1,0,1.0999999999999999,2366.979066158082,75.16754548755306,24759.548814021953,6373,0
982.25,1.7,9.5,-2.8,1438.7229,70.74009,0.27749999999991815,0.0007999999997991836,-0.00020000000040454324,-0.008610000000004447,-1.0000000003174137e-05,5.999999999062311e-06,8717,0,1,0,1,1,0,1.0999999999999999,2366.8725903418217,75.16703763535214,24761.275281571012,6374,0
982.25,1.7,9.5,-2.8,1439.0013,70.73145,0.2783999999999196,0.0009000000000014552,0.00010000000020227162,-0.008639999999999759,-2.9999999995311555e-05,-1.9999999992137418e-05,8718,0,1,0,1,1,0,1.0999999999999999,2366.766170879688,75.16652890870513,24763.002083200085,6375,0
984.75,1.7,9.5,-2.8,1439.2805,70.7228,0.27920000000017353,0.0008000000002539309,-9.999999974752427e-05,-0.008649999999988722,-9.999999988963282e-06,2.0000000006348273e-05,8719,0,1,0,1,1,0,1.0999999999999999,2366.6598078440365,75.16601930676606,24764.72921986917,6376,0
985.0,1.7,9.5,-2.8,1439.5607,70.71413,0.2801999999999225,0.0009999999997489795,0.00019999999949504854,-0.008670000000009281,-2.0000000020559128e-05,-1.0000000031595846e-05,8720,0,1,0,1,1,0,1.0999999999999999,2366.5535013301223,75.16550882754271,24766.45669277827,6377,0
983.75,1.7,9.5,-2.8,1439.8417,70.70544,0.28099999999994907,0.0008000000000265572,-0.00019999999972242222,-0.008690000000001419,-1.9999999992137418e-05,2.842170943040401e-14,8721,0,1,0,1,1,0,1.0999999999999999,2366.447251410227,75.1649974690438,24768.18450288738,6378,0
984.75,1.7,9.5,-2.8,1440.1235,70.69673,0.2817999999999756,0.0008000000000265572,0.0,-0.008709999999993556,-1.9999999992137418e-05,0.0,8722,0,1,0,1,1,0,1.0999999999999999,2366.3410581565972,75.16448522927891,24769.912651156505,6379,0
984.25,1.7,9.5,-2.8,1440.4062,70.68801,0.2826999999999771,0.0009000000000014552,9.999999997489795e-05,-0.00871999999999673,-1.0000000003174137e-05,9.999999988963282e-06,8723,0,1,0,1,1,0,1.0999999999999999,2366.2349216529115,75.16397210740486,24771.641138665644,6380,0
985.25,1.7,9.5,-2.8,1440.6898,70.67927,0.2836000000002059,0.0009000000002288289,2.2737367544323206e-13,-0.008740000000003079,-2.0000000006348273e-05,-1.0000000003174137e-05,8724,0,1,0,1,1,0,1.0999999999999999,2366.128841982808,75.16345810143267,24773.3699664948,6381,0
984.25,1.7,9.5,-2.8,1440.9744,70.67051,0.2845999999999549,0.0009999999997489795,9.99999995201506e-05,-0.008760000000009427,-2.0000000006348273e-05,0.0,8725,0,1,0,1,1,0,1.0999999999999999,2366.022819241348,75.16294320937428,24775.099135843964,6382,0
984.75,1.7,9.5,-2.8,1441.2596,70.661736,0.28520000000003165,0.0006000000000767614,-0.0003999999996722181,-0.008773999999988291,-1.3999999978864253e-05,6.00000002748402e-06,8726,0,1,0,1,1,0,1.0999999999999999,2365.9168534777127,75.1624274299301,24776.828647433147,6383,0
984.75,1.7,9.5,-2.8,1441.5459,70.65294,0.2862999999999829,0.001099999999951251,0.0004999999998744897,-0.0087960000000038,-2.2000000015509613e-05,-8.00000003664536e-06,8727,0,1,0,1,1,0,1.0999999999999999,2365.81094479835,75.16191076088451,24778.55850258234,6384,0
983.75,1.7,9.5,-2.8,1441.833,70.644135,0.28710000000000946,0.0008000000000265572,-0.00029999999992469384,-0.008804999999995289,-8.999999991488039e-06,1.3000000024021574e-05,8728,0,1,0,1,1,0,1.0999999999999999,2365.705093275289,75.1613932015122,24780.288702251546,6385,0
982.75,1.7,9.5,-2.8,1442.121,70.63531,0.2880000000000109,0.0009000000000014552,9.999999997489795e-05,-0.008825000000001637,-2.0000000006348273e-05,-1.1000000014860234e-05,8729,0,1,0,1,1,0,1.0999999999999999,2365.5992989919814,75.16087474982818,24782.01924752077,6386,0
984.75,1.7,9.5,-2.8,1442.4097,70.626465,0.2886999999998352,0.0006999999998242856,-0.00020000000017716957,-0.008845000000007985,-2.0000000006348273e-05,0.0,8730,0,1,0,1,1,0,1.0999999999999999,2365.4935620089336,75.16035540384836,24783.750139230004,6387,0
984.75,1.7,9.5,-2.8,1442.6993,70.61761,0.28960000000006403,0.0009000000002288289,0.00020000000040454324,-0.008854999999996949,-9.999999988963282e-06,1.0000000017384991e-05,8731,0,1,0,1,1,0,1.0999999999999999,2365.387882409528,75.15983516273478,24785.481378459255,6388,0
984.75,1.8,9.5,-2.8,1442.99,70.608734,0.2907000000000153,0.001099999999951251,0.00019999999972242222,-0.008876000000000772,-2.1000000003823516e-05,-1.1000000014860234e-05,8732,0,1,0,1,1,0,0.9999999999999998,2365.282260300012,75.15931402439026,24787.212966528517,6389,0
985.25,1.8,9.5,-2.8,1443.2814,70.59984,0.29140000000006694,0.0007000000000516593,-0.0003999999998995918,-0.008893999999997959,-1.7999999997186933e-05,3.000000006636583e-06,8733,0,1,0,1,1,0,0.9999999999999998,2365.176695740783,75.15879198706206,24788.944904277796,6390,0
982.25,1.8,9.5,-2.8,1443.5736,70.590935,0.2921999999998661,0.0007999999997991836,9.999999974752427e-05,-0.008904999999998608,-1.100000000064938e-05,6.999999996537554e-06,8734,0,1,0,1,1,0,0.9999999999999998,2365.071188803663,75.15826904979966,24790.677192667088,6391,0
982.75,1.8,9.5,-2.8,1443.8667,70.58201,0.29310000000009495,0.0009000000002288289,0.0001000000004296453,-0.008925000000004957,-2.0000000006348273e-05,-9.000000005698894e-06,8735,0,1,0,1,1,0,0.9999999999999998,2364.9657395718864,75.1577452106227,24792.409832776393,6392,0
982.25,1.8,9.5,-2.8,1444.1606,70.57307,0.29389999999989413,0.0007999999997991836,-0.0001000000004296453,-0.008939999999995507,-1.499999999055035e-05,5.000000015797923e-06,8736,0,1,0,1,1,0,0.9999999999999998,2364.8603481172026,75.15722046812407,24794.142825565712,6393,0
982.25,1.8,9.5,-2.8,1444.4556,70.56411,0.29500000000007276,0.0011000000001786248,0.0003000000003794412,-0.008960000000001855,-2.0000000006348273e-05,-5.000000015797923e-06,8737,0,1,0,1,1,0,0.9999999999999998,2364.7550145456626,75.15669482032503,24795.876172355045,6394,0
982.75,1.8,9.5,-2.8,1444.7512,70.555145,0.29559999999992215,0.0005999999998493877,-0.0005000000003292371,-0.008965000000003442,-5.000000001587068e-06,1.5000000004761205e-05,8738,0,1,0,1,1,0,0.9999999999999998,2364.6497389060537,75.15616826696419,24797.609873864396,6395,0
983.0,1.8,9.5,-2.8,1445.0479,70.54616,0.29670000000010077,0.0011000000001786248,0.0005000000003292371,-0.00898499999999558,-1.9999999992137418e-05,-1.499999999055035e-05,8739,0,1,0,1,1,0,0.9999999999999998,2364.5445213043477,75.15564080606407,24799.343931413758,6396,0
982.25,1.8,9.5,-2.8,1445.3452,70.537155,0.29729999999995016,0.0005999999998493877,-0.0005000000003292371,-0.009005000000001928,-2.0000000006348273e-05,-1.4210854715202004e-14,8740,0,1,0,1,1,0,0.9999999999999998,2364.439361789269,75.15511243564809,24801.078345723134,6397,0
982.5,1.8,9.5,-2.8,1445.6436,70.52814,0.2984000000001288,0.0011000000001786248,0.0005000000003292371,-0.009015000000005102,-1.0000000003174137e-05,1.0000000003174137e-05,8741,0,1,0,1,1,0,0.9999999999999998,2364.3342604667123,75.15458315488448,24802.813118112525,6398,0
982.25,1.8,9.5,-2.8,1445.9426,70.519104,0.29899999999997817,0.0005999999998493877,-0.0005000000003292371,-0.009035999999994715,-2.099999998961266e-05,-1.0999999986438525e-05,8742,0,1,0,1,1,0,0.9999999999999998,2364.229217385337,75.15405296168363,24804.54824930193,6399,0
982.75,1.8,9.5,-2.8,1446.2427,70.510056,0.3000999999999294,0.001099999999951251,0.0005000000001018634,-0.00904799999999284,-1.1999999998124622e-05,8.999999991488039e-06,8743,0,1,0,1,1,0,0.9999999999999998,2364.1242326509605,75.15352185498627,24806.28374061135,6400,0
982.25,1.8,9.5,-2.8,1446.5436,70.50099,0.300899999999956,0.0008000000000265572,-0.00029999999992469384,-0.009066000000004237,-1.8000000011397788e-05,-6.000000013273166e-06,8744,0,1,0,1,1,0,0.9999999999999998,2364.019306335049,75.15298983304746,24808.019593000783,6401,0
982.0,1.8,9.5,-2.8,1446.8452,70.49191,0.30160000000000764,0.0007000000000516593,-9.999999997489795e-05,-0.009079999999997312,-1.3999999993075107e-05,4.00000001832268e-06,8745,0,1,0,1,1,0,0.9999999999999998,2363.914438497599,75.15245689458038,24809.755807310234,6402,0
981.75,1.8,9.5,-2.8,1447.1478,70.48282,0.302599999999984,0.0009999999999763531,0.00029999999992469384,-0.009090000000000487,-1.0000000003174137e-05,3.999999989900971e-06,8746,0,1,0,1,1,0,0.9999999999999998,2363.80962923288,75.15192303875614,24811.492384739697,6403,0
982.0,1.8,9.5,-2.8,1447.4512,70.47371,0.30340000000001055,0.0008000000000265572,-0.0001999999999497959,-0.009110000000006835,-2.0000000006348273e-05,-1.0000000003174137e-05,8747,0,1,0,1,1,0,0.9999999999999998,2363.704878612254,75.15138826360311,24813.229326249173,6404,0
984.25,1.8,9.5,-2.8,1447.7555,70.46459,0.304300000000012,0.0009000000000014552,9.999999997489795e-05,-0.009119999999995798,-9.999999988963282e-06,1.0000000017384991e-05,8748,0,1,0,1,1,0,0.9999999999999998,2363.600186718482,75.15085256829352,24814.966632918666,6405,0
982.25,1.8,9.5,-2.8,1448.0607,70.45545,0.30520000000001346,0.0009000000000014552,0.0,-0.009140000000002146,-2.0000000006348273e-05,-1.0000000017384991e-05,8749,0,1,0,1,1,0,0.9999999999999998,2363.4955536342854,75.15031595085715,24816.70430582817,6406,0
982.25,1.8,9.5,-2.8,1448.3666,70.446304,0.3059000000000651,0.0007000000000516593,-0.0001999999999497959,-0.009146000000001209,-5.999999999062311e-06,1.4000000007285962e-05,8750,0,1,0,1,1,0,0.9999999999999998,2363.390979419495,75.14977841092447,24818.442345817693,6407,0
982.25,1.8,9.5,-2.8,1448.6735,70.43713,0.3069000000000415,0.0009999999999763531,0.00029999999992469384,-0.00917400000000157,-2.800000000036107e-05,-2.200000000129876e-05,8751,0,1,0,1,1,0,0.9999999999999998,2363.28646416819,75.14923994561242,24820.18075408723,6408,0
982.25,1.8,9.5,-2.8,1448.9811,70.427956,0.30759999999986576,0.0006999999998242856,-0.0003000000001520675,-0.00917400000000157,0.0,2.800000000036107e-05,8752,0,1,0,1,1,0,0.9999999999999998,2363.1820079401346,75.14870055523821,24821.919531476782,6409,0
983.75,1.8,9.5,-2.8,1449.2897,70.41876,0.3086000000000695,0.0010000000002037268,0.0003000000003794412,-0.009195999999988658,-2.1999999987087904e-05,-2.1999999987087904e-05,8753,0,1,0,1,1,0,0.9999999999999998,2363.0776108293353,75.14816023760567,24823.65867918635,6410,0
984.25,1.8,9.5,-2.8,1449.599,70.40955,0.30929999999989377,0.0006999999998242856,-0.0003000000003794412,-0.009210000000010155,-1.4000000021496817e-05,7.999999965591087e-06,8754,0,1,0,1,1,0,0.9999999999999998,2362.973272895488,75.14761899143348,24825.39819805593,6411,0
984.25,1.8,9.5,-2.8,1449.9093,70.40033,0.3103000000000975,0.0010000000002037268,0.0003000000003794412,-0.009219999999999118,-9.999999988963282e-06,4.000000032533535e-06,8755,0,1,0,1,1,0,0.9999999999999998,2362.8689942325263,75.14707681589768,24827.138089285523,6412,0
985.25,1.8,9.5,-2.8,1450.2203,70.3911,0.3109999999999218,0.0006999999998242856,-0.0003000000003794412,-0.009230000000002292,-1.0000000003174137e-05,-1.4210854715202004e-14,8756,0,1,0,1,1,0,0.9999999999999998,2362.76477490008,75.14653371017472,24828.878353715132,6413,0
984.25,1.8,9.5,-2.8,1450.5323,70.38185,0.3120000000001255,0.0010000000002037268,0.0003000000003794412,-0.00924999999999443,-1.9999999992137418e-05,-9.999999988963282e-06,8757,0,1,0,1,1,0,0.9999999999999998,2362.660614992007,75.14598967229962,24830.618992544758,6414,0
984.75,1.8,9.5,-2.8,1450.8451,70.37259,0.3127999999999247,0.0007999999997991836,-0.00020000000040454324,-0.009259999999997603,-1.0000000003174137e-05,9.999999988963282e-06,8758,0,1,0,1,1,0,0.9999999999999998,2362.55651457929,75.14544470144993,24832.3600067344,6415,0
983.75,1.8,9.5,-2.8,1451.1587,70.36331,0.31359999999995125,0.0008000000000265572,2.2737367544323206e-13,-0.009280000000003952,-2.0000000006348273e-05,-1.0000000003174137e-05,8759,0,1,0,1,1,0,0.9999999999999998,2362.4524737328766,75.1448987956621,24834.101397244056,6416,0
982.75,1.8,9.5,-2.8,1451.4731,70.35402,0.3143999999999778,0.0008000000000265572,0.0,-0.009289999999992915,-9.999999988963282e-06,1.0000000017384991e-05,8760,0,1,0,1,1,0,0.9999999999999998,2362.3484925236844,75.14435195411482,24835.843165033726,6417,0
982.75,1.8,9.5,-2.8,1451.7885,70.34472,0.31540000000018154,0.0010000000002037268,0.00020000000017716957,-0.0093000000000103,-1.0000000017384991e-05,-2.842170943040401e-14,8761,0,1,0,1,1,0,0.9999999999999998,2362.2445710454235,75.14380417598723,24837.585311303414,6418,0
982.75,1.8,9.5,-2.8,1452.1047,70.3354,0.3161999999999807,0.0007999999997991836,-0.00020000000040454324,-0.009319999999988227,-1.9999999977926564e-05,-9.999999960541572e-06,8762,0,1,0,1,1,0,0.9999999999999998,2362.1407093689377,75.14325545931759,24839.327837013112,6419,0
983.25,1.8,9.5,-2.8,1452.4218,70.32607,0.3170999999999822,0.0009000000000014552,0.00010000000020227162,-0.009330000000005612,-1.0000000017384991e-05,9.999999960541572e-06,8763,0,1,0,1,1,0,0.9999999999999998,2362.0369075764493,75.14270580328616,24841.070743242828,6420,0
984.75,1.8,9.5,-2.8,1452.7395,70.316734,0.31769999999983156,0.0005999999998493877,-0.0003000000001520675,-0.009336000000004674,-5.999999999062311e-06,4.00000001832268e-06,8764,0,1,0,1,1,0,0.9999999999999998,2361.933165715916,75.14215520752994,24842.81403071256,6421,0
984.25,1.8,9.5,-2.8,1453.0582,70.30738,0.3187000000000353,0.0010000000002037268,0.00040000000035433914,-0.00935400000000186,-1.7999999997186933e-05,-1.1999999998124622e-05,8765,0,1,0,1,1,0,0.9999999999999998,2361.8294838809034,75.14160367031714,24844.557700622307,6422,0
985.75,1.8,9.5,-2.8,1453.3778,70.29801,0.31960000000003674,0.0009000000000014552,-0.00010000000020227162,-0.009369999999989886,-1.5999999988025593e-05,2.00000000916134e-06,8766,0,1,0,1,1,0,0.9999999999999998,2361.72586215353,75.14105119014486,24846.30175405207,6423,0
985.25,1.8,9.5,-2.8,1453.6981,70.288635,0.3203000000000884,0.0007000000000516593,-0.0001999999999497959,-0.009375000000005684,-5.000000015797923e-06,1.099999997222767e-05,8767,0,1,0,1,1,0,0.9999999999999998,2361.6223005930656,75.1404977667655,24848.046191841848,6424,0
986.75,1.8,9.5,-2.8,1454.0194,70.27924,0.3212999999998374,0.0009999999997489795,0.00029999999969732016,-0.009394999999997822,-1.9999999992137418e-05,-1.4999999976339495e-05,8768,0,1,0,1,1,0,0.9999999999999998,2361.5187992929636,75.139943398221,24849.79101519164,6425,0
985.75,1.8,9.5,-2.8,1454.3414,70.26984,0.3220000000001164,0.000700000000279033,-0.0002999999994699465,-0.009399999999999409,-5.000000001587068e-06,1.499999999055035e-05,8769,0,1,0,1,1,0,0.9999999999999998,2361.415358312429,75.13938808426454,24851.53622494145,6426,0
986.0,1.8,9.5,-2.8,1454.6644,70.26042,0.3229999999998654,0.0009999999997489795,0.0002999999994699465,-0.009420000000005757,-2.0000000006348273e-05,-1.5000000004761205e-05,8770,0,1,0,1,1,0,0.9999999999999998,2361.311977744841,75.13883182293922,24853.281822291272,6427,0
987.75,1.8,9.5,-2.8,1454.9882,70.251,0.3238000000001193,0.0008000000002539309,-0.00019999999949504854,-0.009419999999991546,1.4210854715202004e-14,2.0000000020559128e-05,8771,0,1,0,1,1,0,0.9999999999999998,2361.2086576607385,75.13827461456908,24855.027808201114,6428,0
988.0,1.8,9.5,-2.8,1455.3127,70.241554,0.3244999999999436,0.0006999999998242856,-0.0001000000004296453,-0.009446000000011168,-2.600000001962144e-05,-2.6000000033832293e-05,8772,0,1,0,1,1,0,0.9999999999999998,2361.1053981192294,75.1377164565143,24856.774183510966,6429,0
988.0,1.8,9.5,-2.8,1455.6382,70.2321,0.32550000000014734,0.0010000000002037268,0.0003000000003794412,-0.00945399999999097,-7.999999979801942e-06,1.8000000039819497e-05,8773,0,1,0,1,1,0,0.9999999999999998,2361.0021992135853,75.13715734818783,24858.52094942084,6430,0
989.25,1.8,9.5,-2.8,1455.9645,70.22264,0.3262999999999465,0.0007999999997991836,-0.00020000000040454324,-0.009460000000004243,-6.000000013273166e-06,1.999999966528776e-06,8774,0,1,0,1,1,0,0.9999999999999998,2360.899061014245,75.13659728923078,24860.268106890722,6431,0
989.5,1.8,9.5,-2.8,1456.2915,70.213165,0.3269999999999982,0.0007000000000516593,-9.999999974752427e-05,-0.009474999999994793,-1.499999999055035e-05,-8.999999977277184e-06,8775,0,1,0,1,1,0,0.9999999999999998,2360.7959835802185,75.13603627825889,24862.015656760625,6432,0
991.25,1.8,9.5,-2.8,1456.6195,70.20368,0.32799999999997453,0.0009999999999763531,0.00029999999992469384,-0.009484999999997967,-1.0000000003174137e-05,4.9999999873762135e-06,8776,0,1,0,1,1,0,0.9999999999999998,2360.692967004671,75.13547431445825,24863.763600230544,6433,0
991.75,1.8,9.5,-2.8,1456.9482,70.19418,0.3287000000000262,0.0007000000000516593,-0.00029999999992469384,-0.009500000000002728,-1.5000000004761205e-05,-5.000000001587068e-06,8777,0,1,0,1,1,0,0.9999999999999998,2360.590011346548,75.13491139644566,24865.511938140477,6434,0
991.75,1.8,9.5,-2.8,1457.2778,70.18467,0.32960000000002765,0.0009000000000014552,0.0001999999999497959,-0.009510000000005903,-1.0000000003174137e-05,5.000000001587068e-06,8778,0,1,0,1,1,0,0.9999999999999998,2360.4871166875496,75.13434752340814,24867.260671570428,6435,0
991.75,1.8,9.5,-2.8,1457.6083,70.175156,0.3305000000000291,0.0009000000000014552,0.0,-0.009513999999995804,-3.999999989900971e-06,6.000000013273166e-06,8779,0,1,0,1,1,0,0.9999999999999998,2360.3842831093393,75.1337826952164,24869.00980160039,6436,0
991.75,1.8,9.5,-2.8,1457.9396,70.16562,0.3312999999998283,0.0007999999997991836,-0.00010000000020227162,-0.009535999999997102,-2.200000000129876e-05,-1.8000000011397788e-05,8780,0,1,0,1,1,0,0.9999999999999998,2360.281510682155,75.13321690969137,24870.759329190372,6437,0
993.75,1.8,9.5,-2.8,1458.2717,70.15608,0.3321000000000822,0.0008000000002539309,4.547473508864641e-13,-0.009540000000001214,-4.0000000041118255e-06,1.7999999997186933e-05,8781,0,1,0,1,1,0,0.9999999999999998,2360.178799476201,75.13265016670462,24872.50925530037,6438,0
994.25,1.8,9.5,-2.8,1458.6046,70.14652,0.3328999999998814,0.0007999999997991836,-4.547473508864641e-13,-0.009560000000007562,-2.0000000006348273e-05,-1.6000000002236447e-05,8782,0,1,0,1,1,0,0.9999999999999998,2360.0761495616534,75.13208246430605,24874.259580890382,6439,0
994.5,1.8,9.5,-2.8,1458.9385,70.13696,0.33390000000008513,0.0010000000002037268,0.00020000000040454324,-0.009559999999993352,1.4210854715202004e-14,2.0000000020559128e-05,8783,0,1,0,1,1,0,0.9999999999999998,2359.9735610314206,75.13151380282332,24876.010307160414,6440,0
994.5,1.8,9.5,-2.8,1459.2731,70.12739,0.3346000000001368,0.0007000000000516593,-0.0003000000001520675,-0.009569999999996526,-1.0000000003174137e-05,-1.0000000017384991e-05,8784,0,1,0,1,1,0,0.9999999999999998,2359.871033944223,75.13094418144564,24877.76143495046,6441,0
993.75,1.8,9.5,-2.8,1459.6085,70.117805,0.33539999999993597,0.0007999999997991836,9.999999974752427e-05,-0.009585000000001287,-1.5000000004761205e-05,-5.000000001587068e-06,8785,0,1,0,1,1,0,0.9999999999999998,2359.7685683701343,75.13037359879354,24879.512965220518,6442,0
993.25,1.8,9.5,-2.8,1459.9447,70.10821,0.33619999999996253,0.0008000000000265572,2.2737367544323206e-13,-0.009595000000004461,-1.0000000003174137e-05,5.000000001587068e-06,8786,0,1,0,1,1,0,0.9999999999999998,2359.6661643791963,75.12980205405712,24881.264898930596,6443,0
991.75,1.8,9.5,-2.8,1460.2819,70.0986,0.3371999999999389,0.0009999999999763531,0.0001999999999497959,-0.009609999999995011,-1.499999999055035e-05,-4.9999999873762135e-06,8787,0,1,0,1,1,0,0.9999999999999998,2359.563822064178,75.129229545858,24883.01723728069,6444,0
990.75,1.8,9.5,-2.8,1460.6198,70.08899,0.33789999999999054,0.0007000000000516593,-0.00029999999992469384,-0.009610000000009222,-1.4210854715202004e-14,1.4999999976339495e-05,8788,0,1,0,1,1,0,0.9999999999999998,2359.4615414836726,75.12865607452497,24884.7699811108,6445,0
991.25,1.8,9.5,-2.8,1460.9586,70.07936,0.338799999999992,0.0009000000000014552,0.0001999999999497959,-0.00963000000000136,-1.9999999992137418e-05,-1.9999999977926564e-05,8789,0,1,0,1,1,0,0.9999999999999998,2359.3593227189986,75.12808163811148,24886.523131500926,6446,0
990.75,1.8,9.5,-2.8,1461.2982,70.069725,0.33960000000001855,0.0008000000000265572,-9.999999997489795e-05,-0.009634999999988736,-4.9999999873762135e-06,1.5000000004761205e-05,8790,0,1,0,1,1,0,0.9999999999999998,2359.2571658400634,75.12750623637811,24888.27668941107,6447,0
990.75,1.8,9.5,-2.8,1461.6385,70.06008,0.3403000000000702,0.0007000000000516593,-9.999999997489795e-05,-0.009645000000006121,-1.0000000017384991e-05,-5.000000030008778e-06,8791,0,1,0,1,1,0,0.9999999999999998,2359.1550709053686,75.12692986851684,24890.030655681225,6448,0
990.75,1.8,9.5,-2.8,1461.9799,70.05042,0.34140000000002146,0.001099999999951251,0.0003999999998995918,-0.009659999999996671,-1.499999999055035e-05,-4.999999973165359e-06,8792,0,1,0,1,1,0,0.9999999999999998,2359.0530380188784,75.12635253315136,24891.7850316314,6449,0
991.0,1.8,9.5,-2.8,1462.3219,70.04076,0.34199999999987085,0.0005999999998493877,-0.0005000000001018634,-0.009659999999996671,0.0,1.499999999055035e-05,8793,0,1,0,1,1,0,0.9999999999999998,2358.951067227655,75.12577423061178,24893.539817981593,6450,0
991.75,1.8,9.5,-2.8,1462.6648,70.03108,0.3429000000000997,0.0009000000002288289,0.0003000000003794412,-0.00968000000000302,-2.0000000006348273e-05,-2.0000000006348273e-05,8794,0,1,0,1,1,0,0.9999999999999998,2358.8491586128484,75.12519495895394,24895.2950158118,6451,0
991.75,1.8,9.5,-2.8,1463.0085,70.0214,0.34369999999989886,0.0007999999997991836,-0.0001000000004296453,-0.00968000000000302,0.0,2.0000000006348273e-05,8795,0,1,0,1,1,0,0.9999999999999998,2358.747312244202,75.12461471850843,24897.050626082026,6452,0
989.75,1.8,9.5,-2.8,1463.353,70.0117,0.3445000000001528,0.0008000000002539309,4.547473508864641e-13,-0.009699999999995157,-1.9999999992137418e-05,-1.9999999992137418e-05,8796,0,1,0,1,1,0,0.9999999999999998,2358.645528191429,75.12403350733204,24898.806649752267,6453,0
990.75,1.8,9.5,-2.8,1463.6985,70.00201,0.3454999999999018,0.0009999999997489795,0.00019999999949504854,-0.009690000000006194,9.999999988963282e-06,2.99999999811007e-05,8797,0,1,0,1,1,0,0.9999999999999998,2358.5438065469425,75.12345132689248,24900.56308802252,6454,0
989.75,1.8,9.5,-2.8,1464.0447,69.992294,0.34619999999995343,0.0007000000000516593,-0.00029999999969732016,-0.009715999999997393,-2.599999999119973e-05,-3.599999998016301e-05,8798,0,1,0,1,0,1,0.9999999999999998,2358.4421473690195,75.1228681745653,24902.319941732796,6455,0
989.75,1.8,9.5,-2.8,1464.3916,69.982574,0.3469000000000051,0.0007000000000516593,0.0,-0.009720000000001505,-4.0000000041118255e-06,2.1999999987087904e-05,8799,0,1,0,1,0,1,0.9999999999999998,2358.340550715909,75.12228405022728,24904.077211723088,6456,0
989.25,1.8,9.5,-2.8,1464.7395,69.97285,0.34789999999998145,0.0009999999999763531,0.00029999999992469384,-0.009724000000005617,-4.0000000041118255e-06,0.0,8800,0,1,0,1,0,1,0.9999999999999998,2358.2390166799228,75.12169895375524,24905.834899193396,6457,0
989.5,1.8,9.5,-2.8,1465.0881,69.963104,0.3486000000000331,0.0007000000000516593,-0.00029999999992469384,-0.009745999999992705,-2.1999999987087904e-05,-1.7999999982976078e-05,8801,0,1,0,1,0,1,0.9999999999999998,2358.137545319246,75.12111288298114,24907.59300498372,6458,0
990.25,1.8,9.5,-2.8,1465.4376,69.95336,0.34950000000003456,0.0009000000000014552,0.0001999999999497959,-0.009743999999997754,1.9999999949504854e-06,2.399999998203839e-05,8802,0,1,0,1,0,1,0.9999999999999998,2358.036136714756,75.12052583846416,24909.351530174063,6459,0
992.75,1.8,9.5,-2.8,1465.788,69.9436,0.350400000000036,0.0009000000000014552,0.0,-0.009759999999999991,-1.6000000002236447e-05,-1.7999999997186933e-05,8803,0,1,0,1,0,1,0.9999999999999998,2357.9347909472967,75.11993781871875,24911.11047584442,6460,0
992.25,1.8,9.5,-2.8,1466.139,69.93384,0.3509999999998854,0.0005999999998493877,-0.0003000000001520675,-0.009759999999999991,0.0,1.6000000002236447e-05,8804,0,1,0,1,0,1,0.9999999999999998,2357.8335080636,75.11934882407724,24912.869842714794,6461,0
993.75,1.8,9.5,-2.8,1466.491,69.92407,0.35200000000008913,0.0010000000002037268,0.00040000000035433914,-0.009770000000003165,-1.0000000003174137e-05,-1.0000000003174137e-05,8805,0,1,0,1,0,1,0.9999999999999998,2357.732288155803,75.11875885373608,24914.629631985186,6462,0
993.5,1.8,9.5,-2.8,1466.8438,69.91429,0.3528000000001157,0.0008000000000265572,-0.00020000000017716957,-0.00978000000000634,-1.0000000003174137e-05,0.0,8806,0,1,0,1,0,1,0.9999999999999998,2357.6311312932894,75.11816790689224,24916.389844615594,6463,0
992.75,1.8,9.5,-2.8,1467.1974,69.9045,0.35359999999991487,0.0007999999997991836,-2.2737367544323206e-13,-0.009789999999995302,-9.999999988963282e-06,1.4210854715202004e-14,8807,0,1,0,1,0,1,0.9999999999999998,2357.5300375454135,75.11757598274296,24918.15048156602,6464,0
992.25,1.8,9.5,-2.8,1467.5518,69.89471,0.35439999999994143,0.0008000000000265572,2.2737367544323206e-13,-0.009789999999995302,0.0,9.999999988963282e-06,8808,0,1,0,1,0,1,0.9999999999999998,2357.429006981496,75.11698308162107,24919.91154379646,6465,0
991.25,1.8,9.5,-2.8,1467.907,69.8849,0.355199999999968,0.0008000000000265572,0.0,-0.00981000000000165,-2.0000000006348273e-05,-2.0000000006348273e-05,8809,0,1,0,1,0,1,0.9999999999999998,2357.3280396708287,75.1163892015891,24921.67303226692,6466,0
990.75,1.8,9.5,-2.8,1468.263,69.87509,0.35599999999999454,0.0008000000000265572,0.0,-0.00981000000000165,0.0,2.0000000006348273e-05,8810,0,1,0,1,0,1,0.9999999999999998,2357.2271356826695,75.11579434298037,24923.434947937396,6467,0
991.25,1.8,9.5,-2.8,1468.6199,69.86527,0.356899999999996,0.0009000000000014552,9.999999997489795e-05,-0.009820000000004825,-1.0000000003174137e-05,-1.0000000003174137e-05,8811,0,1,0,1,0,1,0.9999999999999998,2357.1262950975943,75.1151985049932,24925.197291887893,6468,0
991.25,1.8,9.5,-2.8,1468.9775,69.855446,0.35760000000004766,0.0007000000000516593,-0.0001999999999497959,-0.009823999999994726,-3.999999989900971e-06,6.000000013273166e-06,8812,0,1,0,1,0,1,0.9999999999999998,2357.025517973448,75.1146016875071,24926.960064958403,6469,0
989.75,1.8,9.5,-2.8,1469.3359,69.84561,0.3584000000000742,0.0008000000000265572,9.999999997489795e-05,-0.009836000000007061,-1.2000000012335477e-05,-8.000000022434506e-06,8813,0,1,0,1,0,1,0.9999999999999998,2356.9248043793964,75.11400388949399,24928.72326810893,6470,0
989.75,1.8,9.5,-2.8,1469.6953,69.83577,0.35940000000005057,0.0009999999999763531,0.0001999999999497959,-0.009839999999996962,-3.999999989900971e-06,8.000000022434506e-06,8814,0,1,0,1,0,1,0.9999999999999998,2356.8241544072607,75.11340511083381,24930.486902539476,6471,0
988.75,1.8,9.5,-2.8,1470.0553,69.82592,0.35999999999989996,0.0005999999998493877,-0.00040000000012696546,-0.009850000000000136,-1.0000000003174137e-05,-6.000000013273166e-06,8815,0,1,0,1,0,1,0.9999999999999998,2356.723568103448,75.11280535072595,24932.25096897004,6472,0
987.75,1.8,9.5,-2.8,1470.4163,69.81607,0.3610000000001037,0.0010000000002037268,0.00040000000035433914,-0.009850000000000136,0.0,1.0000000003174137e-05,8816,0,1,0,1,0,1,0.9999999999999998,2356.6230455597142,75.11220460950437,24934.015468600617,6473,0
988.0,1.8,9.5,-2.8,1470.778,69.806206,0.36169999999992797,0.0006999999998242856,-0.0003000000003794412,-0.009863999999993212,-1.3999999993075107e-05,-1.3999999993075107e-05,8817,0,1,0,1,0,1,0.9999999999999998,2356.522586833749,75.11160288591518,24935.780402271215,6474,0
988.75,1.8,9.5,-2.8,1471.1405,69.79633,0.3624999999999545,0.0008000000000265572,0.00010000000020227162,-0.009876000000005547,-1.2000000012335477e-05,1.9999999807396307e-06,8818,0,1,0,1,0,1,0.9999999999999998,2356.422191994557,75.11100017893185,24937.54577094183,6475,0
989.25,1.8,9.5,-2.8,1471.5039,69.78646,0.363399999999956,0.0009000000000014552,9.999999997489795e-05,-0.009869999999992274,6.000000013273166e-06,1.8000000025608642e-05,8819,0,1,0,1,0,1,0.9999999999999998,2356.321861122449,75.11039648956915,24939.311575692464,6476,0
990.25,1.8,10.5,-2.8,1471.868,69.77658,0.36410000000000764,0.0007000000000516593,-0.0001999999999497959,-0.009880000000009659,-1.0000000017384991e-05,-1.6000000030658157e-05,8820,0,1,0,1,0,1,0.9999999999999998,2356.2215942750254,75.10979181702756,24941.07781736311,6477,0
991.75,1.8,10.5,-2.8,1472.233,69.766685,0.3650000000000091,0.0009000000000014552,0.0001999999999497959,-0.00989500000000021,-1.499999999055035e-05,-4.999999973165359e-06,8821,0,1,0,1,0,1,0.9999999999999998,2356.121391532532,75.10918615994105,24942.84449703378,6478,0
991.5,1.8,10.5,-2.8,1472.5988,69.75679,0.36580000000003565,0.0008000000000265572,-9.999999997489795e-05,-0.00989500000000021,0.0,1.499999999055035e-05,8822,0,1,0,1,0,1,0.9999999999999998,2356.0212529638443,75.10857951864445,24944.611615664464,6479,0
991.75,1.8,10.5,-2.8,1472.9653,69.746895,0.3665000000000873,0.0007000000000516593,-9.999999997489795e-05,-0.00989500000000021,0.0,0.0,8823,0,1,0,1,0,1,0.9999999999999998,2355.921178626473,75.10797189347234,24946.379174095167,6480,0
992.0,1.8,10.5,-2.8,1473.3328,69.736984,0.3674999999998363,0.0009999999997489795,0.00029999999969732016,-0.009910999999988235,-1.5999999988025593e-05,-1.5999999988025593e-05,8824,0,1,0,1,0,1,0.9999999999999998,2355.821168611898,75.10736328294618,24948.147173525886,6481,0
993.75,1.8,10.5,-2.8,1473.7009,69.72707,0.3681000000001404,0.000600000000304135,-0.00039999999944484443,-0.009914000000009082,-3.0000000208474376e-06,1.2999999967178155e-05,8825,0,1,0,1,0,1,0.9999999999999998,2355.7212229662364,75.10675368706094,24949.915614676625,6482,0
991.25,1.8,10.5,-2.8,1474.07,69.71715,0.3690999999998894,0.0009999999997489795,0.00039999999944484443,-0.009919999999993934,-5.999999984851456e-06,-2.9999999640040187e-06,8826,0,1,0,1,0,1,0.9999999999999998,2355.6213417808995,75.10614310547184,24951.68449874738,6483,0
989.75,1.8,10.5,-2.8,1474.4397,69.70722,0.36969999999996617,0.0006000000000767614,-0.0003999999996722181,-0.009929999999997108,-1.0000000003174137e-05,-4.00000001832268e-06,8827,0,1,0,1,0,1,0.9999999999999998,2355.5215251019486,75.10553153738105,24953.453826458153,6484,0
989.75,1.8,10.5,-2.8,1474.8103,69.697296,0.370600000000195,0.0009000000002288289,0.0003000000001520675,-0.009924000000012256,5.999999984851456e-06,1.5999999988025593e-05,8828,0,1,0,1,0,1,0.9999999999999998,2355.421773009401,75.10491898380337,24955.223598888944,6485,0
989.75,1.8,10.5,-2.8,1475.1818,69.687355,0.3714999999999691,0.0008999999997740815,-4.547473508864641e-13,-0.009940999999997757,-1.6999999985500835e-05,-2.2999999970352292e-05,8829,0,1,0,1,0,1,0.9999999999999998,2355.322085583239,75.10430544314836,24956.993817119754,6486,0
988.25,1.8,10.5,-2.8,1475.554,69.677414,0.37220000000002074,0.0007000000000516593,-0.00019999999972242222,-0.009940999999997757,0.0,1.6999999985500835e-05,8830,0,1,0,1,0,1,0.9999999999999998,2355.2224628807608,75.10369091575133,24958.76448199058,6487,0
988.25,1.8,10.5,-2.8,1475.927,69.667465,0.3729999999998199,0.0007999999997991836,9.999999974752427e-05,-0.00994899999999177,-7.999999994012796e-06,-7.999999994012796e-06,8831,0,1,0,1,0,1,0.9999999999999998,2355.1229049705616,75.10307540104166,24960.535594461424,6488,0
988.5,1.8,10.5,-2.8,1476.3008,69.65752,0.37380000000007385,0.0008000000002539309,4.547473508864641e-13,-0.009945000000001869,3.999999989900971e-06,1.1999999983913767e-05,8832,0,1,0,1,0,1,0.9999999999999998,2355.0234119212046,75.10245889980754,24962.307155492286,6489,0
989.25,1.8,10.5,-2.8,1476.6754,69.64755,0.3746000000001004,0.0008000000000265572,-2.2737367544323206e-13,-0.009970000000009804,-2.500000000793534e-05,-2.8999999997836312e-05,8833,0,1,0,1,0,1,0.9999999999999998,2354.9239838012227,75.101841409554,24964.079166043168,6490,0
988.75,1.8,10.5,-2.8,1477.0509,69.63759,0.3754999999998745,0.0008999999997740815,9.999999974752427e-05,-0.00995999999999242,1.0000000017384991e-05,3.500000002532033e-05,8834,0,1,0,1,0,1,0.9999999999999998,2354.824620690436,75.10122293174874,24965.851627194064,6491,0
987.75,1.8,10.5,-2.8,1477.4271,69.627625,0.3762000000001535,0.000700000000279033,-0.00019999999949504854,-0.009965000000008217,-5.000000015797923e-06,-1.5000000033182914e-05,8835,0,1,0,1,0,1,0.9999999999999998,2354.7253226459934,75.10060346616116,24967.62453978498,6492,0
985.75,1.8,10.5,-2.8,1477.8041,69.61765,0.3769999999999527,0.0007999999997991836,9.99999995201506e-05,-0.00997499999999718,-9.999999988963282e-06,-4.999999973165359e-06,8836,0,1,0,1,0,1,0.9999999999999998,2354.626089736336,75.09998301199502,24969.397904775917,6493,0
985.5,1.8,10.5,-2.8,1478.182,69.60767,0.37789999999995416,0.0009000000000014552,0.00010000000020227162,-0.009979999999998768,-5.000000001587068e-06,4.9999999873762135e-06,8837,0,1,0,1,0,1,0.9999999999999998,2354.5269220411856,75.09936156902013,24971.17172324687,6494,0
986.75,1.8,10.5,-2.8,1478.5605,69.59769,0.3785000000000309,0.0006000000000767614,-0.00029999999992469384,-0.009979999999998768,0.0,5.000000001587068e-06,8838,0,1,0,1,0,1,0.9999999999999998,2354.42781960629,75.09873913757212,24972.94599591784,6495,0
985.75,1.8,10.5,-2.8,1478.9401,69.5877,0.3795999999999822,0.001099999999951251,0.0004999999998744897,-0.009990000000001942,-1.0000000003174137e-05,-1.0000000003174137e-05,8839,0,1,0,1,0,1,0.9999999999999998,2354.3287825339366,75.0981157168552,24974.72072410883,6496,0
984.75,1.8,10.5,-2.8,1479.3202,69.57771,0.38010000000008404,0.0005000000001018634,-0.0005999999998493877,-0.009990000000001942,0.0,1.0000000003174137e-05,8840,0,1,0,1,0,1,0.9999999999999998,2354.2298108585005,75.09749130720506,24976.495908419834,6497,0
985.75,1.8,10.5,-2.8,1479.7013,69.56772,0.381099999999833,0.0009999999997489795,0.0004999999996471161,-0.009990000000001942,0.0,0.0,8841,0,1,0,1,0,1,0.9999999999999998,2354.130904670889,75.09686590895726,24978.27155005086,6498,0
986.75,1.8,10.5,-2.8,1480.083,69.55772,0.38170000000013715,0.000600000000304135,-0.00039999999944484443,-0.009999999999990905,-9.999999988963282e-06,-9.999999988963282e-06,8842,0,1,0,1,0,1,0.9999999999999998,2354.0320640167365,75.0962395213163,24980.047649721906,6499,0
987.25,1.8,10.5,-2.8,1480.4657,69.547714,0.38269999999988613,0.0009999999997489795,0.00039999999944484443,-0.010006000000004178,-6.000000013273166e-06,3.999999975690116e-06,8843,0,1,0,1,0,1,0.9999999999999998,2353.933288986884,75.0956121439394,24981.824208632966,6500,0
987.75,1.8,10.5,-2.8,1480.8491,69.537704,0.3833999999999378,0.0007000000000516593,-0.00029999999969732016,-0.01000999999999408,-3.999999989900971e-06,2.000000023372195e-06,8844,0,1,0,1,0,1,0.9999999999999998,2353.8345796382137,75.09498377671001,24983.601227624047,6501,0
987.5,1.8,10.5,-2.8,1481.2333,69.527695,0.3842000000001917,0.0008000000002539309,0.00010000000020227162,-0.010009000000010815,9.99999983264388e-07,4.999999973165359e-06,8845,0,1,0,1,0,1,0.9999999999999998,2353.7359360388878,75.09435442007687,24985.37870765515,6502,0
984.75,1.8,10.5,-2.8,1481.6183,69.51768,0.3849999999999909,0.0007999999997991836,-4.547473508864641e-13,-0.010014999999995666,-5.999999984851456e-06,-6.999999968115844e-06,8846,0,1,0,1,0,1,0.9999999999999998,2353.6373582570363,75.0937240736973,24987.156649686265,6503,0
983.25,1.8,10.5,-2.8,1482.004,69.50766,0.3856999999998152,0.0006999999998242856,-9.999999997489795e-05,-0.010019999999997253,-5.000000001587068e-06,9.99999983264388e-07,8847,0,1,0,1,0,1,0.9999999999999998,2353.5388463494573,75.09309273734178,24988.9350545574,6504,0
983.5,1.8,10.5,-2.8,1482.3906,69.497635,0.386600000000044,0.0009000000002288289,0.00020000000040454324,-0.01002499999999884,-5.000000001587068e-06,0.0,8848,0,1,0,1,0,1,0.9999999999999998,2353.440400395525,75.09246041078087,24990.713923348558,6505,0
984.25,1.8,10.5,-2.8,1482.7781,69.48761,0.3875000000000455,0.0009000000000014552,-2.2737367544323206e-13,-0.01002499999999884,0.0,5.000000001587068e-06,8849,0,1,0,1,0,1,0.9999999999999998,2353.342020474576,75.0918270943503,24992.49325713973,6506,0
985.25,1.8,10.5,-2.8,1483.1661,69.477585,0.38799999999991996,0.0004999999998744897,-0.00040000000012696546,-0.01002499999999884,0.0,0.0,8850,0,1,0,1,0,1,0.9999999999999998,2353.243706620721,75.0911927883855,24994.27305653092,6507,0
983.25,1.8,10.5,-2.8,1483.5552,69.46755,0.3891000000000986,0.0011000000001786248,0.000600000000304135,-0.010035000000002015,-1.0000000003174137e-05,-1.0000000003174137e-05,8851,0,1,0,1,0,1,0.9999999999999998,2353.1454589358336,75.09055749209217,24996.053322842134,6508,0
983.0,1.8,10.5,-2.8,1483.9448,69.45752,0.3895999999999731,0.0004999999998744897,-0.000600000000304135,-0.010030000000000427,5.000000001587068e-06,1.5000000004761205e-05,8852,0,1,0,1,0,1,0.9999999999999998,2353.0472774539703,75.08992120637072,24997.83405667336,6509,0
982.25,1.8,10.5,-2.8,1484.3354,69.44748,0.39059999999994943,0.0009999999999763531,0.0005000000001018634,-0.010040000000003602,-1.0000000003174137e-05,-1.5000000004761205e-05,8853,0,1,0,1,0,1,0.9999999999999998,2352.949162265643,75.08928393042693,24999.61525922461,6510,0
982.25,1.8,10.5,-2.8,1484.7267,69.43744,0.3913000000000011,0.0007000000000516593,-0.00029999999992469384,-0.010040000000003602,0.0,1.0000000003174137e-05,8854,0,1,0,1,0,1,0.9999999999999998,2352.851113427442,75.08864566459627,25001.396931335876,6511,0
983.75,1.8,10.5,-2.8,1485.1189,69.42739,0.39220000000000255,0.0009000000000014552,0.0001999999999497959,-0.010049999999992565,-9.999999988963282e-06,-9.999999988963282e-06,8855,0,1,0,1,0,1,0.9999999999999998,2352.7531310185186,75.08800640808491,25003.179074087162,6512,0
985.75,1.7,10.5,-2.8,1485.5117,69.41735,0.3928000000000793,0.0006000000000767614,-0.00029999999992469384,-0.010040000000003602,9.999999988963282e-06,1.9999999977926564e-05,8856,0,1,0,1,0,1,1.0999999999999999,2352.655215084114,75.08736616235745,25004.961688198466,6513,0
985.75,1.7,10.5,-2.8,1485.9054,69.407295,0.39370000000008076,0.0009000000000014552,0.00029999999992469384,-0.010054999999994152,-1.499999999055035e-05,-2.4999999979513632e-05,8857,0,1,0,1,0,1,1.0999999999999999,2352.5573657033187,75.08672492605554,25006.74477474979,6514,0
985.25,1.7,10.5,-2.8,1486.2999,69.39725,0.39449999999987995,0.0007999999997991836,-0.00010000000020227162,-0.010045000000005189,9.999999988963282e-06,2.4999999979513632e-05,8858,0,1,0,1,0,1,1.0999999999999999,2352.459582943899,75.08608270064342,25008.528334701132,6515,0
985.25,1.7,10.5,-2.8,1486.6952,69.38719,0.3953000000001339,0.0008000000002539309,4.547473508864641e-13,-0.010059999999995739,-1.499999999055035e-05,-2.4999999979513632e-05,8859,0,1,0,1,0,1,1.0999999999999999,2352.3618668735894,75.08543948476297,25010.312369012496,6516,0
985.0,1.7,10.5,-2.8,1487.0912,69.37714,0.39599999999995816,0.0006999999998242856,-0.0001000000004296453,-0.010050000000006776,9.999999988963282e-06,2.4999999979513632e-05,8860,0,1,0,1,0,1,1.0999999999999999,2352.2642175488095,75.08479527987811,25012.096878523877,6517,0
985.0,1.7,10.5,-2.8,1487.488,69.36708,0.3967999999999847,0.0008000000000265572,0.00010000000020227162,-0.010059999999995739,-9.999999988963282e-06,-1.9999999977926564e-05,8861,0,1,0,1,0,1,1.0999999999999999,2352.166635037238,75.0841500851952,25013.881864195275,6518,0
985.0,1.7,10.5,-2.8,1487.8856,69.35702,0.3976000000000113,0.0008000000000265572,0.0,-0.010059999999995739,0.0,9.999999988963282e-06,8862,0,1,0,1,0,1,1.0999999999999999,2352.0691194065216,75.0835039010493,25015.66732698669,6519,0
986.25,1.7,10.5,-2.8,1488.284,69.34696,0.39840000000003783,0.0008000000000265572,0.0,-0.01006000000000995,-1.4210854715202004e-14,-1.4210854715202004e-14,8863,0,1,0,1,0,1,1.0999999999999999,2351.971670724278,75.08285672777527,25017.45326785813,6520,0
986.0,1.7,10.5,-2.8,1488.6832,69.3369,0.399199999999837,0.0007999999997991836,-2.2737367544323206e-13,-0.010059999999995739,1.4210854715202004e-14,2.842170943040401e-14,8864,0,1,0,1,0,1,1.0999999999999999,2351.874289058094,75.08220856570783,25019.239687769586,6521,0
987.25,1.7,10.5,-2.8,1489.0831,69.326836,0.39990000000011605,0.000700000000279033,-9.99999995201506e-05,-0.01006399999999985,-4.0000000041118255e-06,-4.00000001832268e-06,8865,0,1,0,1,0,1,1.0999999999999999,2351.7769744642455,75.08155941473044,25021.026587561064,6522,0
986.25,1.7,10.5,-2.8,1489.4839,69.316765,0.40079999999989013,0.0008999999997740815,0.00019999999949504854,-0.010070999999996388,-6.999999996537554e-06,-2.999999992425728e-06,8866,0,1,0,1,0,1,1.0999999999999999,2351.6797270215407,75.08090927438819,25022.81396831256,6523,0
986.25,1.7,10.5,-2.8,1489.8855,69.3067,0.40160000000014406,0.0008000000002539309,-9.99999995201506e-05,-0.010064999999997326,5.999999999062311e-06,1.2999999995599865e-05,8867,0,1,0,1,0,1,1.0999999999999999,2351.5825467974737,75.08025814569237,25024.601830984073,6524,0
988.25,1.7,10.5,-2.8,1490.2877,69.29663,0.40219999999999345,0.0005999999998493877,-0.00020000000040454324,-0.010070000000013124,-5.000000015797923e-06,-1.1000000014860234e-05,8868,0,1,0,1,0,1,1.0999999999999999,2351.48543383696,75.07960602841358,25026.39017629561,6525,0
989.25,1.7,10.5,-2.8,1490.6908,69.28656,0.4030999999999949,0.0009000000000014552,0.0003000000001520675,-0.010069999999998913,1.4210854715202004e-14,5.000000030008778e-06,8869,0,1,0,1,0,1,1.0999999999999999,2351.3883882187147,75.07895292288613,25028.17900532716,6526,0
989.25,1.7,10.5,-2.8,1491.0947,69.27649,0.40390000000002146,0.0008000000000265572,-9.999999997489795e-05,-0.010069999999998913,0.0,-1.4210854715202004e-14,8870,0,1,0,1,0,1,1.0999999999999999,2351.2914100101457,75.07829882944425,25029.968319038733,6527,0
990.25,1.7,10.5,-2.8,1491.4993,69.26642,0.40459999999984575,0.0006999999998242856,-0.00010000000020227162,-0.010069999999998913,0.0,0.0,8871,0,1,0,1,0,1,1.0999999999999999,2351.194499267358,75.077643748422,25031.758118270325,6528,0
990.25,1.7,10.5,-2.8,1491.9048,69.25634,0.4055000000000746,0.0009000000002288289,0.00020000000040454324,-0.010080000000002087,-1.0000000003174137e-05,-1.0000000003174137e-05,8872,0,1,0,1,0,1,1.0999999999999999,2351.0976560689733,75.07698767902626,25033.548404101937,6529,0
988.75,1.7,10.5,-2.8,1492.3109,69.24627,0.40609999999992397,0.0005999999998493877,-0.0003000000003794412,-0.010069999999998913,1.0000000003174137e-05,2.0000000006348273e-05,8873,0,1,0,1,0,1,1.0999999999999999,2351.00088045977,75.07633062271805,25035.339177253565,6530,0
989.0,1.7,10.5,-2.8,1492.7179,69.2362,0.4070000000001528,0.0009000000002288289,0.0003000000003794412,-0.010069999999998913,0.0,-1.0000000003174137e-05,8874,0,1,0,1,0,1,1.0999999999999999,2350.90417251831,75.07567257983098,25037.130438805216,6531,0
990.25,1.7,10.5,-2.8,1493.1256,69.22612,0.4076999999999771,0.0006999999998242856,-0.00020000000040454324,-0.010080000000002087,-1.0000000003174137e-05,-1.0000000003174137e-05,8875,0,1,0,1,0,1,1.0999999999999999,2350.807532300586,75.07501354957188,25038.922189596888,6532,0
991.25,1.7,10.5,-2.8,1493.5342,69.21605,0.40859999999997854,0.0009000000000014552,0.00020000000017716957,-0.010069999999998913,1.0000000003174137e-05,2.0000000006348273e-05,8876,0,1,0,1,0,1,1.0999999999999999,2350.7109598850966,75.07435353340092,25040.714430708576,6533,0
993.25,1.7,10.5,-2.8,1493.9435,69.20597,0.4093000000000302,0.0007000000000516593,-0.0001999999999497959,-0.010080000000002087,-1.0000000003174137e-05,-2.0000000006348273e-05,8877,0,1,0,1,0,1,1.0999999999999999,2350.6144553277763,75.0736925305249,25042.507162980288,6534,0
993.25,1.7,10.5,-2.8,1494.3535,69.19589,0.4099999999998545,0.0006999999998242856,-2.2737367544323206e-13,-0.010079999999987876,1.4210854715202004e-14,1.0000000017384991e-05,8878,0,1,0,1,0,1,1.0999999999999999,2350.5180186845364,75.07303054127718,25044.300387252017,6535,0
993.25,1.7,10.5,-2.8,1494.7644,69.18582,0.4109000000000833,0.0009000000002288289,0.00020000000040454324,-0.010069999999998913,9.999999988963282e-06,9.999999974752427e-06,8879,0,1,0,1,0,1,1.0999999999999999,2350.421650033784,75.07236756711713,25046.094104603762,6536,0
993.25,1.7,10.5,-2.8,1495.176,69.17574,0.4115999999999076,0.0006999999998242856,-0.00020000000040454324,-0.010080000000002087,-1.0000000003174137e-05,-1.9999999992137418e-05,8880,0,1,0,1,0,1,1.0999999999999999,2350.3253494313703,75.07170360725144,25047.88831587553,6537,0
990.75,1.7,10.5,-2.8,1495.5884,69.16567,0.4124000000001615,0.0008000000002539309,0.0001000000004296453,-0.010069999999998913,1.0000000003174137e-05,2.0000000006348273e-05,8881,0,1,0,1,0,1,1.0999999999999999,2350.229116944382,75.07103866313894,25049.683022027322,6538,0
991.25,1.7,10.5,-2.8,1496.0016,69.155594,0.4131999999999607,0.0007999999997991836,-4.547473508864641e-13,-0.010076000000012186,-6.000000013273166e-06,-1.6000000016447302e-05,8882,0,1,0,1,0,1,1.0999999999999999,2350.132952639874,75.07037273443657,25051.478224019127,6539,0
991.0,1.7,10.5,-2.8,1496.4155,69.14552,0.41390000000001237,0.0007000000000516593,-9.999999974752427e-05,-0.010073999999988814,2.000000023372195e-06,8.00000003664536e-06,8883,0,1,0,1,0,1,1.0999999999999999,2350.0368565736158,75.06970582170193,25053.273922690958,6540,0
993.25,1.7,10.5,-2.8,1496.8302,69.135445,0.4147000000000389,0.0008000000000265572,9.999999997489795e-05,-0.0100750000000005,-1.0000000116860974e-06,-3.0000000350582923e-06,8884,0,1,0,1,0,1,1.0999999999999999,2349.9408288126056,75.06903792515475,25055.070119002805,6541,0
992.25,1.7,10.5,-2.6,1497.2457,69.125374,0.4154999999998381,0.0007999999997991836,-2.2737367544323206e-13,-0.0100710000000106,3.999999989900971e-06,5.000000001587068e-06,8885,0,1,0,1,0,1,0.9000000000000001,2349.8448694238127,75.06836904557731,25056.866813914672,6542,0
993.25,1.7,10.5,-2.6,1497.6619,69.1153,0.41620000000011714,0.000700000000279033,-9.99999995201506e-05,-0.010073999999988814,-2.9999999782148734e-06,-6.999999968115844e-06,8886,0,1,0,1,0,1,0.9000000000000001,2349.7489784629233,75.06769918296388,25058.66400826656,6543,0
994.25,1.7,10.5,-2.6,1498.079,69.105225,0.4170999999998912,0.0008999999997740815,0.00019999999949504854,-0.0100750000000005,-1.0000000116860974e-06,1.999999966528776e-06,8887,0,1,0,1,0,1,0.9000000000000001,2349.6531560081007,75.06702833753376,25060.46170313847,6544,0
992.75,1.7,10.5,-2.6,1498.4967,69.09515,0.417699999999968,0.0006000000000767614,-0.00029999999969732016,-0.0100750000000005,0.0,1.0000000116860974e-06,8888,0,1,0,1,0,1,0.9000000000000001,2349.5574021037237,75.06635650961863,25062.259899250395,6545,0
993.75,1.7,10.5,-2.6,1498.9153,69.08509,0.41859999999996944,0.0009000000000014552,0.00029999999992469384,-0.01006000000000995,1.499999999055035e-05,1.499999999055035e-05,8889,0,1,0,1,0,1,0.9000000000000001,2349.4617168278965,75.06568370123735,25064.058597682342,6546,0
993.75,1.7,10.5,-2.6,1499.3346,69.07502,0.4193000000000211,0.0007000000000516593,-0.0001999999999497959,-0.010069999999998913,-9.999999988963282e-06,-2.4999999979513632e-05,8890,0,1,0,1,0,1,0.9000000000000001,2349.366100236194,75.065009911596,25065.857799274312,6547,0
993.25,1.7,10.5,-2.6,1499.7546,69.06495,0.42000000000007276,0.0007000000000516593,0.0,-0.010069999999998913,0.0,9.999999988963282e-06,8891,0,1,0,1,0,1,0.9000000000000001,2349.2705523841655,75.06433514102564,25067.6575048663,6548,0
994.25,1.7,10.5,-2.6,1500.1755,69.054886,0.4209000000000742,0.0009000000000014552,0.0001999999999497959,-0.01006399999999985,5.999999999062311e-06,5.999999999062311e-06,8892,0,1,0,1,0,1,0.9000000000000001,2349.1750733498257,75.06365939053187,25069.45771553831,6549,0
992.75,1.7,10.5,-2.6,1500.5972,69.04482,0.4216999999998734,0.0007999999997991836,-0.00010000000020227162,-0.010065999999994801,-1.9999999949504854e-06,-7.999999994012796e-06,8893,0,1,0,1,0,1,0.9000000000000001,2349.07966319991,75.06298266022037,25071.258432250335,6550,0
992.75,1.7,10.5,-2.6,1501.0195,69.03476,0.42230000000017753,0.000600000000304135,-0.00019999999949504854,-0.010059999999995739,5.999999999062311e-06,7.999999994012796e-06,8894,0,1,0,1,0,1,0.9000000000000001,2348.98432197864,75.06230495109612,25073.059655722387,6551,0
991.75,1.7,10.5,-2.6,1501.4426,69.0247,0.4230999999999767,0.0007999999997991836,0.00019999999949504854,-0.01006000000000995,-1.4210854715202004e-14,-6.000000013273166e-06,8895,0,1,0,1,0,1,0.9000000000000001,2348.8890497526977,75.06162626348922,25074.861386914454,6552,0
989.75,1.7,10.5,-2.6,1501.8666,69.01464,0.42399999999997817,0.0009000000000014552,0.00010000000020227162,-0.010059999999995739,1.4210854715202004e-14,2.842170943040401e-14,8896,0,1,0,1,0,1,0.9000000000000001,2348.7938465999773,75.06094659772957,25076.663626906546,6553,0
990.25,1.7,10.5,-2.6,1502.2911,69.00458,0.42449999999985266,0.0004999999998744897,-0.00040000000012696546,-0.010059999999995739,0.0,-1.4210854715202004e-14,8897,0,1,0,1,0,1,0.9000000000000001,2348.698712553383,75.060265954147,25078.466376298657,6554,0
990.25,1.7,10.5,-2.6,1502.7167,68.99452,0.4256000000000313,0.0011000000001786248,0.000600000000304135,-0.01006000000000995,-1.4210854715202004e-14,-1.4210854715202004e-14,8898,0,1,0,1,0,1,0.9000000000000001,2348.6036477132266,75.05958433307113,25080.269636410787,6555,0
990.25,1.7,10.5,-2.6,1503.1428,68.984474,0.42610000000013315,0.0005000000001018634,-0.0006000000000767614,-0.010045999999988453,1.4000000021496817e-05,1.4000000035707671e-05,8899,0,1,0,1,0,1,0.9000000000000001,2348.50865211236,75.05890173640451,25082.073407842938,6556,0
990.25,1.7,10.5,-2.6,1503.5697,68.97442,0.42689999999993233,0.0007999999997991836,0.00029999999969732016,-0.010054000000010888,-8.000000022434506e-06,-2.2000000043931323e-05,8900,0,1,0,1,0,1,0.9000000000000001,2348.4137258173237,75.05821816357714,25083.877691555106,6557,0
991.25,1.7,10.5,-2.6,1503.9974,68.96437,0.4276999999999589,0.0008000000000265572,2.2737367544323206e-13,-0.010049999999992565,4.00000001832268e-06,1.2000000040757186e-05,8901,0,1,0,1,0,1,0.9000000000000001,2348.3188688946307,75.05753361536733,25085.6824885073,6558,0
991.0,1.6,10.5,-2.6,1504.4259,68.95433,0.42849999999998545,0.0008000000000265572,0.0,-0.010040000000003602,9.999999988963282e-06,5.9999999706406015e-06,8902,0,1,0,1,0,1,1.0,2348.2240814107604,75.056848093227,25087.487799659513,6559,0
990.25,1.6,10.5,-2.6,1504.8551,68.94428,0.4292000000000371,0.0007000000000516593,-9.999999997489795e-05,-0.010049999999992565,-9.999999988963282e-06,-1.9999999977926564e-05,8903,0,1,0,1,0,1,1.0,2348.1293634209346,75.05616159636119,25089.293625851744,6560,0
990.0,1.6,10.5,-2.6,1505.2852,68.93424,0.43010000000003856,0.0009000000000014552,0.0001999999999497959,-0.010040000000003602,9.999999988963282e-06,1.9999999977926564e-05,8904,0,1,0,1,0,1,1.0,2348.0347150028074,75.05547412622123,25091.099968164,6561,0
989.25,1.6,10.5,-2.6,1505.7158,68.92421,0.43059999999991305,0.0004999999998744897,-0.00040000000012696546,-0.010030000000000427,1.0000000003174137e-05,1.4210854715202004e-14,8905,0,1,0,1,0,1,1.0,2347.940136189086,75.0547856842578,25092.90682719627,6562,0
988.75,1.6,10.5,-2.6,1506.1473,68.91417,0.4315000000001419,0.0009000000002288289,0.00040000000035433914,-0.010040000000003602,-1.0000000003174137e-05,-2.0000000006348273e-05,8906,0,1,0,1,0,1,1.0,2347.8456270573706,75.05409626967553,25094.71420402857,6563,0
990.25,1.6,10.5,-2.6,1506.5796,68.90414,0.43229999999994106,0.0007999999997991836,-0.0001000000004296453,-0.010030000000000427,1.0000000003174137e-05,2.0000000006348273e-05,8907,0,1,0,1,0,1,1.0,2347.751187674001,75.05340588392455,25096.522099620885,6564,0
991.25,1.6,10.5,-2.6,1507.0127,68.89411,0.4330999999999676,0.0008000000000265572,2.2737367544323206e-13,-0.010030000000000427,0.0,-1.0000000003174137e-05,8908,0,1,0,1,0,1,1.0,2347.656818105287,75.0527145273319,25098.33051493322,6565,0
991.0,1.6,10.5,-2.6,1507.4464,68.88409,0.4337000000000444,0.0006000000000767614,-0.0001999999999497959,-0.010019999999997253,1.0000000003174137e-05,1.0000000003174137e-05,8909,0,1,0,1,0,1,1.0,2347.5625183950615,75.0520222013468,25100.13945068558,6566,0
989.75,1.6,10.5,-2.6,1507.881,68.87406,0.43460000000004584,0.0009000000000014552,0.00029999999992469384,-0.010030000000000427,-1.0000000003174137e-05,-2.0000000006348273e-05,8910,0,1,0,1,0,1,1.0,2347.4682886208057,75.05132890517338,25101.948907957954,6567,0
989.75,1.6,10.5,-2.6,1508.3162,68.864044,0.4351999999998952,0.0005999999998493877,-0.0003000000001520675,-0.010015999999993142,1.4000000007285962e-05,2.40000000104601e-05,8911,0,1,0,1,0,1,1.0,2347.3741288263013,75.05063464070916,25103.758887470354,6568,0
988.25,1.6,10.5,-2.6,1508.7522,68.854034,0.4359999999999218,0.0008000000000265572,0.00020000000017716957,-0.01001000000000829,5.999999984851456e-06,-8.000000022434506e-06,8912,0,1,0,1,0,1,1.0,2347.2800390777516,75.04993940895321,25105.569390182776,6569,0
988.5,1.6,10.5,-2.6,1509.189,68.844025,0.4368000000001757,0.0008000000002539309,2.2737367544323206e-13,-0.010008999999996604,1.0000000116860974e-06,-4.999999973165359e-06,8913,0,1,0,1,0,1,1.0,2347.186019441328,75.04924321034328,25107.380417055218,6570,0
987.75,1.6,10.5,-2.6,1509.6266,68.834015,0.4375999999999749,0.0007999999997991836,-4.547473508864641e-13,-0.01001000000000829,-1.0000000116860974e-06,-2.000000023372195e-06,8914,0,1,0,1,0,1,1.0,2347.0920699831745,75.04854604509254,25109.19196904768,6571,0
988.75,1.6,10.5,-2.6,1510.0648,68.82401,0.43820000000005166,0.0006000000000767614,-0.00019999999972242222,-0.010004999999992492,5.000000015797923e-06,6.00000002748402e-06,8915,0,1,0,1,0,1,1.0,2346.998190746972,75.04784791408703,25111.00404688016,6572,0
987.75,1.6,10.5,-2.6,1510.5039,68.81401,0.43909999999982574,0.0008999999997740815,0.00029999999969732016,-0.010000000000005116,4.9999999873762135e-06,-2.842170943040401e-14,8916,0,1,0,1,0,1,1.0,2346.904381810026,75.04714881821239,25112.816651632667,6573,0
987.75,1.6,10.5,-2.6,1510.9436,68.804016,0.4397000000001299,0.000600000000304135,-0.0002999999994699465,-0.009993999999991843,6.000000013273166e-06,1.0000000258969521e-06,8917,0,1,0,1,0,1,1.0,2346.8106432159675,75.04644875846601,25114.62978402519,6574,0
986.25,1.6,10.5,-2.6,1511.3842,68.79403,0.44059999999990396,0.0008999999997740815,0.0002999999994699465,-0.00998599999999783,7.999999994012796e-06,1.9999999807396307e-06,8918,0,1,0,1,0,1,1.0,2346.716975042045,75.04574773606906,25116.44344513774,6575,0
987.25,1.6,10.5,-2.6,1511.8254,68.78404,0.4411999999999807,0.0006000000000767614,-0.00029999999969732016,-0.009990000000001942,-4.0000000041118255e-06,-1.1999999998124622e-05,8919,0,1,0,1,0,1,1.0,2346.6233773318386,75.04504575089686,25118.257635690305,6576,0
986.75,1.6,10.5,-2.6,1512.2675,68.774055,0.4420999999999822,0.0009000000000014552,0.00029999999992469384,-0.009985000000000355,5.000000001587068e-06,9.000000005698894e-06,8920,0,1,0,1,0,1,1.0,2346.5298501625375,75.04434280383366,25120.072356762896,6577,0
987.75,1.6,10.5,-2.6,1512.7102,68.764084,0.44270000000005894,0.0006000000000767614,-0.00029999999992469384,-0.00997100000000728,1.3999999993075107e-05,8.999999991488039e-06,8921,0,1,0,1,0,1,1.0,2346.4363935776732,75.04363889677202,25121.887609075504,6578,0
987.75,1.6,10.5,-2.6,1513.1538,68.75411,0.4436000000000604,0.0009000000000014552,0.00029999999992469384,-0.009973999999999705,-2.999999992425728e-06,-1.6999999985500835e-05,8922,0,1,0,1,0,1,1.0,2346.3430076543764,75.04293402969854,25123.703393708136,6579,0
988.0,1.6,10.5,-2.6,1513.598,68.74414,0.4441999999999098,0.0005999999998493877,-0.0003000000001520675,-0.009969999999995593,4.0000000041118255e-06,6.999999996537554e-06,8923,0,1,0,1,0,1,1.0,2346.249692436127,75.04222820338414,25125.519711380788,6580,0
986.25,1.6,10.5,-2.6,1514.0431,68.73418,0.4451000000001386,0.0009000000002288289,0.0003000000003794412,-0.00996000000000663,9.999999988963282e-06,5.999999984851456e-06,8924,0,1,0,1,0,1,1.0,2346.156448,75.04152141927172,25127.336563173463,6581,0
986.25,1.6,10.5,-2.6,1514.4889,68.72422,0.4457999999999629,0.0006999999998242856,-0.00020000000040454324,-0.00995999999999242,1.4210854715202004e-14,-9.999999974752427e-06,8925,0,1,0,1,0,1,1.0,2346.0632744006275,75.04081367768318,25129.153949926156,6582,0
986.75,1.6,10.5,-2.6,1514.9353,68.71427,0.44640000000003965,0.0006000000000767614,-9.999999974752427e-05,-0.009950000000003456,9.999999988963282e-06,9.999999974752427e-06,8926,0,1,0,1,0,1,1.0,2345.970171681416,75.04010498006049,25130.971872358874,6583,0
986.25,1.6,10.5,-2.6,1515.3826,68.70432,0.44729999999981374,0.0008999999997740815,0.00029999999969732016,-0.009950000000003456,0.0,-9.999999988963282e-06,8927,0,1,0,1,0,1,1.0,2345.8771399193547,75.03939532672491,25132.790331551612,6584,0
986.25,1.6,10.5,-2.6,1515.8306,68.69438,0.44800000000009277,0.000700000000279033,-0.00019999999949504854,-0.009940000000000282,1.0000000003174137e-05,1.0000000003174137e-05,8928,0,1,0,1,0,1,1.0,2345.784179169,75.03868471911748,25134.609328344373,6585,0
986.25,1.6,10.5,-2.6,1516.2793,68.68445,0.44869999999991705,0.0006999999998242856,-4.547473508864641e-13,-0.009929999999997108,1.0000000003174137e-05,0.0,8929,0,1,0,1,0,1,1.0,2345.6912894848824,75.03797315867861,25136.428863577155,6586,0
986.75,1.6,10.5,-2.6,1516.7288,68.674515,0.449500000000171,0.0008000000002539309,0.0001000000004296453,-0.009934999999998695,-5.000000001587068e-06,-1.5000000004761205e-05,8930,0,1,0,1,0,1,1.0,2345.5984709327063,75.0372606451685,25138.248938209956,6587,0
985.75,1.6,10.5,-2.6,1517.1791,68.66459,0.45029999999997017,0.0007999999997991836,-4.547473508864641e-13,-0.00992499999999552,1.0000000003174137e-05,1.5000000004761205e-05,8931,0,1,0,1,0,1,1.0,2345.505723578146,75.03654718002687,25140.069553202782,6588,0
985.75,1.6,10.5,-2.6,1517.63,68.65467,0.45090000000004693,0.0006000000000767614,-0.00019999999972242222,-0.009920000000008145,4.9999999873762135e-06,-5.000000015797923e-06,8932,0,1,0,1,0,1,1.0,2345.4130474644576,75.03583276413299,25141.890709275627,6589,0
985.25,1.6,10.5,-2.6,1518.0817,68.64476,0.4516999999998461,0.0007999999997991836,0.00019999999972242222,-0.00990999999999076,1.0000000017384991e-05,5.000000030008778e-06,8933,0,1,0,1,0,1,1.0,2345.3204426572643,75.03511739892545,25143.712407388495,6590,0
985.0,1.6,10.5,-2.6,1518.5342,68.63485,0.45250000000010004,0.0008000000002539309,4.547473508864641e-13,-0.00991000000000497,-1.4210854715202004e-14,-1.0000000031595846e-05,8934,0,1,0,1,0,1,1.0,2345.22790922216,75.034401084723,25145.534648501387,6591,0
986.25,1.6,10.5,-2.6,1518.9873,68.624954,0.45309999999994943,0.0005999999998493877,-0.00020000000040454324,-0.009895999999997684,1.4000000007285962e-05,1.4000000021496817e-05,8935,0,1,0,1,0,1,1.0,2345.1354472023277,75.03368382341093,25147.3574333343,6592,0
986.5,1.6,10.5,-2.6,1519.4413,68.61506,0.4539999999999509,0.0009000000000014552,0.0003000000001520675,-0.009894000000002734,1.9999999949504854e-06,-1.2000000012335477e-05,8936,0,1,0,1,0,1,1.0,2345.043056674499,75.03296561553094,25149.18076296723,6593,0
987.75,1.6,10.5,-2.6,1519.8959,68.60517,0.45460000000002765,0.0006000000000767614,-0.00029999999992469384,-0.009889999999998622,4.0000000041118255e-06,2.00000000916134e-06,8937,0,1,0,1,0,1,1.0,2344.950737681808,75.03224646184829,25151.004638120186,6594,0
985.75,1.6,10.5,-2.6,1520.3513,68.59529,0.4554000000000542,0.0008000000000265572,0.0001999999999497959,-0.009879999999995448,1.0000000003174137e-05,5.999999999062311e-06,8938,0,1,0,1,0,1,1.0,2344.8584902897414,75.03152636379909,25152.829059753163,6595,0
987.25,1.6,10.5,-2.6,1520.8074,68.58541,0.4560999999998785,0.0006999999998242856,-0.00010000000020227162,-0.009880000000009659,-1.4210854715202004e-14,-1.0000000017384991e-05,8939,0,1,0,1,0,1,1.0,2344.7663145525726,75.03080532170023,25154.65402870616,6596,0
985.75,1.6,10.5,-2.6,1521.2643,68.57555,0.4569000000001324,0.0008000000002539309,0.0001000000004296453,-0.0098599999999891,2.0000000020559128e-05,2.0000000034769982e-05,8940,0,1,0,1,0,1,1.0,2344.6742105357343,75.03008333810536,25156.479545939183,6597,0
985.25,1.6,10.5,-2.6,1521.7219,68.56568,0.4575999999999567,0.0006999999998242856,-0.0001000000004296453,-0.009870000000006485,-1.0000000017384991e-05,-3.000000003794412e-05,8941,0,1,0,1,0,1,1.0,2344.5821782934468,75.02936041221203,25158.305612292224,6598,0
983.75,1.6,10.5,-2.6,1522.1803,68.55583,0.45839999999998327,0.0008000000000265572,0.00010000000020227162,-0.009850000000000136,2.0000000006348273e-05,3.0000000023733264e-05,8942,0,1,0,1,0,1,1.0,2344.490217891088,75.02863654657274,25160.132228725288,6599,0
983.75,1.6,10.5,-2.6,1522.6393,68.54598,0.45900000000006,0.0006000000000767614,-0.0001999999999497959,-0.009850000000000136,0.0,-2.0000000006348273e-05,8943,0,1,0,1,0,1,1.0,2344.398329371646,75.02791174150269,25161.959395958376,6600,0
984.0,1.6,10.5,-2.6,1523.0991,68.53614,0.4597999999998592,0.0007999999997991836,0.00019999999972242222,-0.009839999999996962,1.0000000003174137e-05,1.0000000003174137e-05,8944,0,1,0,1,0,1,1.0,2344.3065128004473,75.02718599843487,25163.787114951483,6601,0
984.75,1.6,10.5,-2.6,1523.5597,68.52631,0.46060000000011314,0.0008000000002539309,4.547473508864641e-13,-0.009830000000007999,9.999999988963282e-06,-1.4210854715202004e-14,8945,0,1,0,1,0,1,1.0,2344.21476824279,75.0264593188017,25165.615386664616,6602,0
983.25,1.6,10.5,-2.6,1524.0209,68.51649,0.46119999999996253,0.0005999999998493877,-0.00020000000040454324,-0.009819999999990614,1.0000000017384991e-05,2.842170943040401e-14,8946,0,1,0,1,0,1,1.0,2344.123095741589,75.02573170403487,25167.44421181777,6603,0
983.25,1.6,10.5,-2.6,1524.4829,68.50667,0.4619999999999891,0.0008000000000265572,0.00020000000017716957,-0.009820000000004825,-1.4210854715202004e-14,-1.0000000031595846e-05,8947,0,1,0,1,0,1,1.0,2344.0314953620923,75.02500315444792,25169.273591370944,6604,0
983.25,1.6,10.5,-2.6,1524.9457,68.49686,0.46280000000001564,0.0008000000000265572,0.0,-0.00981000000000165,1.0000000003174137e-05,1.0000000017384991e-05,8948,0,1,0,1,0,1,1.0,2343.939967169516,75.02427367147168,25171.10352628414,6605,0
983.25,1.6,10.5,-2.6,1525.4092,68.48705,0.4635000000000673,0.0007000000000516593,-9.999999997489795e-05,-0.00981000000000165,0.0,-1.0000000003174137e-05,8949,0,1,0,1,0,1,1.0,2343.848511217877,75.023543255419,25172.93401739736,6606,0
983.25,1.6,10.5,-2.6,1525.8733,68.47726,0.4640999999999167,0.0005999999998493877,-0.00010000000020227162,-0.009789999999995302,2.0000000006348273e-05,2.0000000006348273e-05,8950,0,1,0,1,0,1,1.0,2343.7571275499945,75.022811908837,25174.7650654306,6607,0
982.75,1.6,10.5,-2.6,1526.3383,68.467476,0.46499999999991815,0.0009000000000014552,0.0003000000001520675,-0.00978399999999624,5.999999999062311e-06,-1.4000000007285962e-05,8951,0,1,0,1,0,1,1.0,2343.6658162421804,75.02207963270777,25176.596671463867,6608,0
983.75,1.6,10.5,-2.6,1526.804,68.457695,0.4657000000001972,0.000700000000279033,-0.00019999999972242222,-0.009781000000003814,2.999999992425728e-06,-3.000000006636583e-06,8952,0,1,0,1,0,1,1.0,2343.574577348375,75.02134642767787,25178.428836337152,6609,0
983.75,1.6,10.5,-2.6,1527.2703,68.44792,0.4662999999998192,0.000599999999622014,-0.00010000000065701897,-0.009775000000004752,5.999999999062311e-06,3.000000006636583e-06,8953,0,1,0,1,0,1,1.0,2343.4834109113244,75.02061229472862,25180.26156077046,6610,0
983.25,1.6,10.5,-2.6,1527.7374,68.43816,0.4671000000000731,0.0008000000002539309,0.00020000000063191692,-0.009759999999999991,1.5000000004761205e-05,9.000000005698894e-06,8954,0,1,0,1,0,1,1.0,2343.3923169960917,75.0198772358459,25182.094845723794,6611,0
982.25,1.6,10.5,-2.6,1528.2052,68.428406,0.4678000000001248,0.0007000000000516593,-0.00010000000020227162,-0.009754000000000929,5.999999999062311e-06,-9.000000005698894e-06,8955,0,1,0,1,0,1,1.0,2343.301295656543,75.01914125200982,25183.92869203715,6612,0
982.75,1.6,10.5,-2.6,1528.6738,68.41866,0.46859999999992397,0.0007999999997991836,9.999999974752427e-05,-0.009745999999992705,8.000000008223651e-06,2.00000000916134e-06,8956,0,1,0,1,0,1,1.0,2343.210346957687,75.01840434442336,25185.763100670523,6613,0
981.75,1.6,10.5,-2.6,1529.1431,68.40893,0.4692999999999756,0.0007000000000516593,-9.999999974752427e-05,-0.00973000000000468,1.5999999988025593e-05,7.999999979801942e-06,8957,0,1,0,1,0,1,1.0,2343.119470953338,75.01766651518196,25187.598072463923,6614,0
981.5,1.6,10.5,-2.6,1529.613,68.3992,0.4699000000000524,0.0006000000000767614,-9.999999997489795e-05,-0.00973000000000468,0.0,-1.5999999988025593e-05,8958,0,1,0,1,0,1,1.0,2343.0286676861256,75.01692776459427,25189.433608137344,6615,0
981.75,1.6,10.5,-2.6,1530.0839,68.38948,0.47090000000002874,0.0009999999999763531,0.0003999999998995918,-0.009719999999987294,1.0000000017384991e-05,1.0000000017384991e-05,8959,0,1,0,1,0,1,1.0,2342.9379372433036,75.01618809408482,25191.269708890788,6616,0
981.25,1.6,10.5,-2.6,1530.5553,68.37977,0.47139999999990323,0.0004999999998744897,-0.0005000000001018634,-0.009710000000012542,9.999999974752427e-06,-4.263256414560601e-14,8960,0,1,0,1,0,1,1.0,2342.8472796562883,75.01544750507756,25193.106375324256,6617,0
981.5,1.6,10.5,-2.6,1531.0275,68.37007,0.4721999999999298,0.0008000000000265572,0.0003000000001520675,-0.009699999999995157,1.0000000017384991e-05,4.263256414560601e-14,8961,0,1,0,1,0,1,1.0,2342.756694989958,75.01470599899577,25194.943608397745,6618,0
980.75,1.6,10.5,-2.6,1531.5004,68.36038,0.47289999999998145,0.0007000000000516593,-9.999999997489795e-05,-0.009689999999991983,1.0000000003174137e-05,-1.4210854715202004e-14,8962,0,1,0,1,0,1,1.0,2342.666183298003,75.01396357726207,25196.781408951258,6619,0
981.0,1.6,10.5,-2.6,1531.974,68.35069,0.4736000000000331,0.0007000000000516593,0.0,-0.009690000000006194,-1.4210854715202004e-14,-1.0000000017384991e-05,8963,0,1,0,1,0,1,1.0,2342.5757446340917,75.01322024018295,25198.61977782479,6620,0
980.75,1.6,10.5,-2.6,1532.4484,68.34103,0.47440000000005966,0.0008000000000265572,9.999999997489795e-05,-0.009659999999996671,3.000000000952241e-05,3.0000000023733264e-05,8964,0,1,0,1,0,1,1.0,2342.485379063023,75.01247599141104,25200.458715978348,6621,0
979.75,1.6,10.5,-2.6,1532.9233,68.33136,0.47489999999993415,0.0004999999998744897,-0.0003000000001520675,-0.009669999999999845,-1.0000000003174137e-05,-4.0000000012696546e-05,8965,0,1,0,1,0,1,1.0,2342.3950866161053,75.01173083013607,25202.298224011927,6622,0
978.75,1.6,10.5,-2.6,1533.3992,68.32171,0.4759000000001379,0.0010000000002037268,0.0005000000003292371,-0.009650000000007708,1.9999999992137418e-05,2.9999999995311555e-05,8966,0,1,0,1,0,1,1.0,2342.3048673803946,75.01098475889371,25204.138303125532,6623,0
979.25,1.6,10.5,-2.6,1533.8757,68.312065,0.47649999999998727,0.0005999999998493877,-0.00040000000035433914,-0.00964499999999191,5.000000015797923e-06,-1.4999999976339495e-05,8967,0,1,0,1,0,1,1.0,2342.2147213983053,75.01023777854594,25205.978954039158,6624,0
978.75,1.6,10.5,-2.6,1534.3529,68.30243,0.4772000000000389,0.0007000000000516593,0.00010000000020227162,-0.009635000000002947,9.999999988963282e-06,4.999999973165359e-06,8968,0,1,0,1,0,1,1.0,2342.1246487233802,75.00948989051176,25207.820177592806,6625,0
977.25,1.6,10.5,-2.6,1534.8308,68.2928,0.4778999999998632,0.0006999999998242856,-2.2737367544323206e-13,-0.00963000000000136,5.000000001587068e-06,-4.9999999873762135e-06,8969,0,1,0,1,0,1,1.0,2342.0346494091414,75.00874109565217,25209.66197462648,6626,0
977.25,1.5,10.5,-2.6,1535.3096,68.28319,0.47880000000009204,0.0009000000002288289,0.00020000000040454324,-0.009609999999995011,2.0000000006348273e-05,1.5000000004761205e-05,8970,0,1,0,1,0,1,1.1,2341.9447235313787,75.00799139649983,25211.504346220172,6627,0
976.25,1.5,10.5,-2.6,1535.789,68.27358,0.47939999999994143,0.0005999999998493877,-0.0003000000003794412,-0.009610000000009222,-1.4210854715202004e-14,-2.0000000020559128e-05,8971,0,1,0,1,0,1,1.1,2341.854871132412,75.00724079335711,25213.34729309389,6628,0
976.25,1.5,10.5,-2.6,1536.269,68.26399,0.4800000000000182,0.0006000000000767614,2.2737367544323206e-13,-0.009589999999988663,2.0000000020559128e-05,2.0000000034769982e-05,8972,0,1,0,1,0,1,1.1,2341.7650922545413,75.00648928875516,25215.19081596763,6629,0
978.25,1.5,10.5,-2.6,1536.7498,68.25441,0.48080000000004475,0.0008000000000265572,0.0001999999999497959,-0.00958000000001391,9.999999974752427e-06,-1.00000000458067e-05,8973,0,1,0,1,0,1,1.1,2341.675386962336,75.00573688410965,25217.034915801396,6630,0
978.25,1.5,10.5,-2.6,1537.2313,68.244835,0.48149999999986903,0.0006999999998242856,-0.00010000000020227162,-0.009574999999998113,5.000000015797923e-06,-4.999999958954504e-06,8974,0,1,0,1,0,1,1.1,2341.5857553091923,75.00498358027855,25218.879593435184,6631,0
977.25,1.5,10.5,-2.6,1537.7136,68.235275,0.48230000000012296,0.0008000000002539309,0.0001000000004296453,-0.009559999999993352,1.5000000004761205e-05,9.999999988963282e-06,8975,0,1,0,1,0,1,1.1,2341.4961973596255,75.00422937923351,25220.724849828996,6632,0
978.25,1.5,10.5,-2.6,1538.1965,68.22572,0.48289999999997235,0.0005999999998493877,-0.00020000000040454324,-0.009555000000005975,4.9999999873762135e-06,-1.0000000017384991e-05,8976,0,1,0,1,0,1,1.1,2341.4067131558427,75.00347428183134,25222.570685702827,6633,0
979.25,1.5,10.5,-2.6,1538.6802,68.21618,0.4836999999999989,0.0008000000000265572,0.00020000000017716957,-0.009540000000001214,1.5000000004761205e-05,1.0000000017384991e-05,8977,0,1,0,1,0,1,1.1,2341.317302762308,75.00271829004232,25224.417102016683,6634,0
977.75,1.5,10.5,-2.6,1539.1646,68.20665,0.48440000000005057,0.0007000000000516593,-9.999999997489795e-05,-0.00952999999999804,1.0000000003174137e-05,-5.000000001587068e-06,8978,0,1,0,1,0,1,1.1,2341.22796623232,75.00196140527899,25226.264099610562,6635,0
975.25,1.5,10.5,-2.6,1539.6497,68.197136,0.48509999999987485,0.0006999999998242856,-2.2737367544323206e-13,-0.009513999999995804,1.6000000002236447e-05,5.999999999062311e-06,8979,0,1,0,1,0,1,1.1,2341.1387036191536,75.00120362962137,25228.111679324466,6636,0
975.75,1.5,10.5,-2.6,1540.1355,68.18763,0.4858000000001539,0.000700000000279033,4.547473508864641e-13,-0.00950600000000179,7.999999994012796e-06,-8.000000008223651e-06,8980,0,1,0,1,0,1,1.1,2341.0495149760604,75.00044496425788,25229.959841998392,6637,0
976.25,1.5,10.5,-2.6,1540.622,68.17813,0.48649999999997817,0.0006999999998242856,-4.547473508864641e-13,-0.009500000000002728,5.999999999062311e-06,-1.9999999949504854e-06,8981,0,1,0,1,0,1,1.1,2340.960400356268,74.99968541015365,25231.808588472344,6638,0
977.25,1.5,10.5,-2.6,1541.1093,68.16865,0.48730000000000473,0.0008000000000265572,0.00010000000020227162,-0.00947999999999638,2.0000000006348273e-05,1.4000000007285962e-05,8982,0,1,0,1,0,1,1.1,2340.871359824112,74.9989249698319,25233.657919706315,6639,0
976.25,1.5,10.5,-2.6,1541.5972,68.15917,0.4878999999998541,0.0005999999998493877,-0.00020000000017716957,-0.00947999999999638,0.0,-2.0000000006348273e-05,8983,0,1,0,1,0,1,1.1,2340.7823934216385,74.9981636435886,25235.507836420315,6640,0
976.75,1.5,10.5,-2.6,1542.0858,68.14971,0.48860000000013315,0.000700000000279033,0.0001000000004296453,-0.009460000000004243,1.9999999992137418e-05,1.9999999992137418e-05,8984,0,1,0,1,0,1,1.1,2340.6935012020035,74.99740143394547,25237.358339454335,6641,0
977.75,1.5,10.5,-2.6,1542.5752,68.14026,0.48939999999993233,0.0007999999997991836,9.99999995201506e-05,-0.009450000000001069,1.0000000003174137e-05,-9.999999988963282e-06,8985,0,1,0,1,0,1,1.1,2340.604683229468,74.99663834231025,25239.209429768376,6642,0
975.25,1.5,10.5,-2.6,1543.0652,68.13082,0.4900000000000091,0.0006000000000767614,-0.00019999999972242222,-0.009439999999997895,1.0000000003174137e-05,0.0,8986,0,1,0,1,0,1,1.1,2340.515939546011,74.99587437009014,25241.061108082446,6643,0
975.75,1.5,10.5,-2.6,1543.556,68.1214,0.49080000000003565,0.0008000000000265572,0.0001999999999497959,-0.009420000000005757,1.9999999992137418e-05,9.999999988963282e-06,8987,0,1,0,1,0,1,1.1,2340.4272702158432,74.99510951980417,25242.913375356537,6644,0
975.75,1.5,10.5,-2.6,1544.0475,68.111984,0.49149999999985994,0.0006999999998242856,-0.00010000000020227162,-0.009415999999987434,4.00000001832268e-06,-1.5999999973814738e-05,8988,0,1,0,1,0,1,1.1,2340.3386752920237,74.99434379219046,25244.766232430648,6645,0
976.75,1.5,10.5,-2.6,1544.5397,68.102585,0.49220000000013897,0.000700000000279033,4.547473508864641e-13,-0.009399000000001934,1.6999999985500835e-05,1.2999999967178155e-05,8989,0,1,0,1,0,1,1.1,2340.250154827586,74.99357718943271,25246.619680144788,6646,0
976.25,1.5,10.5,-2.6,1545.0325,68.09319,0.49279999999998836,0.0005999999998493877,-0.0001000000004296453,-0.009394999999997822,4.0000000041118255e-06,-1.299999998138901e-05,8990,0,1,0,1,0,1,1.1,2340.1617088644202,74.99280971226781,25248.47371921895,6647,0
976.75,1.5,10.5,-2.6,1545.5261,68.08382,0.4936000000000149,0.0008000000000265572,0.00020000000017716957,-0.009370000000004097,2.4999999993724487e-05,2.099999998961266e-05,8991,0,1,0,1,0,1,1.1,2340.073337466637,74.9920413637678,25250.328350613134,6648,0
976.75,1.5,10.5,-2.6,1546.0204,68.07445,0.4943000000000666,0.0007000000000516593,-9.999999997489795e-05,-0.009370000000004097,0.0,-2.4999999993724487e-05,8992,0,1,0,1,0,1,1.1,2339.985040687201,74.99127214422329,25252.183575167342,6649,0
978.25,1.5,10.5,-2.6,1546.5154,68.0651,0.49499999999989086,0.0006999999998242856,-2.2737367544323206e-13,-0.009349999999997749,2.0000000006348273e-05,2.0000000006348273e-05,8993,0,1,0,1,0,1,1.1,2339.8968185790527,74.99050205614854,25254.039393721574,6650,0
978.75,1.5,10.5,-2.6,1547.0111,68.05576,0.4956999999999425,0.0007000000000516593,2.2737367544323206e-13,-0.009339999999994575,1.0000000003174137e-05,-1.0000000003174137e-05,8994,0,1,0,1,0,1,1.1,2339.8086711951087,74.98973110094497,25255.89580711583,6651,0
979.0,1.5,10.5,-2.6,1547.5074,68.04643,0.4963000000000193,0.0006000000000767614,-9.999999997489795e-05,-0.009330000000005612,9.999999988963282e-06,-1.4210854715202004e-14,8995,0,1,0,1,0,1,1.1,2339.720598577145,74.98895928001333,25257.75281607011,6652,0
980.75,1.5,10.5,-2.6,1548.0046,68.037125,0.49720000000002074,0.0009000000000014552,0.00029999999992469384,-0.009304999999997676,2.500000000793534e-05,1.500000001897206e-05,8996,0,1,0,1,0,1,1.1,2339.6326008002666,74.98818659642103,25259.610421664416,6653,0
980.25,1.5,10.5,-2.6,1548.5024,68.027824,0.4978000000000975,0.0006000000000767614,-0.00029999999992469384,-0.009301000000007775,3.999999989900971e-06,-2.100000001803437e-05,8997,0,1,0,1,0,1,1.1,2339.5446779062013,74.9874130509002,25261.468624618745,6654,0
981.75,1.5,10.5,-2.6,1549.0009,68.01853,0.4984999999999218,0.0006999999998242856,9.999999974752427e-05,-0.009293999999997027,7.000000010748408e-06,3.0000000208474376e-06,8998,0,1,0,1,0,1,1.1,2339.456829947772,74.98663864451606,25263.327425773095,6655,0
981.25,1.5,10.5,-2.6,1549.5001,68.00926,0.49919999999997344,0.0007000000000516593,2.2737367544323206e-13,-0.009270000000000778,2.3999999996249244e-05,1.6999999985500835e-05,8999,0,1,0,1,0,1,1.1,2339.3690569777777,74.98586338022221,25265.186825967474,6656,0
981.25,1.5,10.5,-2.6,1550.0,68.0,0.4999000000000251,0.0007000000000516593,0.0,-0.009259999999997603,1.0000000003174137e-05,-1.3999999993075107e-05,9000,0,1,0,1,0,1,1.1,2339.2813590489945,74.98508725941562,25267.04682604187,6657,0
982.75,1.5,10.5,-2.6,1550.5006,67.99075,0.5006000000000768,0.0007000000000516593,0.0,-0.00924999999999443,1.0000000003174137e-05,0.0,9001,0,1,0,1,0,1,1.1,2339.193736214175,74.98431028349255,25268.907426836297,6658,0
983.75,1.5,10.5,-2.6,1551.002,67.98152,0.501399999999876,0.0007999999997991836,9.999999974752427e-05,-0.009230000000002292,1.9999999992137418e-05,9.999999988963282e-06,9002,0,1,0,1,0,1,1.1,2339.106188537154,74.98353245495946,25270.768629310744,6659,0
983.75,1.5,10.5,-2.6,1551.5039,67.9723,0.5018999999999778,0.0005000000001018634,-0.00029999999969732016,-0.009219999999999118,1.0000000003174137e-05,-9.999999988963282e-06,9003,0,1,0,1,0,1,1.1,2339.018716048423,74.98275377521102,25272.630434065217,6660,0
984.0,1.5,10.5,-2.6,1552.0066,67.9631,0.5027000000000044,0.0008000000000265572,0.00029999999992469384,-0.00920000000000698,1.9999999992137418e-05,9.999999988963282e-06,9004,0,1,0,1,0,1,1.1,2338.9313188117712,74.9819742467518,25274.492842059713,6661,0
985.25,1.5,10.5,-2.6,1552.5099,67.9539,0.5033000000000811,0.0006000000000767614,-0.0001999999999497959,-0.00919999999999277,1.4210854715202004e-14,-1.9999999977926564e-05,9005,0,1,0,1,0,1,1.1,2338.843996868754,74.98119386986454,25276.355854014233,6662,0
985.25,1.5,10.5,-2.6,1553.0139,67.944725,0.5039999999999054,0.0006999999998242856,9.999999974752427e-05,-0.009174999999999045,2.4999999993724487e-05,2.4999999979513632e-05,9006,0,1,0,1,0,1,1.1,2338.756750272011,74.98041264760741,25278.219470768778,6663,0
986.75,1.5,10.5,-2.6,1553.5187,67.935555,0.5048000000001593,0.0008000000002539309,0.0001000000004296453,-0.009170000000011669,4.9999999873762135e-06,-2.0000000006348273e-05,9007,0,1,0,1,0,1,1.1,2338.6695790852573,74.97963058081704,25280.083693283348,6664,0
987.25,1.5,10.5,-2.6,1554.024,67.92641,0.5052999999998065,0.0004999999996471161,-0.00030000000060681487,-0.009144999999989523,2.5000000022146196e-05,2.0000000034769982e-05,9008,0,1,0,1,0,1,1.1,2338.5824833388833,74.97884767254968,25281.94852215794,6665,0
988.25,1.5,10.5,-2.6,1554.53,67.91727,0.5060000000000855,0.000700000000279033,0.00020000000063191692,-0.009140000000002146,4.9999999873762135e-06,-2.0000000034769982e-05,9009,0,1,0,1,0,1,1.1,2338.495463085461,74.9780639236404,25283.813958232557,6666,0
988.0,1.5,10.5,-2.6,1555.0367,67.90814,0.5067000000001372,0.0007000000000516593,-2.2737367544323206e-13,-0.009129999999998972,1.0000000003174137e-05,5.000000015797923e-06,9010,0,1,0,1,0,1,1.1,2338.4085183775387,74.97727933547885,25285.6800023472,6667,0
988.75,1.5,10.5,-2.6,1555.5441,67.899025,0.5073999999999614,0.0006999999998242856,-2.2737367544323206e-13,-0.009115000000008422,1.499999999055035e-05,4.9999999873762135e-06,9011,0,1,0,1,0,1,1.1,2338.3216492676434,74.97649391000888,25287.546655341866,6668,0
987.75,1.5,10.5,-2.6,1556.0521,67.88993,0.5080000000000382,0.0006000000000767614,-9.999999974752427e-05,-0.009094999999987863,2.0000000020559128e-05,5.000000030008778e-06,9012,0,1,0,1,0,1,1.1,2338.234855797182,74.97570764972816,25289.413917936556,6669,0
988.75,1.5,10.5,-2.6,1556.5608,67.880844,0.5086999999998625,0.0006999999998242856,9.999999974752427e-05,-0.009086000000010586,8.999999977277184e-06,-1.1000000043281943e-05,9013,0,1,0,1,0,1,1.1,2338.148138018638,74.97492055591303,25291.281790971272,6670,0
988.5,1.5,10.5,-2.6,1557.0701,67.87177,0.5092999999999392,0.0006000000000767614,-9.999999974752427e-05,-0.00907399999999825,1.2000000012335477e-05,3.0000000350582923e-06,9014,0,1,0,1,0,1,1.1,2338.0614959733775,74.97413263017194,25293.150275166012,6671,0
989.25,1.5,10.5,-2.6,1557.58,67.86272,0.509900000000016,0.0006000000000767614,0.0,-0.009050000000002001,2.3999999996249244e-05,1.1999999983913767e-05,9015,0,1,0,1,0,1,1.1,2337.9749297027506,74.97334387544366,25295.019371240774,6672,0
988.25,1.5,10.5,-2.6,1558.0906,67.853676,0.5106000000000677,0.0007000000000516593,9.999999997489795e-05,-0.009044000000002939,5.999999999062311e-06,-1.7999999997186933e-05,9016,0,1,0,1,0,1,1.1,2337.888439259177,74.9725542926694,25296.889080035562,6673,0
987.25,1.5,10.5,-2.6,1558.6018,67.84464,0.511199999999917,0.0005999999998493877,-0.00010000000020227162,-0.009035999999994715,8.000000008223651e-06,2.00000000916134e-06,9017,0,1,0,1,0,1,1.1,2337.802024683965,74.97176388301175,25298.759402270374,6674,0
989.75,1.5,10.5,-2.6,1559.1136,67.835625,0.5117999999999938,0.0006000000000767614,2.2737367544323206e-13,-0.009015000000005102,2.099999998961266e-05,1.299999998138901e-05,9018,0,1,0,1,0,1,1.1,2337.7156860184054,74.97097264907418,25300.630338665214,6675,0
989.5,1.5,10.5,-2.6,1559.6261,67.82662,0.5125000000000455,0.0007000000000516593,9.999999997489795e-05,-0.009004999999987717,1.0000000017384991e-05,-1.099999997222767e-05,9019,0,1,0,1,0,1,1.1,2337.629423314856,74.97018059223947,25302.501890060077,6676,0
990.25,1.5,10.5,-2.6,1560.1392,67.81763,0.5131000000001222,0.0006000000000767614,-9.999999997489795e-05,-0.008990000000011378,1.4999999976339495e-05,4.999999958954504e-06,9020,0,1,0,1,0,1,1.1,2337.543236614566,74.96938771444407,25304.374057174962,6677,0
989.25,1.5,10.5,-2.6,1560.6528,67.808655,0.5135999999999967,0.0004999999998744897,-0.00010000000020227162,-0.008974999999992406,1.500000001897206e-05,4.263256414560601e-14,9021,0,1,0,1,0,1,1.1,2337.4571259476834,74.96859401762359,25306.246840609874,6678,0
989.5,1.5,10.5,-2.6,1561.1671,67.79969,0.514299999999821,0.0006999999998242856,0.0001999999999497959,-0.008965000000003442,9.999999988963282e-06,-5.000000030008778e-06,9022,0,1,0,1,0,1,1.1,2337.3710913665077,74.9677995031586,25308.120241204808,6679,0
988.75,1.5,10.5,-2.6,1561.682,67.79074,0.5149000000001251,0.000600000000304135,-9.99999995201506e-05,-0.008949999999998681,1.5000000004761205e-05,5.000000015797923e-06,9023,0,1,0,1,0,1,1.1,2337.285132912234,74.96700417298315,25309.99425967977,6680,0
989.25,1.5,10.5,-2.6,1562.1975,67.7818,0.5154999999999745,0.0005999999998493877,-4.547473508864641e-13,-0.008939999999995507,1.0000000003174137e-05,-5.000000001587068e-06,9024,0,1,0,1,0,1,1.1,2337.199250626039,74.96620802847646,25311.868896754757,6681,0
989.75,1.5,10.5,-2.6,1562.7136,67.77288,0.5161000000000513,0.0006000000000767614,2.2737367544323206e-13,-0.00892000000000337,1.9999999992137418e-05,9.999999988963282e-06,9025,0,1,0,1,0,1,1.1,2337.1134445490807,74.96541107212498,25313.744153149764,6682,0
989.25,1.5,10.5,-2.6,1563.2303,67.76397,0.5166999999999007,0.0005999999998493877,-2.2737367544323206e-13,-0.008910000000000196,1.0000000003174137e-05,-9.999999988963282e-06,9026,0,1,0,1,0,1,1.1,2337.027714722499,74.9646133053063,25315.6200295848,6683,0
988.25,1.5,10.5,-2.6,1563.7477,67.75507,0.5173999999999523,0.0007000000000516593,0.00010000000020227162,-0.008899999999997021,1.0000000003174137e-05,0.0,9027,0,1,0,1,0,1,1.1,2336.942061198494,74.96381472939743,25317.49652689986,6684,0
989.25,1.5,10.5,-2.6,1564.2655,67.74619,0.5178000000000793,0.00040000000012696546,-0.00029999999992469384,-0.008880000000004884,1.9999999992137418e-05,9.999999988963282e-06,9028,0,1,0,1,0,1,1.1,2336.8564839960127,74.96301534688226,25319.373645574946,6685,0
987.25,1.5,10.5,-2.6,1564.7839,67.73732,0.5183999999999287,0.0005999999998493877,0.00019999999972242222,-0.00887000000000171,1.0000000003174137e-05,-9.999999988963282e-06,9029,0,1,0,1,0,1,1.1,2336.770983156146,74.96221515913622,25321.251386330056,6686,0
987.0,1.5,10.5,-2.6,1565.303,67.72846,0.5191000000002077,0.000700000000279033,0.0001000000004296453,-0.008859999999998536,1.0000000003174137e-05,0.0,9030,0,1,0,1,0,1,1.1,2336.685558731038,74.96141416753406,25323.12975000519,6687,0
987.75,1.5,9.5,-2.8,1565.8226,67.71962,0.5195999999998548,0.0004999999996471161,-0.00020000000063191692,-0.008839999999992187,2.0000000006348273e-05,1.0000000003174137e-05,9031,0,1,0,1,0,1,1.2999999999999998,2336.6002107506642,74.96061237455713,25325.00873720035,6688,0
987.75,1.5,9.5,-2.8,1566.3428,67.71079,0.5201999999999316,0.0006000000000767614,0.0001000000004296453,-0.008830000000003224,9.999999988963282e-06,-1.0000000017384991e-05,9032,0,1,0,1,0,1,1.2999999999999998,2336.514939256061,74.95980978157866,25326.888348635533,6689,0
987.5,1.5,9.5,-2.8,1566.8635,67.70198,0.5207000000000335,0.0005000000001018634,-9.999999997489795e-05,-0.008809999999996876,2.0000000006348273e-05,1.0000000017384991e-05,9033,0,1,0,1,0,1,1.2999999999999998,2336.429744277175,74.95900639107815,25328.768584910744,6690,0
987.5,1.5,9.5,-2.8,1567.3848,67.69318,0.5213000000001102,0.0006000000000767614,9.999999997489795e-05,-0.008800000000007913,9.999999988963282e-06,-1.0000000017384991e-05,9034,0,1,0,1,0,1,1.2999999999999998,2336.3446258550084,74.95820220442722,25330.649446745978,6691,0
986.75,1.5,9.5,-2.8,1567.9066,67.68439,0.5217999999999847,0.0004999999998744897,-0.00010000000020227162,-0.008790000000004738,1.0000000003174137e-05,1.4210854715202004e-14,9035,0,1,0,1,0,1,1.2999999999999998,2336.2595840194776,74.9573972229969,25332.530934741237,6692,0
986.75,1.5,9.5,-2.8,1568.4291,67.67561,0.5225000000000364,0.0007000000000516593,0.00020000000017716957,-0.008779999999987353,1.0000000017384991e-05,1.4210854715202004e-14,9036,0,1,0,1,0,1,1.2999999999999998,2336.174618822618,74.95659144815758,25334.413049736522,6693,0
986.25,1.5,9.5,-2.8,1568.952,67.66685,0.522899999999936,0.0003999999998995918,-0.0003000000001520675,-0.008760000000009427,1.9999999977926564e-05,9.999999960541572e-06,9037,0,1,0,1,0,1,1.2999999999999998,2336.089730283248,74.95578488238549,25336.295792211833,6694,0
986.5,1.5,9.5,-2.8,1569.4755,67.658104,0.5235000000000127,0.0006000000000767614,0.00020000000017716957,-0.008746000000002141,1.4000000007285962e-05,-5.9999999706406015e-06,9038,0,1,0,1,0,1,1.2999999999999998,2336.0049184423056,74.95497752749198,25338.179162887165,6695,0
986.25,1.5,9.5,-2.8,1569.9995,67.64937,0.5239999999998872,0.0004999999998744897,-0.00010000000020227162,-0.008733999999989805,1.2000000012335477e-05,-1.9999999949504854e-06,9039,0,1,0,1,0,1,1.2999999999999998,2335.920183329646,74.95416938506636,25340.063162362527,6696,0
986.25,1.5,9.5,-2.8,1570.524,67.64064,0.5244999999999891,0.0005000000001018634,2.2737367544323206e-13,-0.008729999999999905,3.999999989900971e-06,-8.000000022434506e-06,9040,0,1,0,1,0,1,1.2999999999999998,2335.8355249751135,74.9533604558124,25341.94779123791,6697,0
986.0,1.5,9.5,-2.8,1571.0492,67.631935,0.5252000000000407,0.0007000000000516593,0.0001999999999497959,-0.00870500000000618,2.4999999993724487e-05,2.1000000003823516e-05,9041,0,1,0,1,0,1,1.2999999999999998,2335.7509434306567,74.95255074275603,25343.83305035332,6698,0
987.25,1.5,9.5,-2.8,1571.5748,67.62324,0.5256000000001677,0.00040000000012696546,-0.00029999999992469384,-0.008695000000003006,1.0000000003174137e-05,-1.499999999055035e-05,9042,0,1,0,1,0,1,1.2999999999999998,2335.6664387150286,74.95174024726307,25345.71894018876,6699,0
986.25,1.5,9.5,-2.8,1572.101,67.614555,0.5262000000000171,0.0005999999998493877,0.00019999999972242222,-0.008684999999999832,1.0000000003174137e-05,0.0,9043,0,1,0,1,0,1,1.2999999999999998,2335.5820108690846,74.95092897069881,25347.60546146422,6700,0
986.5,1.5,9.5,-2.8,1572.6277,67.60589,0.5266999999998916,0.0004999999998744897,-9.999999997489795e-05,-0.008664999999993483,2.0000000006348273e-05,1.0000000003174137e-05,9044,0,1,0,1,0,1,1.2999999999999998,2335.4976599226093,74.95011691553344,25349.492614779705,6701,0
987.25,1.5,9.5,-2.8,1573.1548,67.59724,0.5271000000000186,0.00040000000012696546,-9.999999974752427e-05,-0.008650000000002933,1.499999999055035e-05,-5.000000015797923e-06,9045,0,1,0,1,0,1,1.2999999999999998,2335.413385894318,74.9493040836834,25351.380400615217,6702,0
987.25,1.5,9.5,-2.8,1573.6825,67.58859,0.5276999999998679,0.0005999999998493877,0.00019999999972242222,-0.008650000000002933,0.0,-1.499999999055035e-05,9046,0,1,0,1,0,1,1.2999999999999998,2335.329188825025,74.9484904754062,25353.26881969075,6703,0
987.25,1.5,9.5,-2.8,1574.2107,67.57996,0.5282000000001972,0.0005000000003292371,-9.99999995201506e-05,-0.008629999999996585,2.0000000006348273e-05,2.0000000006348273e-05,9047,0,1,0,1,0,1,1.2999999999999998,2335.245068744474,74.94767609316976,25355.157872606316,6704,0
989.25,1.5,9.5,-2.8,1574.7394,67.57135,0.5286999999998443,0.0004999999996471161,-6.821210263296962e-13,-0.008610000000004447,1.9999999992137418e-05,-1.4210854715202004e-14,9048,0,1,0,1,0,1,1.2999999999999998,2335.1610256823956,74.94686093944082,25357.047559961902,6705,0
989.0,1.5,9.5,-2.8,1575.2686,67.56275,0.5292000000001735,0.0005000000003292371,6.821210263296962e-13,-0.008600000000001273,1.0000000003174137e-05,-9.999999988963282e-06,9049,0,1,0,1,0,1,1.2999999999999998,2335.0770596685084,74.94604501558011,25358.937882357513,6706,0
989.75,1.5,9.5,-2.8,1575.7982,67.55416,0.5295999999998457,0.0003999999996722181,-0.00010000000065701897,-0.0085899999999981,1.0000000003174137e-05,0.0,9050,0,1,0,1,0,1,1.2999999999999998,2334.9931707214673,74.94522832294773,25360.828840273152,6707,0
989.75,1.5,9.5,-2.8,1576.3285,67.545586,0.5303000000001248,0.000700000000279033,0.00030000000060681487,-0.008573999999995863,1.6000000002236447e-05,5.999999999062311e-06,9051,0,1,0,1,0,1,1.2999999999999998,2334.9093588930623,74.94441086356606,25362.720434548817,6708,0
990.0,1.5,9.5,-2.8,1576.8591,67.537025,0.5305999999998221,0.00029999999969732016,-0.0004000000005817128,-0.008561000000000263,1.2999999995599865e-05,-3.000000006636583e-06,9052,0,1,0,1,0,1,1.2999999999999998,2334.8256241908757,74.94359263912516,25364.612665544508,6709,0
989.25,1.5,9.5,-2.8,1577.3903,67.52848,0.5312000000001262,0.000600000000304135,0.00030000000060681487,-0.008544999999998026,1.6000000002236447e-05,3.000000006636583e-06,9053,0,1,0,1,0,1,1.2999999999999998,2334.741966655622,74.94277365164568,25366.50553398022,6710,0
989.25,1.5,9.5,-2.8,1577.9219,67.51994,0.5316000000000258,0.0003999999998995918,-0.00020000000040454324,-0.00853999999999644,5.000000001587068e-06,-1.100000000064938e-05,9054,0,1,0,1,0,1,1.2999999999999998,2334.6583863059086,74.94195390193264,25368.39904033596,6711,0
988.25,1.5,9.5,-2.8,1578.454,67.51142,0.5320999999999003,0.0004999999998744897,9.999999997489795e-05,-0.008520000000004302,1.9999999992137418e-05,1.499999999055035e-05,9055,0,1,0,1,0,1,1.2999999999999998,2334.574883171378,74.941133392447,25370.293185211725,6712,0
986.25,1.5,9.5,-2.8,1578.9865,67.502914,0.5325000000000273,0.00040000000012696546,-9.999999974752427e-05,-0.008505999999997016,1.4000000007285962e-05,-5.999999984851456e-06,9056,0,1,0,1,0,1,1.2999999999999998,2334.4914572706193,74.94031212498619,25372.187969087518,6713,0
986.25,1.5,9.5,-2.8,1579.5195,67.49442,0.5330000000001291,0.0005000000001018634,9.999999997489795e-05,-0.008493999999998891,1.1999999998124622e-05,-2.00000000916134e-06,9057,0,1,0,1,0,1,1.2999999999999998,2334.408108633252,74.93949010112607,25374.083392563334,6714,0
987.75,1.5,9.5,-2.8,1580.053,67.48594,0.5335000000000036,0.0004999999998744897,-2.2737367544323206e-13,-0.008480000000005816,1.3999999993075107e-05,1.9999999949504854e-06,9058,0,1,0,1,0,1,1.2999999999999998,2334.3248372888843,74.93866732266254,25375.979456239176,6715,0
986.75,1.5,9.5,-2.8,1580.5869,67.47747,0.5338999999999032,0.0003999999998995918,-9.999999997489795e-05,-0.008470000000002642,1.0000000003174137e-05,-3.999999989900971e-06,9059,0,1,0,1,0,1,1.2999999999999998,2334.241643256071,74.93784379094923,25377.876160595046,6716,0
986.25,1.5,9.5,-2.8,1581.1213,67.46902,0.5344000000000051,0.0005000000001018634,0.00010000000020227162,-0.008449999999996294,2.0000000006348273e-05,1.0000000003174137e-05,9060,0,1,0,1,0,1,1.2999999999999998,2334.158526564397,74.93701950844277,25379.77350623094,6717,0
984.75,1.5,9.5,-2.8,1581.6561,67.46058,0.5347999999999047,0.0003999999998995918,-0.00010000000020227162,-0.00844000000000733,9.999999988963282e-06,-1.0000000017384991e-05,9061,0,1,0,1,0,1,1.2999999999999998,2334.0754872323987,74.93619447649525,25381.671493626858,6718,0
985.75,1.4,9.5,-2.8,1582.1914,67.45215,0.5353000000000065,0.0005000000001018634,0.00010000000020227162,-0.008429999999989946,1.0000000017384991e-05,2.842170943040401e-14,9062,0,1,0,1,0,1,1.4,2333.992525289639,74.93536869645813,25383.570123382804,6719,0
986.75,1.4,9.5,-2.8,1582.7272,67.44373,0.5358000000001084,0.0005000000001018634,0.0,-0.008420000000000982,9.999999988963282e-06,-2.842170943040401e-14,9063,0,1,0,1,0,1,1.4,2333.909640765666,74.93454216968226,25385.469396098775,6720,0
987.0,1.4,9.5,-2.8,1583.2633,67.43533,0.5361000000000331,0.00029999999992469384,-0.00020000000017716957,-0.008400000000008845,1.9999999992137418e-05,1.0000000003174137e-05,9064,0,1,0,1,0,1,1.4,2333.826833667954,74.93371489862108,25387.36931213477,6721,0
988.25,1.4,9.5,-2.8,1583.7998,67.42695,0.5364999999999327,0.0003999999998995918,9.999999997489795e-05,-0.008379999999988286,2.0000000020559128e-05,2.842170943040401e-14,9065,0,1,0,1,0,1,1.4,2333.744104015001,74.9328868857269,25389.269871970795,6722,0
988.5,1.4,9.5,-2.8,1584.3368,67.41857,0.5370000000000346,0.0005000000001018634,0.00010000000020227162,-0.008380000000002497,-1.4210854715202004e-14,-2.0000000034769982e-05,9066,0,1,0,1,0,1,1.4,2333.6614518363294,74.93205813124517,25391.171076206843,6723,0
989.75,1.4,9.5,-2.8,1584.8743,67.41021,0.537499999999909,0.0004999999998744897,-2.2737367544323206e-13,-0.008359999999996148,2.0000000006348273e-05,2.0000000020559128e-05,9067,0,1,0,1,0,1,1.4,2333.5788771614466,74.93122863762682,25393.072925442917,6724,0
989.75,1.4,9.5,-2.8,1585.4121,67.40186,0.5378000000000611,0.0003000000001520675,-0.00019999999972242222,-0.008350000000007185,9.999999988963282e-06,-1.0000000017384991e-05,9068,0,1,0,1,0,1,1.4,2333.496379997795,74.93039840621898,25394.975420039016,6725,0
990.0,1.4,9.5,-2.8,1585.9503,67.393524,0.5381999999999607,0.0003999999998995918,9.999999974752427e-05,-0.008335999999999899,1.4000000007285962e-05,4.00000001832268e-06,9069,0,1,0,1,0,1,1.4,2333.413960363837,74.92956743880926,25396.878560475143,6726,0
991.75,1.4,9.5,-2.8,1586.489,67.38521,0.5387000000000626,0.0005000000001018634,0.00010000000020227162,-0.0083139999999986,2.200000000129876e-05,7.999999994012796e-06,9070,0,1,0,1,0,1,1.4,2333.331618289053,74.92873573806637,25398.782347351294,6727,0
991.75,1.4,9.5,-2.8,1587.0281,67.3769,0.5390999999999622,0.0003999999998995918,-0.00010000000020227162,-0.008309999999994488,4.0000000041118255e-06,-1.7999999997186933e-05,9071,0,1,0,1,0,1,1.4,2333.249353791887,74.92790330467372,25400.68678114747,6728,0
991.75,1.4,9.5,-2.8,1587.5675,67.36861,0.5394000000001142,0.0003000000001520675,-9.999999974752427e-05,-0.008290000000002351,1.9999999992137418e-05,1.5999999988025593e-05,9072,0,1,0,1,0,1,1.4,2333.167166879753,74.92707014107792,25402.591862223675,6729,0
991.75,1.4,9.5,-2.8,1588.1074,67.36032,0.5398999999999887,0.0004999999998744897,0.00019999999972242222,-0.008290000000002351,0.0,-1.9999999992137418e-05,9073,0,1,0,1,0,1,1.4,2333.0850575821028,74.92623624752038,25404.497591179905,6730,0
993.75,1.4,9.5,-2.8,1588.6477,67.35206,0.5402999999998883,0.0003999999998995918,-9.999999997489795e-05,-0.00826000000000704,2.9999999995311555e-05,2.9999999995311555e-05,9074,0,1,0,1,0,1,1.4,2333.0030259173554,74.92540162754821,25406.403968496157,6731,0
993.5,1.4,9.5,-2.8,1589.1884,67.3438,0.5407000000000153,0.00040000000012696546,2.2737367544323206e-13,-0.008259999999992829,1.4210854715202004e-14,-2.99999999811007e-05,9075,0,1,0,1,0,1,1.4,2332.9210719039224,74.9245662814015,25408.31099465244,6732,0
992.75,1.4,9.5,-2.8,1589.7294,67.335556,0.54099999999994,0.00029999999992469384,-0.00010000000020227162,-0.008244000000004803,1.5999999988025593e-05,1.5999999973814738e-05,9076,0,1,0,1,0,1,1.4,2332.83919554919,74.92373021108297,25410.218670008748,6733,0
993.25,1.4,9.5,-2.8,1590.2708,67.32733,0.5414000000000669,0.00040000000012696546,0.00010000000020227162,-0.008225999999993405,1.8000000011397788e-05,2.000000023372195e-06,9077,0,1,0,1,0,1,1.4,2332.757396871558,74.92289341881472,25412.12699504508,6734,0
994.25,1.4,9.5,-2.8,1590.8125,67.319115,0.5416999999999916,0.00029999999992469384,-0.00010000000020227162,-0.008215000000006967,1.0999999986438525e-05,-7.000000024959263e-06,9078,0,1,0,1,0,1,1.4,2332.675675878401,74.92205590604692,25414.03597012144,6735,0
995.25,1.4,9.5,-2.8,1591.3546,67.31091,0.5420999999998912,0.0003999999998995918,9.999999997489795e-05,-0.008204999999989582,1.0000000017384991e-05,-9.999999690535333e-07,9079,0,1,0,1,0,1,1.4,2332.594032588106,74.92121767411895,25415.945595717825,6736,0
995.25,1.4,9.5,-2.8,1591.8972,67.30273,0.5426000000002205,0.0005000000003292371,0.0001000000004296453,-0.008180000000010068,2.4999999979513632e-05,1.499999996212864e-05,9080,0,1,0,1,0,1,1.4,2332.512467030063,74.92037872602137,25417.855872434233,6737,0
995.0,1.4,9.5,-2.8,1592.4401,67.29455,0.5428999999999178,0.00029999999969732016,-0.00020000000063191692,-0.008179999999995857,1.4210854715202004e-14,-2.4999999965302777e-05,9081,0,1,0,1,0,1,1.4,2332.4309792116273,74.91953906199075,25419.76680063067,6738,0
996.25,1.4,9.5,-2.8,1592.9833,67.28639,0.5432000000000698,0.0003000000001520675,4.547473508864641e-13,-0.00816000000000372,1.9999999992137418e-05,1.9999999977926564e-05,9082,0,1,0,1,0,1,1.4,2332.349569140152,74.91869868446548,25421.678380667134,6739,0
996.0,1.4,9.5,-2.8,1593.5269,67.278244,0.5435999999999694,0.0003999999998995918,9.999999974752427e-05,-0.008145999999996434,1.4000000007285962e-05,-5.999999984851456e-06,9083,0,1,0,1,0,1,1.4,2332.2682368339943,74.91785759522236,25423.590613023625,6740,0
997.25,1.4,9.5,-2.8,1594.0708,67.2701,0.5438999999998941,0.00029999999992469384,-9.999999997489795e-05,-0.008144000000001483,1.9999999949504854e-06,-1.2000000012335477e-05,9084,0,1,0,1,0,1,1.4,2332.1869823004954,74.91701579471658,25425.50349806014,6741,0
997.75,1.4,9.5,-2.8,1594.6151,67.261986,0.5443000000000211,0.00040000000012696546,0.00010000000020227162,-0.008114000000006172,2.9999999995311555e-05,2.800000000036107e-05,9085,0,1,0,1,0,1,1.4,2332.1058055580015,74.9161732864847,25427.41703625668,6742,0
998.0,1.4,9.5,-2.8,1595.1598,67.253876,0.5446999999999207,0.0003999999998995918,-2.2737367544323206e-13,-0.00810999999998785,4.00000001832268e-06,-2.5999999976988875e-05,9086,0,1,0,1,0,1,1.4,2332.024706624849,74.91533007120061,25429.331228093248,6743,0
999.75,1.4,9.5,-2.8,1595.7047,67.24578,0.5449000000000979,0.00020000000017716957,-0.00019999999972242222,-0.008096000000008985,1.3999999978864253e-05,9.999999960541572e-06,9087,0,1,0,1,0,1,1.4,2331.9436854973587,74.9144861506382,25431.24607380984,6744,0
999.75,1.4,9.5,-2.8,1596.25,67.2377,0.5452999999999975,0.0003999999998995918,0.00019999999972242222,-0.008079999999992538,1.6000000016447302e-05,2.0000000375830496e-06,9088,0,1,0,1,0,1,1.4,2331.8627421938604,74.91364152679063,25433.161573886464,6745,0
999.75,1.4,9.5,-2.8,1596.7957,67.22963,0.545699999999897,0.0003999999998995918,0.0,-0.008070000000003574,9.999999988963282e-06,-6.00000002748402e-06,9089,0,1,0,1,0,1,1.4,2331.7818767326735,74.9127962009901,25435.07772880311,6746,0
998.75,1.4,9.5,-2.8,1597.3417,67.22157,0.5460000000000491,0.0003000000001520675,-9.999999974752427e-05,-0.0080600000000004,1.0000000003174137e-05,1.4210854715202004e-14,9090,0,1,0,1,0,1,1.4,2331.701089121109,74.91195017456826,25436.994538919782,6747,0
997.75,1.4,9.5,-2.8,1597.888,67.21353,0.5462999999999738,0.00029999999992469384,-2.2737367544323206e-13,-0.008039999999994052,2.0000000006348273e-05,1.0000000003174137e-05,9091,0,1,0,1,0,1,1.4,2331.620379366476,74.911103449956,25438.91200459648,6748,0
998.25,1.4,9.5,-2.8,1598.4344,67.205505,0.5464000000001761,0.00010000000020227162,-0.00019999999972242222,-0.008025000000003502,1.499999999055035e-05,-5.000000015797923e-06,9092,0,1,0,1,0,1,1.4,2331.5397474540855,74.91025602903332,25440.830125953205,6749,0
999.75,1.4,9.5,-2.8,1598.9814,67.19749,0.5469999999997981,0.000599999999622014,0.0004999999994197424,-0.008015000000000327,1.0000000003174137e-05,-4.9999999873762135e-06,9093,0,1,0,1,0,1,1.4,2331.4591934242358,74.90940791312954,25442.748903709955,6750,0
998.75,1.4,9.5,-2.8,1599.5286,67.18948,0.5472000000002026,0.00020000000040454324,-0.00039999999921747076,-0.00800999999999874,5.000000001587068e-06,-5.000000001587068e-06,9094,0,1,0,1,0,1,1.4,2331.3787172732273,74.90855910302363,25444.668338106734,6751,0
1000.25,1.4,9.5,-2.8,1600.0762,67.181496,0.5475999999998749,0.0003999999996722181,0.00019999999926767487,-0.00798400000000754,2.599999999119973e-05,2.099999998961266e-05,9095,0,1,0,1,0,1,1.4,2331.298319019349,74.90770960180299,25446.588429623538,6752,0
998.75,1.4,9.5,-2.8,1600.6239,67.173515,0.5477000000000771,0.00010000000020227162,-0.0002999999994699465,-0.007981000000000904,3.000000006636583e-06,-2.2999999984563146e-05,9096,0,1,0,1,0,1,1.4,2331.217998647906,74.90685941002529,25448.509178380365,6753,0
998.75,1.4,9.5,-2.8,1601.1721,67.16556,0.5481999999999516,0.0004999999998744897,0.0003999999996722181,-0.007954999999995493,2.6000000005410584e-05,2.2999999998774e-05,9097,0,1,0,1,0,1,1.4,2331.137756188173,74.90600853077599,25450.430584977224,6754,0
998.75,1.4,9.5,-2.8,1601.7205,67.15761,0.5483999999999014,0.0001999999999497959,-0.00029999999992469384,-0.007949999999993906,5.000000001587068e-06,-2.1000000003823516e-05,9098,0,1,0,1,0,1,1.4,2331.0575916364432,74.9051569648313,25452.352649654105,6755,0
999.75,1.4,9.5,-2.8,1602.2692,67.14967,0.5487000000000535,0.0003000000001520675,0.00010000000020227162,-0.007940000000004943,9.999999988963282e-06,4.9999999873762135e-06,9099,0,1,0,1,0,1,1.4,2330.977505,74.90430471351648,25454.275372771015,6756,0
999.75,1.4,9.5,-2.8,1602.8181,67.14175,0.5489000000000033,0.0001999999999497959,-0.00010000000020227162,-0.007919999999998595,2.0000000006348273e-05,1.0000000017384991e-05,9100,0,1,0,1,0,1,1.4,2330.8974962751345,74.90345177925504,25456.19875456795,6757,0
1000.75,1.4,9.5,-2.8,1603.3674,67.133835,0.5493000000001302,0.00040000000012696546,0.00020000000017716957,-0.007914999999997008,5.000000001587068e-06,-1.5000000004761205e-05,9101,0,1,0,1,0,1,1.4,2330.817565480114,74.90259816282136,25458.122795524912,6758,0
999.75,1.4,9.5,-2.8,1603.917,67.12594,0.5495999999998276,0.00029999999969732016,-0.0001000000004296453,-0.00789500000000487,1.9999999992137418e-05,1.499999999055035e-05,9102,0,1,0,1,0,1,1.4,2330.7377126222123,74.90174386663736,25460.0474960019,6759,0
999.75,1.4,9.5,-2.8,1604.4667,67.11806,0.5497000000000298,0.00010000000020227162,-0.00019999999949504854,-0.00788000000000011,1.5000000004761205e-05,-4.9999999873762135e-06,9103,0,1,0,1,0,1,1.4,2330.657937686731,74.90088889257468,25461.972856118915,6760,0
999.75,1.4,9.5,-2.8,1605.0168,67.11018,0.5501000000001568,0.00040000000012696546,0.00029999999992469384,-0.00788000000000011,0.0,-1.5000000004761205e-05,9104,0,1,0,1,0,1,1.4,2330.5782406919275,74.90003324085667,25463.898876355954,6761,0
1000.0,1.4,9.5,-2.8,1605.5671,67.102325,0.5502999999998792,0.00019999999972242222,-0.00020000000040454324,-0.007855000000006385,2.4999999993724487e-05,2.4999999993724487e-05,9105,0,1,0,1,0,1,1.4,2330.4986216340876,74.89917691445201,25465.825556953023,6762,0
1000.75,1.4,9.5,-2.8,1606.1177,67.09448,0.5506000000000313,0.0003000000001520675,0.0001000000004296453,-0.007844999999989,1.0000000017384991e-05,-1.4999999976339495e-05,9106,0,1,0,1,0,1,1.4,2330.419080520479,74.89831991468101,25467.752898270115,6763,0
1001.75,1.4,9.5,-2.8,1606.6686,67.086655,0.550899999999956,0.00029999999992469384,-2.2737367544323206e-13,-0.007825000000011073,1.9999999977926564e-05,9.999999960541572e-06,9107,0,1,0,1,0,1,1.4,2330.3396173583665,74.89746224396136,25469.680900667237,6764,0
1001.75,1.4,9.5,-2.8,1607.2196,67.078835,0.5509999999999309,9.999999997489795e-05,-0.0001999999999497959,-0.007819999999995275,5.000000015797923e-06,-1.499999996212864e-05,9108,0,1,0,1,0,1,1.4,2330.2602321330555,74.89660390306291,25471.60956426438,6765,0
1001.25,1.4,9.5,-2.8,1607.771,67.07103,0.5514000000000578,0.00040000000012696546,0.0003000000001520675,-0.007805000000004725,1.499999999055035e-05,9.999999974752427e-06,9109,0,1,0,1,0,1,1.4,2330.180924862788,74.8957448938529,25473.538889541556,6766,0
1001.0,1.4,9.5,-2.8,1608.3225,67.06324,0.5515000000000327,9.999999997489795e-05,-0.0003000000001520675,-0.007789999999999964,1.5000000004761205e-05,1.4210854715202004e-14,9110,0,1,0,1,0,1,1.4,2330.1016955328723,74.89488521819777,25475.468876618754,6767,0
1001.25,1.4,9.5,-2.8,1608.8744,67.055466,0.5518999999999323,0.0003999999998995918,0.00029999999992469384,-0.007773999999997727,1.6000000002236447e-05,9.999999974752427e-07,9111,0,1,0,1,0,1,1.4,2330.0225441615453,74.89402487807288,25477.39952597598,6768,0
1000.25,1.4,9.5,-2.8,1609.4264,67.0477,0.5520000000001346,0.00010000000020227162,-0.00029999999969732016,-0.0077659999999895035,8.000000008223651e-06,-7.999999994012796e-06,9112,0,1,0,1,0,1,1.4,2329.943470734116,74.8931638745748,25479.330837733232,6769,0
1000.75,1.4,9.5,-2.8,1609.9786,67.03995,0.552199999999857,0.00019999999972242222,9.99999995201506e-05,-0.007750000000001478,1.5999999988025593e-05,7.999999979801942e-06,9113,0,1,0,1,0,1,1.4,2329.8644752468726,74.89230220967741,25481.262812130513,6770,0
1001.0,1.4,9.5,-2.8,1610.5311,67.03221,0.5525000000000091,0.0003000000001520675,0.0001000000004296453,-0.007739999999998304,1.0000000003174137e-05,-5.999999984851456e-06,9114,0,1,0,1,0,1,1.4,2329.7855577070764,74.89143988469556,25483.19544952782,6771,0
1000.75,1.4,9.5,-2.8,1611.0839,67.02448,0.5528000000001612,0.0003000000001520675,0.0,-0.0077300000000093405,9.999999988963282e-06,-1.4210854715202004e-14,9115,0,1,0,1,0,1,1.4,2329.7067181219836,74.8905769009434,25485.12875028515,6772,0
1000.75,1.4,9.5,-2.8,1611.6368,67.01677,0.5528999999999087,9.999999974752427e-05,-0.00020000000040454324,-0.007710000000002992,2.0000000006348273e-05,1.0000000017384991e-05,9116,0,1,0,1,0,1,1.4,2329.627956476911,74.88971326083141,25487.062714522508,6773,0
999.25,1.4,9.5,-2.8,1612.19,67.00907,0.5532000000000608,0.0003000000001520675,0.00020000000040454324,-0.007699999999999818,1.0000000003174137e-05,-1.0000000003174137e-05,9117,0,1,0,1,0,1,1.4,2329.5492727791184,74.8888489656723,25488.997342599894,6774,0
999.75,1.4,9.5,-2.8,1612.7433,67.00139,0.5533000000000357,9.999999997489795e-05,-0.00020000000017716957,-0.00767999999999347,2.0000000006348273e-05,1.0000000003174137e-05,9118,0,1,0,1,0,1,1.4,2329.4706670139267,74.88798401787476,25490.932634637305,6775,0
998.25,1.4,9.5,-2.8,1613.2969,66.99371,0.5535999999999603,0.00029999999992469384,0.0001999999999497959,-0.007680000000007681,-1.4210854715202004e-14,-2.0000000020559128e-05,9119,0,1,0,1,0,1,1.4,2329.3921391885965,74.88711841765351,25492.86859099474,6776,0
997.25,1.4,9.5,-2.8,1613.8506,66.98605,0.5536999999999352,9.999999997489795e-05,-0.0001999999999497959,-0.0076599999999871216,2.0000000020559128e-05,2.0000000034769982e-05,9120,0,1,0,1,0,1,1.4,2329.3136892884554,74.88625216741585,25494.80521179221,6777,0
997.75,1.4,9.5,-2.8,1614.4045,66.97841,0.5539000000001124,0.00020000000017716957,0.00010000000020227162,-0.007640000000009195,1.9999999977926564e-05,-4.263256414560601e-14,9121,0,1,0,1,0,1,1.4,2329.2353173098004,74.88538526956808,25496.7424972697,6778,0
997.75,1.4,9.5,-2.8,1614.9587,66.97077,0.5541999999998097,0.00029999999969732016,9.99999995201506e-05,-0.007639999999994984,1.4210854715202004e-14,-1.999999996371571e-05,9122,0,1,0,1,0,1,1.4,2329.157023259893,74.88451772432313,25498.680447787217,6779,0
997.5,1.4,9.5,-2.8,1615.5131,66.96316,0.5543999999999869,0.00020000000017716957,-9.99999995201506e-05,-0.007609999999999673,2.9999999995311555e-05,2.99999999811007e-05,9123,0,1,0,1,0,1,1.4,2329.0788071350285,74.88364953518195,25500.619063584763,6780,0
996.75,1.4,9.5,-2.8,1616.0675,66.95555,0.5544000000002143,2.2737367544323206e-13,-0.0001999999999497959,-0.007609999999999673,0.0,-2.9999999995311555e-05,9124,0,1,0,1,0,1,1.4,2329.000668909589,74.88278070235616,25502.558344662335,6781,0
996.5,1.4,9.5,-2.8,1616.6222,66.94795,0.5546999999999116,0.00029999999969732016,0.0002999999994699465,-0.0075999999999964984,1.0000000003174137e-05,1.0000000003174137e-05,9125,0,1,0,1,0,1,1.4,2328.9226085908394,74.8819112271532,25504.498291379932,6782,0
996.75,1.4,9.5,-2.8,1617.1771,66.94038,0.5549000000000888,0.00020000000017716957,-9.99999995201506e-05,-0.007570000000001187,2.9999999995311555e-05,1.9999999992137418e-05,9126,0,1,0,1,0,1,1.4,2328.8446261750846,74.8810411130711,25506.438903977556,6783,0
995.75,1.4,9.5,-2.8,1617.7322,66.93281,0.5550999999998112,0.00019999999972242222,-4.547473508864641e-13,-0.007570000000001187,0.0,-2.9999999995311555e-05,9127,0,1,0,1,0,1,1.4,2328.766721658633,74.8801703603199,25508.380182695208,6784,0
995.5,1.4,9.5,-2.8,1618.2874,66.925255,0.5552000000000135,0.00010000000020227162,-9.99999995201506e-05,-0.007554999999996426,1.5000000004761205e-05,1.5000000004761205e-05,9128,0,1,0,1,0,1,1.4,2328.6888950268376,74.87929897075254,25510.322127652886,6785,0
993.75,1.4,9.5,-2.8,1618.8427,66.91771,0.5552999999999884,9.999999997489795e-05,-2.2737367544323206e-13,-0.007545000000007462,9.999999988963282e-06,-5.000000015797923e-06,9129,0,1,0,1,0,1,1.4,2328.61114626506,74.87842694567361,25512.26473897059,6786,0
994.0,1.4,9.5,-2.8,1619.3982,66.91018,0.5555000000001655,0.00020000000017716957,0.00010000000020227162,-0.007530000000002701,1.5000000004761205e-05,5.000000015797923e-06,9130,0,1,0,1,0,1,1.4,2328.53347536962,74.87755428693463,25514.208016888322,6787,0
996.25,1.4,9.5,-2.8,1619.9539,66.902664,0.555699999999888,0.00019999999972242222,-4.547473508864641e-13,-0.007515999999995415,1.4000000007285962e-05,-9.999999974752427e-07,9131,0,1,0,1,0,1,1.4,2328.4558823368375,74.87668099627683,25516.15196164608,6788,0
996.0,1.4,9.5,-2.8,1620.5096,66.895164,0.5557000000001153,2.2737367544323206e-13,-0.00019999999949504854,-0.00750000000000739,1.5999999988025593e-05,1.9999999807396307e-06,9132,0,1,0,1,0,1,1.4,2328.3783671411366,74.8758070756597,25518.096573243864,6789,0
995.25,1.4,9.5,-2.8,1621.0657,66.88768,0.5561000000000149,0.0003999999998995918,0.0003999999996722181,-0.007483999999990942,1.6000000016447302e-05,2.842170943040401e-14,9133,0,1,0,1,0,1,1.4,2328.3009298007446,74.87493252704182,25520.041852161674,6790,0
994.75,1.4,9.5,-2.8,1621.6217,66.8802,0.5559999999998126,-0.00010000000020227162,-0.0005000000001018634,-0.007480000000001041,3.999999989900971e-06,-1.2000000026546331e-05,9134,0,1,0,1,0,1,1.4,2328.2235702791463,74.87405735106732,25521.98779827951,6791,0
995.25,1.4,9.5,-2.8,1622.178,66.87274,0.5563000000001921,0.0003000000003794412,0.0004000000005817128,-0.007460000000008904,1.9999999992137418e-05,1.6000000002236447e-05,9135,0,1,0,1,0,1,1.4,2328.1462885836254,74.87318155013135,25523.934411957376,6792,0
996.25,1.4,9.5,-2.8,1622.7344,66.86529,0.5563999999999396,9.999999974752427e-05,-0.00020000000063191692,-0.007449999999991519,1.0000000017384991e-05,-9.999999974752427e-06,9136,0,1,0,1,0,1,1.4,2328.069084699573,74.87230512553354,25525.881693315267,6793,0
996.25,1.4,9.5,-2.8,1623.2909,66.85786,0.5564999999999145,9.999999997489795e-05,2.2737367544323206e-13,-0.0074299999999993815,1.9999999992137418e-05,9.999999974752427e-06,9137,0,1,0,1,0,1,1.4,2327.991958612388,74.87142807966733,25527.829642473185,6794,0
997.75,1.4,9.5,-2.8,1623.8474,66.85043,0.5565000000001419,2.2737367544323206e-13,-9.999999974752427e-05,-0.0074299999999993815,0.0,-1.9999999992137418e-05,9138,0,1,0,1,0,1,1.4,2327.9149102965316,74.87055041273662,25529.77825943113,6795,0
997.5,1.4,9.5,-2.8,1624.4042,66.84302,0.5567999999998392,0.00029999999969732016,0.0002999999994699465,-0.007410000000007244,1.9999999992137418e-05,1.9999999992137418e-05,9139,0,1,0,1,0,1,1.4,2327.8379397593,74.86967212713348,25531.727544549103,6796,0
998.25,1.4,9.5,-2.8,1624.961,66.835625,0.5568000000000666,2.2737367544323206e-13,-0.0002999999994699465,-0.007395000000002483,1.5000000004761205e-05,-4.9999999873762135e-06,9140,0,1,0,1,0,1,1.4,2327.7610469751667,74.86879322470189,25533.6774978271,6797,0
999.25,1.4,9.5,-2.8,1625.5181,66.82824,0.5570999999999913,0.00029999999992469384,0.00029999999969732016,-0.007384999999999309,1.0000000003174137e-05,-5.000000001587068e-06,9141,0,1,0,1,0,1,1.4,2327.684231951433,74.86791370673812,25535.628119625126,6798,0
1000.75,1.4,9.5,-2.8,1626.0751,66.82087,0.5570000000000164,-9.999999997489795e-05,-0.0003999999998995918,-0.007369999999994548,1.5000000004761205e-05,5.000000001587068e-06,9142,0,1,0,1,0,1,1.4,2327.6074946516464,74.86703357508476,25537.579409823175,6799,0
999.75,1.4,9.5,-2.8,1626.6322,66.813515,0.5570999999999913,9.999999997489795e-05,0.0001999999999497959,-0.007355000000003997,1.499999999055035e-05,-1.4210854715202004e-14,9143,0,1,0,1,0,1,1.4,2327.530835061242,74.86615283158356,25539.531368541255,6800,0
1001.25,1.4,9.5,-2.8,1627.1896,66.80617,0.557399999999916,0.00029999999992469384,0.0001999999999497959,-0.007345000000000823,1.0000000003174137e-05,-4.9999999873762135e-06,9144,0,1,0,1,0,1,1.4,2327.454253187534,74.86527147752871,25541.48399613936,6801,0
1001.25,1.4,9.5,-2.8,1627.747,66.798836,0.5574000000001433,2.2737367544323206e-13,-0.00029999999969732016,-0.007334000000000174,1.100000000064938e-05,9.999999974752427e-07,9145,0,1,0,1,0,1,1.4,2327.3777490050297,74.8643895143232,25543.43729261749,6802,0
1002.75,1.4,9.5,-2.8,1628.3043,66.79152,0.5572999999999411,-0.00010000000020227162,-0.0001000000004296453,-0.007315999999988776,1.8000000011397788e-05,7.000000010748408e-06,9146,0,1,0,1,0,1,1.4,2327.301322477315,74.8635069441347,25545.39125785565,6803,0
1003.75,1.4,9.5,-2.8,1628.8619,66.78421,0.5576000000000931,0.0003000000001520675,0.00040000000035433914,-0.0073100000000039245,5.999999984851456e-06,-1.2000000026546331e-05,9147,0,1,0,1,0,1,1.4,2327.2249736117187,74.8626237678181,25547.345892213834,6804,0
1004.25,1.4,9.5,-2.8,1629.4196,66.77692,0.5576999999998407,9.999999974752427e-05,-0.00020000000040454324,-0.007289999999997576,2.0000000006348273e-05,1.4000000021496817e-05,9148,0,1,0,1,0,1,1.4,2327.1487023937043,74.86173998775823,25549.301195812048,6805,0
1004.75,1.4,9.5,-2.8,1629.9772,66.76964,0.5576000000000931,-9.999999974752427e-05,-0.00019999999949504854,-0.007280000000008613,9.999999988963282e-06,-1.0000000017384991e-05,9149,0,1,0,1,0,1,1.4,2327.0725087868855,74.8608556052459,25551.257168530286,6806,0
1005.0,1.4,9.5,-2.8,1630.535,66.762375,0.5578000000000429,0.0001999999999497959,0.00029999999969732016,-0.007264999999989641,1.500000001897206e-05,5.000000030008778e-06,9150,0,1,0,1,0,1,1.4,2326.996392787674,74.8599706221178,25553.21381060855,6807,0
1005.75,1.4,9.5,-2.8,1631.0929,66.75512,0.5579000000000178,9.999999997489795e-05,-9.999999997489795e-05,-0.007255000000000678,9.999999988963282e-06,-5.000000030008778e-06,9151,0,1,0,1,0,1,1.4,2326.9203543815556,74.85908503966346,25555.171122166845,6808,0
1007.25,1.4,9.5,-2.8,1631.6508,66.74788,0.5578999999997905,-2.2737367544323206e-13,-0.00010000000020227162,-0.007240000000010127,1.499999999055035e-05,5.000000001587068e-06,9152,0,1,0,1,0,1,1.4,2326.8443935431005,74.85819885971813,25557.129103205163,6809,0
1007.5,1.4,9.5,-2.8,1632.2087,66.740654,0.5579000000000178,2.2737367544323206e-13,4.547473508864641e-13,-0.00722599999998863,1.4000000021496817e-05,-9.999999690535333e-07,9153,0,1,0,1,0,1,1.4,2326.7685102468868,74.85731208400699,25559.08775372351,6810,0
1008.25,1.4,9.5,-2.8,1632.7667,66.73344,0.5579999999999927,9.999999997489795e-05,9.999999974752427e-05,-0.007214000000004717,1.1999999983913767e-05,-2.0000000375830496e-06,9154,0,1,0,1,0,1,1.4,2326.692704478427,74.85642471403604,25561.047073841884,6811,0
1009.25,1.4,9.5,-2.8,1633.3248,66.72624,0.558100000000195,0.00010000000020227162,2.2737367544323206e-13,-0.007199999999997431,1.4000000007285962e-05,2.000000023372195e-06,9155,0,1,0,1,0,1,1.4,2326.6169762232416,74.85553675152906,25563.00706368028,6812,0
1008.75,1.4,9.5,-2.8,1633.8829,66.71905,0.5580999999999676,-2.2737367544323206e-13,-0.0001000000004296453,-0.007190000000008467,9.999999988963282e-06,-4.00000001832268e-06,9156,0,1,0,1,0,1,1.4,2326.5413254559353,74.85464819777219,25564.967723238708,6813,0
1008.25,1.4,9.5,-2.8,1634.4412,66.711876,0.5582999999999174,0.0001999999999497959,0.00020000000017716957,-0.00717399999999202,1.6000000016447302e-05,6.00000002748402e-06,9157,0,1,0,1,0,1,1.4,2326.465752172963,74.85375905470627,25566.92905275716,6814,0
1005.75,1.4,9.5,-2.8,1634.9993,66.70471,0.5580999999999676,-0.0001999999999497959,-0.0003999999998995918,-0.007165999999998007,7.999999994012796e-06,-8.000000022434506e-06,9158,0,1,0,1,0,1,1.4,2326.39025632711,74.85286932339775,25568.89105199564,6815,0
1006.75,1.4,9.5,-2.8,1635.5576,66.69756,0.5583000000001448,0.00020000000017716957,0.00040000000012696546,-0.007150000000009982,1.5999999988025593e-05,7.999999994012796e-06,9159,0,1,0,1,0,1,1.4,2326.3148379148474,74.85197900578603,25570.853721194148,6816,0
1008.25,1.4,9.5,-2.8,1636.1158,66.69043,0.5581999999999425,-0.00010000000020227162,-0.0003000000003794412,-0.007129999999989423,2.0000000020559128e-05,4.000000032533535e-06,9160,0,1,0,1,0,1,1.4,2326.239496899902,74.85108810424626,25572.817060232683,6817,0
1008.0,1.4,9.5,-2.8,1636.6742,66.68331,0.5583999999998923,0.0001999999999497959,0.0003000000001520675,-0.007120000000000459,9.999999988963282e-06,-1.0000000031595846e-05,9161,0,1,0,1,0,1,1.4,2326.16423327876,74.85019662006111,25574.781069351244,6818,0
1008.75,1.4,9.5,-2.8,1637.2324,66.6762,0.5582000000001699,-0.00019999999972242222,-0.0003999999996722181,-0.007110000000011496,9.999999988963282e-06,0.0,9162,0,1,0,1,0,1,1.4,2326.0890470042564,74.84930455451271,25576.74574830983,6819,0
1009.75,1.4,9.5,-2.8,1637.7908,66.669106,0.5583999999998923,0.00019999999972242222,0.00039999999944484443,-0.007093999999995049,1.6000000016447302e-05,6.00000002748402e-06,9163,0,1,0,1,0,1,1.4,2326.0139380728942,74.84841190953732,25578.711097348445,6820,0
1008.75,1.4,9.5,-2.8,1638.3491,66.66202,0.5582999999999174,-9.999999997489795e-05,-0.00029999999969732016,-0.007086000000001036,7.999999994012796e-06,-8.000000022434506e-06,9164,0,1,0,1,0,1,1.4,2325.938906448445,74.84751868619749,25580.677116347084,6821,0
1008.75,1.4,9.5,-2.8,1638.9075,66.654945,0.5584000000001197,0.00010000000020227162,0.00020000000017716957,-0.0070750000000003865,1.100000000064938e-05,3.000000006636583e-06,9165,0,1,0,1,0,1,1.4,2325.863952116518,74.8466248858826,25582.643805425752,6822,0
1008.25,1.4,9.5,-2.8,1639.466,66.64789,0.5584999999998672,9.999999974752427e-05,-4.547473508864641e-13,-0.007054999999994038,2.0000000006348273e-05,9.000000005698894e-06,9166,0,1,0,1,0,1,1.4,2325.789075062725,74.84573051096324,25584.611164704445,6823,0
1006.75,1.4,9.5,-2.8,1640.0243,66.64085,0.5583000000001448,-0.00019999999972242222,-0.0002999999994699465,-0.007040000000003488,1.499999999055035e-05,-5.000000015797923e-06,9167,0,1,0,1,0,1,1.4,2325.714275239965,74.84483556326353,25586.57919394317,6824,0
1005.75,1.4,9.5,-2.8,1640.5826,66.63381,0.5582999999999174,-2.2737367544323206e-13,0.00019999999949504854,-0.007040000000003488,0.0,-1.499999999055035e-05,9168,0,1,0,1,0,1,1.4,2325.6395526229685,74.84394004297087,25588.547893141917,6825,0
1005.75,1.4,9.5,-2.8,1641.141,66.62679,0.5584000000001197,0.00010000000020227162,0.0001000000004296453,-0.00701999999999714,2.0000000006348273e-05,2.0000000006348273e-05,9169,0,1,0,1,0,1,1.4,2325.564907197383,74.84304395245366,25590.51726242069,6826,0
1006.0,1.4,9.5,-2.8,1641.6993,66.61979,0.5582999999999174,-0.00010000000020227162,-0.00020000000040454324,-0.007000000000005002,1.9999999992137418e-05,-1.4210854715202004e-14,9170,0,1,0,1,0,1,1.4,2325.4903389270526,74.84214729407917,25592.48730165949,6827,0
1007.75,1.4,9.5,-2.8,1642.2577,66.6128,0.5584000000001197,0.00010000000020227162,0.00020000000040454324,-0.006990000000001828,1.0000000003174137e-05,-9.999999988963282e-06,9171,0,1,0,1,0,1,1.4,2325.415847797645,74.84125006912342,25594.45801097832,6828,0
1007.25,1.4,9.5,-2.8,1642.816,66.60582,0.5582999999999174,-0.00010000000020227162,-0.00020000000040454324,-0.006979999999998654,1.0000000003174137e-05,0.0,9172,0,1,0,1,0,1,1.4,2325.3414337730296,74.84035227886187,25596.429390257177,6829,0
1009.25,1.4,9.5,-2.8,1643.3744,66.598854,0.5583999999998923,9.999999997489795e-05,0.00020000000017716957,-0.006965999999991368,1.4000000007285962e-05,4.0000000041118255e-06,9173,0,1,0,1,0,1,1.4,2325.2670968388925,74.83945392500546,25598.401439616056,6830,0
1009.25,1.4,9.5,-2.8,1643.9326,66.591896,0.5582000000001699,-0.00019999999972242222,-0.00029999999969732016,-0.006957999999997355,7.999999994012796e-06,-6.000000013273166e-06,9174,0,1,0,1,0,1,1.4,2325.192836948229,74.83855500861036,25600.374158814968,6831,0
1010.75,1.4,9.5,-2.8,1644.4908,66.58496,0.5581999999999425,-2.2737367544323206e-13,0.00019999999949504854,-0.006936000000010267,2.1999999987087904e-05,1.3999999993075107e-05,9175,0,1,0,1,0,1,1.4,2325.11865407585,74.83765553225807,25602.3475478539,6832,0
1011.25,1.4,9.5,-2.8,1645.0491,66.57803,0.5582999999999174,9.999999997489795e-05,0.00010000000020227162,-0.006929999999996994,6.000000013273166e-06,-1.5999999973814738e-05,9176,0,1,0,1,0,1,1.4,2325.044548207475,74.83675549678544,25604.321606852864,6833,0
1010.75,1.4,9.5,-2.8,1645.6072,66.57111,0.5580999999999676,-0.0001999999999497959,-0.00029999999992469384,-0.00691999999999382,1.0000000003174137e-05,3.999999989900971e-06,9177,0,1,0,1,0,1,1.4,2324.970519296143,74.8358549034648,25606.296335571853,6834,0
1010.25,1.4,9.5,-2.8,1646.1653,66.56422,0.5580999999999676,0.0,0.0001999999999497959,-0.006889999999998508,2.9999999995311555e-05,1.9999999992137418e-05,9178,0,1,0,1,0,1,1.4,2324.8965673167013,74.83495375574681,25608.27173401087,6835,0
1011.75,1.4,9.5,-2.8,1646.7234,66.55733,0.558100000000195,2.2737367544323206e-13,2.2737367544323206e-13,-0.006890000000012719,-1.4210854715202004e-14,-3.000000000952241e-05,9179,0,1,0,1,0,1,1.4,2324.822692244009,74.83405205381264,25610.247802169913,6836,0
1012.75,1.4,9.5,-2.8,1647.2814,66.55045,0.5579999999999927,-0.00010000000020227162,-0.0001000000004296453,-0.006879999999995334,1.0000000017384991e-05,1.0000000031595846e-05,9180,0,1,0,1,0,1,1.4,2324.7488940420435,74.83314979893258,25612.224539928982,6837,0
1010.75,1.4,9.5,-2.8,1647.8394,66.54359,0.5579999999999927,0.0,0.00010000000020227162,-0.006860000000003197,1.9999999992137418e-05,9.999999974752427e-06,9181,0,1,0,1,0,1,1.4,2324.6751726856896,74.83224699346547,25614.20194728808,6838,0
1009.75,1.4,9.5,-2.8,1648.3972,66.53674,0.5578000000000429,-0.0001999999999497959,-0.0001999999999497959,-0.006850000000000023,1.0000000003174137e-05,-9.999999988963282e-06,9182,0,1,0,1,0,1,1.4,2324.601528128063,74.83134363868018,25616.1800240072,6839,0
1009.25,1.4,9.5,-2.8,1648.9551,66.5299,0.5578999999997905,9.999999974752427e-05,0.00029999999969732016,-0.006839999999996849,1.0000000003174137e-05,0.0,9183,0,1,0,1,0,1,1.4,2324.527960354965,74.83043973584495,25618.15877020635,6840,0
1011.25,1.4,9.5,-2.8,1649.5128,66.52308,0.557700000000068,-0.00019999999972242222,-0.0002999999994699465,-0.006820000000004711,1.9999999992137418e-05,9.999999988963282e-06,9184,0,1,0,1,0,1,1.4,2324.454469319543,74.82953528731628,25620.138185645526,6841,0
1012.25,1.4,9.5,-2.8,1650.0706,66.516266,0.5578000000000429,9.999999997489795e-05,0.00029999999969732016,-0.006813999999991438,6.000000013273166e-06,-1.3999999978864253e-05,9185,0,1,0,1,0,1,1.4,2324.3810550076205,74.82863029392554,25622.11827044473,6842,0
1011.25,1.4,9.5,-2.8,1650.6282,66.50947,0.5576000000000931,-0.0001999999999497959,-0.00029999999992469384,-0.006796000000008462,1.7999999982976078e-05,1.1999999969702912e-05,9186,0,1,0,1,0,1,1.4,2324.307717372374,74.82772475780995,25624.09902436396,6843,0
1010.25,1.4,9.5,-2.8,1651.1857,66.502686,0.5574999999998909,-0.00010000000020227162,9.999999974752427e-05,-0.0067839999999961265,1.2000000012335477e-05,-5.9999999706406015e-06,9187,0,1,0,1,0,1,1.4,2324.234456377884,74.82681868045276,25626.080447283217,6844,0
1011.75,1.4,9.5,-2.8,1651.7432,66.49592,0.5574999999998909,0.0,0.00010000000020227162,-0.0067659999999989395,1.7999999997186933e-05,5.999999984851456e-06,9188,0,1,0,1,0,1,1.4,2324.1612719991294,74.82591206398955,25628.062539202503,6845,0
1012.25,1.4,9.5,-2.8,1652.3005,66.48916,0.5573000000001684,-0.00019999999972242222,-0.00019999999972242222,-0.006759999999999877,5.999999999062311e-06,-1.1999999998124622e-05,9189,0,1,0,1,0,1,1.4,2324.088164189336,74.82500490924919,25630.04529988181,6846,0
1012.25,1.4,9.5,-2.8,1652.8578,66.48241,0.5572999999999411,-2.2737367544323206e-13,0.00019999999949504854,-0.006749999999996703,1.0000000003174137e-05,4.0000000041118255e-06,9190,0,1,0,1,0,1,1.4,2324.0151329235123,74.82409721749538,25632.028729321148,6847,0
1011.25,1.4,9.5,-2.8,1653.4149,66.47568,0.5570999999999913,-0.0001999999999497959,-0.00019999999972242222,-0.006730000000004566,1.9999999992137418e-05,9.999999988963282e-06,9191,0,1,0,1,0,1,1.4,2323.9421781549177,74.82318899107919,25634.012827280512,6848,0
1010.75,1.4,9.5,-2.8,1653.9719,66.468956,0.5570000000000164,-9.999999997489795e-05,9.999999997489795e-05,-0.0067239999999912925,6.000000013273166e-06,-1.3999999978864253e-05,9192,0,1,0,1,0,1,1.4,2323.86929984771,74.8222802308278,25635.997593639902,6849,0
1009.75,1.4,9.5,-2.8,1654.5289,66.46225,0.5570000000000164,0.0,9.999999997489795e-05,-0.006706000000008316,1.7999999982976078e-05,1.1999999969702912e-05,9193,0,1,0,1,0,1,1.4,2323.7964979769413,74.82137093887317,25637.98302839932,6850,0
1010.75,1.4,9.5,-2.8,1655.0857,66.45556,0.5568000000000666,-0.0001999999999497959,-0.0001999999999497959,-0.006689999999991869,1.6000000016447302e-05,-1.999999966528776e-06,9194,0,1,0,1,0,1,1.4,2323.723772495922,74.82046111712887,25639.969131318765,6851,0
1011.25,1.4,9.5,-2.8,1655.6425,66.448875,0.5567999999998392,-2.2737367544323206e-13,0.00019999999972242222,-0.006685000000004493,4.9999999873762135e-06,-1.1000000029071089e-05,9195,0,1,0,1,0,1,1.4,2323.65112337973,74.81955076631144,25641.955902398237,6852,0
1011.25,1.4,9.5,-2.8,1656.1991,66.44221,0.5566000000001168,-0.00019999999972242222,-0.00019999999949504854,-0.006664999999998145,2.0000000006348273e-05,1.500000001897206e-05,9196,0,1,0,1,0,1,1.4,2323.578550581711,74.81863988876808,25643.943341397735,6853,0
1010.25,1.4,9.5,-2.8,1656.7555,66.435555,0.5563999999999396,-0.00020000000017716957,-4.547473508864641e-13,-0.006655000000009181,9.999999988963282e-06,-1.0000000017384991e-05,9197,0,1,0,1,0,1,1.4,2323.506054055229,74.81772848575777,25645.93144807726,6854,0
1012.75,1.4,9.5,-2.8,1657.3119,66.42891,0.5563999999999396,0.0,0.00020000000017716957,-0.006644999999991796,1.0000000017384991e-05,2.842170943040401e-14,9198,0,1,0,1,0,1,1.4,2323.4336337754103,74.81681655853897,25647.92022243681,6855,0
1012.25,1.4,9.5,-2.8,1657.8682,66.42228,0.5562999999999647,-9.999999997489795e-05,-9.999999997489795e-05,-0.006630000000001246,1.499999999055035e-05,4.999999973165359e-06,9199,0,1,0,1,0,1,1.4,2323.361289706522,74.81590410891305,25649.909664356386,6856,0
1012.75,1.4,9.5,-2.8,1658.4242,66.415665,0.55600000000004,-0.00029999999992469384,-0.0001999999999497959,-0.006614999999996485,1.5000000004761205e-05,1.4210854715202004e-14,9200,0,1,0,1,0,1,1.4,2323.28902179111,74.81499113868057,25651.89977347599,6857,0
1012.75,1.4,9.5,-2.8,1658.9801,66.40906,0.5559000000000651,-9.999999997489795e-05,0.0001999999999497959,-0.0066050000000075215,9.999999988963282e-06,-5.000000015797923e-06,9201,0,1,0,1,0,1,1.4,2323.2168299934797,74.81407764909802,25653.890549675623,6858,0
1013.75,1.4,9.5,-2.8,1659.5359,66.402466,0.5558000000000902,-9.999999997489795e-05,0.0,-0.006593999999992661,1.1000000014860234e-05,1.0000000258969521e-06,9202,0,1,0,1,0,1,1.4,2323.144714277953,74.81316364152994,25655.88199283528,6859,0
1015.25,1.4,9.5,-2.8,1660.0916,66.39589,0.555699999999888,-0.00010000000020227162,-2.2737367544323206e-13,-0.006576000000009685,1.7999999982976078e-05,6.999999968115844e-06,9203,0,1,0,1,0,1,1.4,2323.072674608866,74.81224911810082,25657.874102834965,6860,0
1017.25,1.4,9.5,-2.8,1660.6471,66.38933,0.5554999999999382,-0.0001999999999497959,-9.999999974752427e-05,-0.006559999999993238,1.6000000016447302e-05,-1.999999966528776e-06,9204,0,1,0,1,0,1,1.4,2323.0007109397066,74.811334080717,25659.866879434674,6861,0
1017.5,1.4,9.5,-2.8,1661.2024,66.382774,0.5552999999999884,-0.0001999999999497959,0.0,-0.006556000000003337,3.999999989900971e-06,-1.2000000026546331e-05,9205,0,1,0,1,0,1,1.4,2322.928823223984,74.81041852998045,25661.860322394412,6862,0
1017.75,1.4,9.5,-2.8,1661.7576,66.376236,0.5552000000000135,-9.999999997489795e-05,9.999999997489795e-05,-0.006537999999991939,1.8000000011397788e-05,1.4000000021496817e-05,9206,0,1,0,1,0,1,1.4,2322.857011426089,74.80950246801346,25663.854431594176,6863,0
1016.75,1.4,9.5,-2.8,1662.3126,66.369705,0.5550000000000637,-0.0001999999999497959,-9.999999997489795e-05,-0.0065310000000096124,6.999999982326699e-06,-1.1000000029071089e-05,9207,0,1,0,1,0,1,1.4,2322.7852754995656,74.80858589574282,25665.84920679397,6864,0
1017.25,1.4,9.5,-2.8,1662.8674,66.3632,0.5548000000001139,-0.0001999999999497959,0.0,-0.006504999999989991,2.600000001962144e-05,1.900000003729474e-05,9208,0,1,0,1,0,1,1.4,2322.7136153979804,74.8076688161581,25667.844647753787,6865,0
1015.75,1.4,9.5,-2.8,1663.4221,66.3567,0.5546999999999116,-0.00010000000020227162,9.999999974752427e-05,-0.006500000000002615,4.9999999873762135e-06,-2.1000000032245225e-05,9209,0,1,0,1,0,1,1.4,2322.642031085776,74.80675122996742,25669.84075435363,6866,0
1015.25,1.4,9.5,-2.8,1663.9766,66.350204,0.5544999999999618,-0.0001999999999497959,-9.999999974752427e-05,-0.006495999999998503,4.0000000041118255e-06,-9.99999983264388e-07,9210,0,1,0,1,0,1,1.4,2322.570522516556,74.80583313777005,25671.8375263535,6867,0
1015.75,1.4,9.5,-2.8,1664.5309,66.343735,0.554300000000012,-0.0001999999999497959,0.0,-0.006469000000009828,2.6999999988674972e-05,2.2999999984563146e-05,9211,0,1,0,1,0,1,1.4,2322.4990896439426,74.80491454266175,25673.8349635134,6868,0
1016.25,1.4,9.5,-2.8,1665.085,66.33727,0.5541000000000622,-0.0001999999999497959,0.0,-0.006464999999991505,4.00000001832268e-06,-2.2999999970352292e-05,9212,0,1,0,1,0,1,1.4,2322.427732421578,74.80399544524042,25675.833065593324,6869,0
1016.25,1.4,9.5,-2.8,1665.6389,66.33082,0.553899999999885,-0.00020000000017716957,-2.2737367544323206e-13,-0.006450000000000955,1.499999999055035e-05,1.099999997222767e-05,9213,0,1,0,1,0,1,1.4,2322.3564508031254,74.80307584729759,25677.831832353273,6870,0
1016.25,1.4,9.5,-2.8,1666.1926,66.32439,0.5537000000001626,-0.00019999999972242222,4.547473508864641e-13,-0.0064300000000088176,1.9999999992137418e-05,5.000000001587068e-06,9214,0,1,0,1,0,1,1.4,2322.285244742268,74.80215575116658,25679.83126355325,6871,0
1017.25,1.4,9.5,-2.8,1666.7461,66.31796,0.5534999999999854,-0.00020000000017716957,-4.547473508864641e-13,-0.006429999999994607,1.4210854715202004e-14,-1.9999999977926564e-05,9215,0,1,0,1,0,1,1.4,2322.214114192708,74.80123515700956,25681.831358953255,6872,0
1015.75,1.4,9.5,-2.8,1667.2994,66.311554,0.5533000000000357,-0.0001999999999497959,2.2737367544323206e-13,-0.0064059999999983575,2.3999999996249244e-05,2.399999998203839e-05,9216,0,1,0,1,0,1,1.4,2322.14305910817,74.8003140675925,25683.832118313283,6873,0
1015.25,1.4,9.5,-2.8,1667.8525,66.30515,0.5530999999998585,-0.00020000000017716957,-2.2737367544323206e-13,-0.006404000000003407,1.9999999949504854e-06,-2.200000000129876e-05,9217,0,1,0,1,0,1,1.4,2322.0720794423955,74.79939248329354,25685.833541393342,6874,0
1013.75,1.4,9.5,-2.8,1668.4055,66.29877,0.553000000000111,-9.999999974752427e-05,0.0001000000004296453,-0.006379999999992947,2.40000000104601e-05,2.2000000015509613e-05,9218,0,1,0,1,0,1,1.4,2322.0011751599955,74.7984704068771,25687.835628073426,6875,0
1013.75,1.4,9.5,-2.8,1668.9581,66.2924,0.552599999999984,-0.00040000000012696546,-0.0003000000003794412,-0.006370000000003984,9.999999988963282e-06,-1.4000000021496817e-05,9219,0,1,0,1,0,1,1.4,2321.9303461930585,74.79754783958785,25689.838377873533,6876,0
1014.75,1.4,10.5,-2.8,1669.5106,66.28604,0.5525000000000091,-9.999999997489795e-05,0.0003000000001520675,-0.0063600000000008095,1.0000000003174137e-05,1.4210854715202004e-14,9220,0,1,0,1,0,1,1.4,2321.8595925062355,74.79662478267,25691.841790673672,6877,0
1013.25,1.4,10.5,-2.8,1670.0629,66.27969,0.5522999999998319,-0.00020000000017716957,-0.00010000000020227162,-0.006349999999997635,1.0000000003174137e-05,0.0,9221,0,1,0,1,0,1,1.4,2321.7889140533507,74.79570123736717,25693.845866233834,6878,0
1014.75,1.4,10.5,-2.8,1670.6149,66.27336,0.5520000000001346,-0.00029999999969732016,-9.99999995201506e-05,-0.006330000000005498,1.9999999992137418e-05,9.999999988963282e-06,9222,0,1,0,1,0,1,1.4,2321.7183107774044,74.79477720600673,25695.850604194024,6879,0
1014.75,1.4,10.5,-2.8,1671.1666,66.26704,0.5516999999999825,-0.0003000000001520675,-4.547473508864641e-13,-0.006320000000002324,1.0000000003174137e-05,-9.999999988963282e-06,9223,0,1,0,1,0,1,1.4,2321.6477826214223,74.79385268983087,25697.85600419424,6880,0
1013.75,1.4,10.5,-2.8,1671.7181,66.260735,0.5515000000000327,-0.0001999999999497959,0.00010000000020227162,-0.0063049999999975626,1.5000000004761205e-05,5.000000001587068e-06,9224,0,1,0,1,0,1,1.4,2321.577329539295,74.7929276906233,25699.862065994483,6881,0
1014.25,1.4,10.5,-2.8,1672.2695,66.25443,0.5514000000000578,-9.999999997489795e-05,9.999999997489795e-05,-0.0063049999999975626,0.0,-1.5000000004761205e-05,9225,0,1,0,1,0,1,1.4,2321.5069514957727,74.79200220854109,25701.868789474753,6882,0
1016.75,1.4,10.5,-2.8,1672.8206,66.24815,0.5510999999999058,-0.0003000000001520675,-0.00020000000017716957,-0.006280000000003838,2.4999999993724487e-05,2.4999999993724487e-05,9226,0,1,0,1,0,1,1.4,2321.436648433944,74.79107624645064,25703.876174275047,6883,0
1018.75,1.4,10.5,-2.8,1673.3713,66.24188,0.5507000000000062,-0.0003999999998995918,-9.999999974752427e-05,-0.006270000000000664,1.0000000003174137e-05,-1.499999999055035e-05,9227,0,1,0,1,0,1,1.4,2321.366420286086,74.79014980559168,25705.88421991537,6884,0
1018.75,1.4,10.5,-2.8,1673.9219,66.23563,0.5506000000000313,-9.999999997489795e-05,0.00029999999992469384,-0.006249999999994316,2.0000000006348273e-05,1.0000000003174137e-05,9228,0,1,0,1,0,1,1.4,2321.296267017012,74.78922288828693,25707.892926275716,6885,0
1017.75,1.4,10.5,-2.8,1674.4722,66.229385,0.5502999999998792,-0.0003000000001520675,-0.00020000000017716957,-0.0062450000000069394,4.9999999873762135e-06,-1.500000001897206e-05,9229,0,1,0,1,0,1,1.4,2321.226188569881,74.78829549523293,25709.902292996092,6886,0
1018.0,1.4,10.5,-2.8,1675.0222,66.22315,0.5500000000001819,-0.00029999999969732016,4.547473508864641e-13,-0.0062349999999895545,1.0000000017384991e-05,5.000000030008778e-06,9230,0,1,0,1,0,1,1.4,2321.1561848878778,74.78736762766763,25711.91231971649,6887,0
1018.75,1.4,10.5,-2.8,1675.572,66.216934,0.5497999999997774,-0.00020000000040454324,9.999999929277692e-05,-0.006216000000009103,1.899999998045132e-05,8.99999996306633e-06,9231,0,1,0,1,0,1,1.4,2321.086255925043,74.78643928780329,25713.92300619692,6888,0
1020.25,1.4,10.5,-2.8,1676.1215,66.21073,0.54950000000008,-0.00029999999969732016,-9.999999929277692e-05,-0.006203999999996768,1.2000000012335477e-05,-6.999999968115844e-06,9232,0,1,0,1,0,1,1.4,2321.0164016246076,74.78551047709303,25715.934352077373,6889,0
1018.25,1.4,10.5,-2.8,1676.6707,66.204544,0.549199999999928,-0.0003000000001520675,-4.547473508864641e-13,-0.006185999999999581,1.7999999997186933e-05,5.999999984851456e-06,9233,0,1,0,1,0,1,1.4,2320.9466219298247,74.78458119763917,25717.946356997854,6890,0
1019.25,1.4,10.5,-2.8,1677.2196,66.198364,0.5489000000000033,-0.00029999999992469384,2.2737367544323206e-13,-0.006180000000000518,5.999999999062311e-06,-1.1999999998124622e-05,9234,0,1,0,1,0,1,1.4,2320.8769167839737,74.78365145024364,25719.959020598362,6891,0
1019.25,1.4,10.5,-2.8,1677.7683,66.19219,0.5487000000000535,-0.0001999999999497959,9.999999997489795e-05,-0.006174000000001456,5.999999999062311e-06,0.0,9235,0,1,0,1,0,1,1.4,2320.8072861411865,74.7827212357081,25721.972342638892,6892,0
1018.75,1.4,10.5,-2.8,1678.3167,66.18604,0.5484000000001288,-0.00029999999992469384,-9.999999997489795e-05,-0.006149999999990996,2.40000000104601e-05,1.8000000011397788e-05,9236,0,1,0,1,0,1,1.4,2320.737729944787,74.78179055678251,25723.986322759454,6893,0
1019.25,1.4,10.5,-2.8,1678.8647,66.1799,0.5480000000000018,-0.00040000000012696546,-0.00010000000020227162,-0.006140000000002033,9.999999988963282e-06,-1.4000000021496817e-05,9237,0,1,0,1,0,1,1.4,2320.6682481273,74.78085941470015,25726.00096048004,6894,0
1019.25,1.4,10.5,-2.8,1679.4125,66.173775,0.5477999999998246,-0.00020000000017716957,0.0001999999999497959,-0.0061249999999972715,1.5000000004761205e-05,5.000000015797923e-06,9238,0,1,0,1,0,1,1.4,2320.598840642927,74.77992781123498,25728.01625556065,6895,0
1018.25,1.4,10.5,-2.8,1679.96,66.167656,0.5475000000001273,-0.00029999999969732016,-9.99999995201506e-05,-0.00611900000001242,5.999999984851456e-06,-9.000000019909749e-06,9239,0,1,0,1,0,1,1.4,2320.5295074350647,74.77899574718616,25730.03220764129,6896,0
1018.25,1.4,10.5,-2.8,1680.5071,66.16155,0.5471000000000004,-0.00040000000012696546,-0.0001000000004296453,-0.0061059999999883985,1.3000000024021574e-05,7.000000039170118e-06,9240,0,1,0,1,0,1,1.4,2320.4602484363163,74.77806322410994,25732.048816241953,6897,0
1018.5,1.4,10.5,-2.8,1681.054,66.155464,0.5469000000000506,-0.0001999999999497959,0.00020000000017716957,-0.006086000000010472,1.9999999977926564e-05,6.9999999539049895e-06,9241,0,1,0,1,0,1,1.4,2320.3910636009523,74.77713024431941,25734.066081122644,6898,0
1015.75,1.4,10.5,-2.8,1681.6005,66.14939,0.5464999999999236,-0.00040000000012696546,-0.00020000000017716957,-0.0060739999999981364,1.2000000012335477e-05,-7.999999965591087e-06,9242,0,1,0,1,0,1,1.4,2320.321952861625,74.77619680926107,25736.08400180336,6899,0
1014.25,1.4,10.5,-2.8,1682.1467,66.143326,0.5461999999999989,-0.00029999999992469384,0.00010000000020227162,-0.006063999999994962,1.0000000003174137e-05,-2.00000000916134e-06,9243,0,1,0,1,0,1,1.4,2320.2529161618345,74.77526292016442,25738.102577924103,6900,0
1013.25,1.4,10.5,-2.8,1682.6926,66.137276,0.5459000000000742,-0.00029999999992469384,0.0,-0.006050000000001887,1.3999999993075107e-05,3.999999989900971e-06,9244,0,1,0,1,0,1,1.4,2320.1839534451055,74.77432857869118,25740.121809124874,6901,0
1014.25,1.4,10.5,-2.8,1683.2383,66.13123,0.545699999999897,-0.00020000000017716957,9.999999974752427e-05,-0.006045999999997775,4.0000000041118255e-06,-9.999999988963282e-06,9245,0,1,0,1,0,1,1.4,2320.115064665801,74.77339378542072,25742.14169516567,6902,0
1013.25,1.4,10.5,-2.8,1683.7834,66.125206,0.5451000000000477,-0.0005999999998493877,-0.0003999999996722181,-0.006023999999996477,2.200000000129876e-05,1.7999999997186933e-05,9246,0,1,0,1,0,1,1.4,2320.0462497350495,74.77245854287877,25744.16223532649,6903,0
1014.75,1.4,10.5,-2.8,1684.3284,66.119194,0.5450000000000728,-9.999999997489795e-05,0.0004999999998744897,-0.006012000000012563,1.1999999983913767e-05,-1.0000000017384991e-05,9247,0,1,0,1,0,1,1.4,2319.9775086180794,74.77152285250865,25746.183429487337,6904,0
1016.25,1.4,10.5,-2.8,1684.873,66.1132,0.5445999999999458,-0.00040000000012696546,-0.0003000000001520675,-0.005993999999986954,1.8000000025608642e-05,6.000000041694875e-06,9248,0,1,0,1,0,1,1.4,2319.908841247702,74.77058671640177,25748.20527716821,6905,0
1015.75,1.4,10.5,-2.8,1685.4172,66.10721,0.5442000000000462,-0.0003999999998995918,2.2737367544323206e-13,-0.005990000000011264,3.999999975690116e-06,-1.4000000049918526e-05,9249,0,1,0,1,0,1,1.4,2319.840247556757,74.76965013513514,25750.22777788911,6906,0
1014.75,1.4,10.5,-2.8,1685.9612,66.101234,0.543999999999869,-0.00020000000017716957,0.00019999999972242222,-0.005975999999989767,1.4000000021496817e-05,1.00000000458067e-05,9250,0,1,0,1,0,1,1.4,2319.77172749973,74.76871311036645,25752.250931410035,6907,0
1014.75,1.4,10.5,-2.8,1686.5046,66.09527,0.5434000000000196,-0.0005999999998493877,-0.0003999999996722181,-0.0059640000000058535,1.1999999983913767e-05,-2.0000000375830496e-06,9251,0,1,0,1,0,1,1.4,2319.7032809878947,74.76777564353654,25754.27473701099,6908,0
1013.75,1.4,10.5,-2.8,1687.0479,66.089325,0.5433000000000447,-9.999999997489795e-05,0.0004999999998744897,-0.0059449999999969805,1.900000000887303e-05,7.000000024959263e-06,9252,0,1,0,1,0,1,1.4,2319.6349079865986,74.7668377368421,25756.299194571966,6909,0
1012.75,1.4,10.5,-2.8,1687.5907,66.08338,0.5427999999999429,-0.0005000000001018634,-0.00040000000012696546,-0.0059449999999969805,0.0,-1.900000000887303e-05,9253,0,1,0,1,0,1,1.4,2319.566608417981,74.76589939042576,25758.324303492973,6910,0
1011.25,1.4,10.5,-2.8,1688.1332,66.07746,0.5425000000000182,-0.00029999999992469384,0.00020000000017716957,-0.005920000000003256,2.4999999993724487e-05,2.4999999993724487e-05,9254,0,1,0,1,0,1,1.4,2319.4983822258237,74.76496060713129,25760.350063414004,6911,0
1011.25,1.4,10.5,-2.8,1688.6753,66.07155,0.5421000000001186,-0.0003999999998995918,-9.999999997489795e-05,-0.005910000000000082,1.0000000003174137e-05,-1.499999999055035e-05,9255,0,1,0,1,0,1,1.4,2319.4302293431288,74.76402138818064,25762.37647385506,6912,0
1010.75,1.4,10.5,-2.8,1689.2169,66.06565,0.5415999999997894,-0.0005000000003292371,-0.0001000000004296453,-0.005899999999996908,1.0000000003174137e-05,0.0,9256,0,1,0,1,0,1,1.4,2319.362149692125,74.76308173479529,25764.40353421614,6913,0
1010.75,1.4,10.5,-2.8,1689.7583,66.05977,0.5414000000000669,-0.00019999999972242222,0.00030000000060681487,-0.00588000000000477,1.9999999992137418e-05,9.999999988963282e-06,9257,0,1,0,1,0,1,1.4,2319.294143227479,74.7621416492763,25766.43124425725,6914,0
1010.5,1.4,10.5,-2.8,1690.2993,66.053894,0.54099999999994,-0.00040000000012696546,-0.00020000000040454324,-0.0058760000000006585,4.0000000041118255e-06,-1.5999999988025593e-05,9258,0,1,0,1,0,1,1.4,2319.2262098822766,74.7612011321957,25768.459603498384,6915,0
1010.25,1.4,10.5,-2.8,1690.8398,66.048035,0.5405000000000655,-0.0004999999998744897,-9.999999974752427e-05,-0.005859000000000947,1.699999999971169e-05,1.2999999995599865e-05,9259,0,1,0,1,0,1,1.4,2319.1583495788336,74.76026018552916,25770.488611339544,6916,0
1010.75,1.4,10.5,-2.8,1691.3801,66.04219,0.5403000000001157,-0.0001999999999497959,0.00029999999992469384,-0.005844999999993661,1.4000000007285962e-05,-2.999999992425728e-06,9260,0,1,0,1,0,1,1.4,2319.090562271893,74.75931881092755,25772.51826754073,6917,0
1010.75,1.4,10.5,-2.8,1691.9199,66.036354,0.5398000000000138,-0.0005000000001018634,-0.0003000000001520675,-0.005836000000002173,8.999999991488039e-06,-5.000000015797923e-06,9261,0,1,0,1,0,1,1.4,2319.022847883826,74.75837700950119,25774.548571501942,6918,0
1010.75,1.4,10.5,-2.8,1692.4594,66.03053,0.5394999999998618,-0.0003000000001520675,0.0001999999999497959,-0.005824000000004048,1.1999999998124622e-05,3.000000006636583e-06,9262,0,1,0,1,0,1,1.4,2318.955206358631,74.75743478268379,25776.57952286318,6919,0
1010.75,1.4,10.5,-2.8,1692.9983,66.02472,0.5389000000000124,-0.0005999999998493877,-0.00029999999969732016,-0.005809999999996762,1.4000000007285962e-05,2.00000000916134e-06,9263,0,1,0,1,0,1,1.4,2318.8876376079447,74.75649213212435,25778.611120904443,6920,0
1009.25,1.4,10.5,-2.8,1693.5369,66.01893,0.5386000000000877,-0.00029999999992469384,0.00029999999992469384,-0.005790000000004625,1.9999999992137418e-05,5.999999984851456e-06,9264,0,1,0,1,0,1,1.4,2318.8201415758226,74.75554906011872,25780.643365265736,6921,0
1008.25,1.4,10.5,-2.8,1694.0751,66.013145,0.5381999999999607,-0.00040000000012696546,-0.00010000000020227162,-0.005785000000003038,5.000000001587068e-06,-1.499999999055035e-05,9265,0,1,0,1,0,1,1.4,2318.7527181955534,74.75460556734296,25782.67625546705,6922,0
1007.75,1.4,10.5,-2.8,1694.6129,66.00737,0.5378000000000611,-0.0003999999998995918,2.2737367544323206e-13,-0.005774999999999864,1.0000000003174137e-05,5.000000001587068e-06,9266,0,1,0,1,0,1,1.4,2318.6853674004533,74.75366165501241,25784.709791028392,6923,0
1006.75,1.4,10.5,-2.8,1695.1503,66.00161,0.5373999999999342,-0.00040000000012696546,-2.2737367544323206e-13,-0.005759999999995102,1.5000000004761205e-05,5.000000001587068e-06,9267,0,1,0,1,0,1,1.4,2318.618089123867,74.75271732488132,25786.743971469758,6924,0
1006.75,1.4,10.5,-2.8,1695.6871,65.995865,0.5368000000000848,-0.0005999999998493877,-0.00019999999972242222,-0.005745000000004552,1.499999999055035e-05,-1.4210854715202004e-14,9268,0,1,0,1,0,1,1.4,2318.5508832775918,74.7517725787032,25788.77879607115,6925,0
1007.75,1.4,10.5,-2.8,1696.2236,65.990135,0.5364999999999327,-0.0003000000001520675,0.00029999999969732016,-0.005729999999999791,1.5000000004761205e-05,1.4210854715202004e-14,9269,0,1,0,1,0,1,1.4,2318.483749805825,74.75082741823086,25790.81426447257,6926,0
1007.75,1.4,10.5,-2.8,1696.7598,65.98441,0.536200000000008,-0.00029999999992469384,2.2737367544323206e-13,-0.005724999999998204,5.000000001587068e-06,-1.0000000003174137e-05,9270,0,1,0,1,0,1,1.4,2318.4166886527883,74.74988184413763,25792.850376314014,6927,0
1007.25,1.4,10.5,-2.8,1697.2954,65.97871,0.5355999999999312,-0.0006000000000767614,-0.0003000000001520675,-0.005699999999990268,2.500000000793534e-05,2.0000000006348273e-05,9271,0,1,0,1,0,1,1.4,2318.349699730371,74.74893585925366,25794.887130875486,6928,0
1006.75,1.4,10.5,-2.8,1697.8306,65.973015,0.5352000000000317,-0.0003999999998995918,0.00020000000017716957,-0.005695000000002892,4.9999999873762135e-06,-2.0000000020559128e-05,9272,0,1,0,1,0,1,1.4,2318.2827829720695,74.74798946425105,25796.92452767698,6929,0
1008.25,1.4,10.5,-2.8,1698.3654,65.96733,0.5347999999999047,-0.00040000000012696546,-2.2737367544323206e-13,-0.005684999999999718,1.0000000003174137e-05,5.000000015797923e-06,9273,0,1,0,1,0,1,1.4,2318.2159383114085,74.74704266034074,25798.9625662385,6930,0
1009.25,1.4,10.5,-2.8,1698.8997,65.96166,0.5343000000000302,-0.0004999999998744897,-9.999999974752427e-05,-0.005670000000009168,1.499999999055035e-05,4.9999999873762135e-06,9274,0,1,0,1,0,1,1.4,2318.1491656711587,74.74609544927225,25801.00124596005,6931,0
1007.25,1.4,10.5,-2.8,1699.4336,65.956,0.5339000000001306,-0.0003999999998995918,9.999999997489795e-05,-0.005659999999991783,1.0000000017384991e-05,-4.999999973165359e-06,9275,0,1,0,1,0,1,1.4,2318.0824649849073,74.74514783225528,25803.040566361622,6932,0
1007.0,1.4,10.5,-2.8,1699.9669,65.95036,0.5332999999998265,-0.000600000000304135,-0.00020000000040454324,-0.005639999999999645,1.9999999992137418e-05,9.999999974752427e-06,9276,0,1,0,1,0,1,1.4,2318.015836164708,74.74419981157702,25805.08052672322,6933,0
1006.75,1.4,10.5,-2.8,1700.4999,65.94473,0.5330000000001291,-0.00029999999969732016,0.00030000000060681487,-0.005629999999996471,1.0000000003174137e-05,-9.999999988963282e-06,9277,0,1,0,1,0,1,1.4,2317.9492791549906,74.74325138844578,25807.121126684844,6934,0
1006.5,1.4,10.5,-2.8,1701.0323,65.93911,0.5324000000000524,-0.0006000000000767614,-0.0003000000003794412,-0.005620000000007508,9.999999988963282e-06,-1.4210854715202004e-14,9278,0,1,0,1,0,1,1.4,2317.8827938678737,74.7423025640694,25809.162365526496,6935,0
1004.75,1.4,10.5,-2.8,1701.5645,65.9335,0.5321999999998752,-0.00020000000017716957,0.0003999999998995918,-0.005610000000004334,1.0000000003174137e-05,1.4210854715202004e-14,9279,0,1,0,1,0,1,1.4,2317.8163802586205,74.74135333965518,25811.20424300817,6936,0
1004.25,1.4,10.5,-2.8,1702.096,65.92791,0.5315000000000509,-0.0006999999998242856,-0.0004999999996471161,-0.0055899999999979855,2.0000000006348273e-05,1.0000000003174137e-05,9280,0,1,0,1,0,1,1.4,2317.7500382286394,74.74040371748734,25813.24675828987,6937,0
1004.0,1.4,10.5,-2.8,1702.6271,65.92233,0.531099999999924,-0.00040000000012696546,0.00029999999969732016,-0.005579999999994811,1.0000000003174137e-05,-1.0000000003174137e-05,9281,0,1,0,1,0,1,1.4,2317.6837677117,74.73945369877181,25815.289910891595,6938,0
1004.75,1.4,10.5,-2.8,1703.1576,65.91676,0.5305000000000746,-0.0005999999998493877,-0.00019999999972242222,-0.005570000000005848,9.999999988963282e-06,-1.4210854715202004e-14,9282,0,1,0,1,0,1,1.4,2317.617568620058,74.738503284714,25817.333700093346,6939,0
1005.0,1.4,10.5,-2.8,1703.6877,65.91121,0.5300999999999476,-0.00040000000012696546,0.00019999999972242222,-0.0055499999999995,2.0000000006348273e-05,1.0000000017384991e-05,9283,0,1,0,1,0,1,1.4,2317.5514408875483,74.73755247759586,25819.378125415125,6940,0
1005.0,1.4,10.5,-2.8,1704.2173,65.90566,0.5296000000000731,-0.0004999999998744897,-9.999999974752427e-05,-0.0055499999999995,0.0,-2.0000000006348273e-05,9284,0,1,0,1,0,1,1.4,2317.4853844372647,74.73660127754442,25821.42318625693,6941,0
1004.75,1.4,10.5,-2.8,1704.7465,65.90014,0.5291999999999462,-0.00040000000012696546,9.999999974752427e-05,-0.005520000000004188,2.9999999995311555e-05,2.9999999995311555e-05,9285,0,1,0,1,0,1,1.4,2317.4193992031014,74.7356496879173,25823.468882138754,6942,0
1006.25,1.4,10.5,-2.8,1705.275,65.894615,0.5285000000001219,-0.0006999999998242856,-0.00029999999969732016,-0.0055249999999915644,-4.9999999873762135e-06,-3.499999998268777e-05,9286,0,1,0,1,0,1,1.4,2317.3534850866804,74.73469770830194,25825.51521222061,6943,0
1006.0,1.4,10.5,-2.8,1705.8032,65.889114,0.5281999999999698,-0.0003000000001520675,0.0003999999996722181,-0.005500999999995315,2.3999999996249244e-05,2.8999999983625457e-05,9287,0,1,0,1,0,1,1.4,2317.28764203273,74.73374534140828,25827.562176142488,6944,0
1007.25,1.4,10.5,-2.8,1706.3308,65.88362,0.527599999999893,-0.0006000000000767614,-0.00029999999992469384,-0.0054940000000129885,6.999999982326699e-06,-1.7000000013922545e-05,9288,0,1,0,1,0,1,1.4,2317.2218699537084,74.73279258811498,25829.60977318439,6945,0
1005.75,1.4,10.5,-2.8,1706.8579,65.87814,0.5271000000000186,-0.0004999999998744897,0.00010000000020227162,-0.005479999999991492,1.4000000021496817e-05,7.000000039170118e-06,9289,0,1,0,1,0,1,1.4,2317.156168772874,74.73183945005381,25831.65800274632,6946,0
1004.75,1.4,10.5,-2.8,1707.3845,65.87267,0.5265999999999167,-0.0005000000001018634,-2.2737367544323206e-13,-0.005470000000002528,9.999999988963282e-06,-4.000000032533535e-06,9290,0,1,0,1,0,1,1.4,2317.0905384135185,74.73088592842537,25833.706864228276,6947,0
1004.75,1.4,10.5,-2.8,1707.9105,65.867226,0.5260000000000673,-0.0005999999998493877,-9.999999974752427e-05,-0.005443999999997118,2.6000000005410584e-05,1.6000000016447302e-05,9291,0,1,0,1,0,1,1.4,2317.024978788205,74.72993202615153,25835.756356910253,6948,0
1004.25,1.4,10.5,-2.8,1708.4362,65.86178,0.5257000000001426,-0.00029999999992469384,0.00029999999992469384,-0.005446000000006279,-2.00000000916134e-06,-2.8000000014571924e-05,9292,0,1,0,1,0,1,1.4,2316.9594898418163,74.72897774313999,25837.80648043226,6949,0
1004.5,1.4,10.5,-2.8,1708.9612,65.85635,0.5249999999998636,-0.000700000000279033,-0.00040000000035433914,-0.005429999999989832,1.6000000016447302e-05,1.8000000025608642e-05,9293,0,1,0,1,0,1,1.4,2316.894071476221,74.72802308123521,25839.857233954288,6950,0
1004.5,1.4,10.5,-2.8,1709.4856,65.85094,0.5244000000000142,-0.0005999999998493877,0.0001000000004296453,-0.005410000000011905,1.9999999977926564e-05,3.999999961479261e-06,9294,0,1,0,1,0,1,1.4,2316.8287236040883,74.72706804271114,25841.908616756344,6951,0
1004.75,1.4,10.5,-2.8,1710.0095,65.845535,0.5238999999999123,-0.0005000000001018634,9.999999974752427e-05,-0.005404999999996107,5.000000015797923e-06,-1.499999996212864e-05,9295,0,1,0,1,0,1,1.4,2316.7634461488815,74.7261126282272,25843.960628238427,6952,0
1005.75,1.4,10.5,-2.8,1710.533,65.84014,0.5235000000000127,-0.0003999999998995918,0.00010000000020227162,-0.005394999999992933,1.0000000003174137e-05,4.9999999873762135e-06,9296,0,1,0,1,0,1,1.4,2316.6982390448534,74.72515683898031,25846.01326792053,6953,0
1006.0,1.4,10.5,-2.8,1711.0559,65.83476,0.5229000000001633,-0.0005999999998493877,-0.0001999999999497959,-0.005380000000002383,1.499999999055035e-05,4.9999999873762135e-06,9297,0,1,0,1,0,1,1.4,2316.6331022047752,74.72420067670467,25848.06653508266,6954,0
1003.75,1.4,10.5,-2.8,1711.5782,65.8294,0.5222999999998592,-0.000600000000304135,-4.547473508864641e-13,-0.005359999999996035,2.0000000006348273e-05,5.000000015797923e-06,9298,0,1,0,1,0,1,1.4,2316.568035541456,74.72324414367137,25850.120429004815,6955,0
1003.75,1.4,10.5,-2.8,1712.1,65.82404,0.5217999999999847,-0.0004999999998744897,0.0001000000004296453,-0.0053600000000102455,-1.4210854715202004e-14,-2.0000000020559128e-05,9299,0,1,0,1,0,1,1.4,2316.5030389784947,74.72228724,25852.174949087,6956,0
1003.75,1.4,10.5,-2.8,1712.6212,65.8187,0.5212000000001353,-0.0005999999998493877,-9.999999997489795e-05,-0.005339999999989686,2.0000000020559128e-05,2.0000000034769982e-05,9300,0,1,0,1,0,1,1.4,2316.438112428771,74.72132996796043,25854.230094609204,6957,0
1002.75,1.4,10.5,-2.8,1713.1418,65.81338,0.5206000000000586,-0.0006000000000767614,-2.2737367544323206e-13,-0.00532000000001176,1.9999999977926564e-05,-4.263256414560601e-14,9301,0,1,0,1,0,1,1.4,2316.373255805203,74.72037232982154,25856.285864851434,6958,0
1003.75,1.4,10.5,-2.8,1713.6619,65.80806,0.5200999999999567,-0.0005000000001018634,9.999999997489795e-05,-0.005319999999997549,1.4210854715202004e-14,-1.999999996371571e-05,9302,0,1,0,1,0,1,1.4,2316.308469031495,74.71941432570138,25858.34225921369,6959,0
1001.25,1.4,10.5,-2.8,1714.1814,65.80276,0.51949999999988,-0.0006000000000767614,-9.999999997489795e-05,-0.005299999999991201,2.0000000006348273e-05,1.9999999992137418e-05,9303,0,1,0,1,0,1,1.4,2316.2437520206363,74.71845595786758,25860.39927697597,6960,0
1001.25,1.4,10.5,-2.8,1714.7004,65.79747,0.5190000000000055,-0.0004999999998744897,0.00010000000020227162,-0.005290000000002237,9.999999988963282e-06,-1.0000000017384991e-05,9304,0,1,0,1,0,1,1.4,2316.1791046964,74.71749722751208,25862.456917538275,6961,0
1001.25,1.4,10.5,-2.8,1715.2188,65.79219,0.5184000000001561,-0.0005999999998493877,-9.999999997489795e-05,-0.005279999999999063,1.0000000003174137e-05,1.4210854715202004e-14,9305,0,1,0,1,0,1,1.4,2316.114526971846,74.71653813582635,25864.515180180606,6962,0
999.25,1.4,10.5,-2.8,1715.7366,65.78693,0.5177999999998519,-0.000600000000304135,-4.547473508864641e-13,-0.005260000000006926,1.9999999992137418e-05,9.999999988963282e-06,9306,0,1,0,1,0,1,1.4,2316.050018760073,74.71557868507576,25866.57406418296,6963,0
1000.75,1.4,10.5,-2.8,1716.2538,65.78168,0.5172000000000025,-0.0005999999998493877,4.547473508864641e-13,-0.005250000000003752,1.0000000003174137e-05,-9.999999988963282e-06,9307,0,1,0,1,0,1,1.4,2315.985579974216,74.71461887645036,25868.633568825342,6964,0
1001.75,1.4,10.5,-2.8,1716.7704,65.776436,0.5166000000001532,-0.0005999999998493877,0.0,-0.0052439999999904785,6.000000013273166e-06,-3.999999989900971e-06,9308,0,1,0,1,0,1,1.4,2315.9212105274464,74.71365871071006,25870.693693387748,6965,0
1002.25,1.4,10.5,-2.8,1717.2864,65.77121,0.515999999999849,-0.000600000000304135,-4.547473508864641e-13,-0.005226000000007502,1.7999999982976078e-05,1.1999999969702912e-05,9309,0,1,0,1,0,1,1.4,2315.8569103329755,74.71269818990334,25872.75443715018,6966,0
1001.75,1.4,10.5,-2.8,1717.8018,65.76599,0.5153999999999996,-0.0005999999998493877,4.547473508864641e-13,-0.005219999999994229,6.000000013273166e-06,-1.1999999969702912e-05,9310,0,1,0,1,0,1,1.4,2315.7926793040488,74.71173731478896,25874.815799392632,6967,0
1001.25,1.4,10.5,-2.8,1718.3167,65.760796,0.5149000000001251,-0.0004999999998744897,9.999999997489795e-05,-0.0051940000000030295,2.599999999119973e-05,1.9999999977926564e-05,9311,0,1,0,1,0,1,1.4,2315.7285173646906,74.7107760882732,25876.87777951511,6968,0
1003.25,1.4,10.5,-2.8,1718.8308,65.7556,0.5140999999998712,-0.0008000000002539309,-0.0003000000003794412,-0.00519599999999798,-1.9999999949504854e-06,-2.7999999986150215e-05,9312,0,1,0,1,0,1,1.4,2315.6644244067434,74.70981451025447,25878.940376557613,6969,0
1003.25,1.4,10.5,-2.8,1719.3444,65.75043,0.5135999999999967,-0.0004999999998744897,0.0003000000003794412,-0.00517000000000678,2.599999999119973e-05,2.7999999986150215e-05,9313,0,1,0,1,0,1,1.4,2315.6004003543053,74.70885258363754,25881.003589920143,6970,0
1002.25,1.4,10.5,-2.8,1719.8574,65.74526,0.5130000000001473,-0.0005999999998493877,-9.999999997489795e-05,-0.005169999999992569,1.4210854715202004e-14,-2.5999999976988875e-05,9314,0,1,0,1,0,1,1.4,2315.536445120773,74.70789030853462,25883.067418882696,6971,0
1000.75,1.4,10.5,-2.8,1720.3698,65.74011,0.5123999999998432,-0.000600000000304135,-4.547473508864641e-13,-0.005150000000000432,1.9999999992137418e-05,1.9999999977926564e-05,9315,0,1,0,1,0,1,1.4,2315.472558619579,74.70692768720481,25885.131862725273,6972,0
1000.75,1.4,10.5,-2.8,1720.8815,65.73497,0.5117000000000189,-0.0006999999998242856,-9.99999995201506e-05,-0.005139999999997258,1.0000000003174137e-05,-9.999999988963282e-06,9316,0,1,0,1,0,1,1.4,2315.408740753461,74.70596472083288,25887.196920607876,6973,0
1002.25,1.4,10.5,-2.8,1721.3926,65.72984,0.5110999999999422,-0.0006000000000767614,9.999999974752427e-05,-0.005130000000008295,9.999999988963282e-06,-1.4210854715202004e-14,9317,0,1,0,1,0,1,1.4,2315.3449914359303,74.70500141060313,25889.262591810504,6974,0
1001.25,1.4,10.5,-2.8,1721.9031,65.72473,0.5105000000000928,-0.0005999999998493877,2.2737367544323206e-13,-0.005110000000001946,2.0000000006348273e-05,1.0000000017384991e-05,9318,0,1,0,1,0,1,1.4,2315.2813105805344,74.7040377587724,25891.328875613155,6975,0
1001.25,1.4,10.5,-2.8,1722.413,65.71963,0.509900000000016,-0.0006000000000767614,-2.2737367544323206e-13,-0.005099999999998772,1.0000000003174137e-05,-1.0000000003174137e-05,9319,0,1,0,1,0,1,1.4,2315.2176981008583,74.7030737665236,25893.39577129583,6976,0
1001.25,1.4,10.5,-2.8,1722.9221,65.71454,0.5090999999999894,-0.0008000000000265572,-0.0001999999999497959,-0.005089999999995598,1.0000000003174137e-05,0.0,9320,0,1,0,1,0,1,1.4,2315.154153889068,74.70210943503915,25895.463277898532,6977,0
1002.75,1.4,10.5,-2.8,1723.4307,65.709465,0.5085999999998876,-0.0005000000001018634,0.00029999999992469384,-0.005075000000005048,1.499999999055035e-05,4.9999999873762135e-06,9321,0,1,0,1,0,1,1.4,2315.0906778695557,74.70114476603733,25897.531394821257,6978,0
1002.5,1.4,10.5,-2.8,1723.9386,65.7044,0.5079000000000633,-0.0006999999998242856,-0.00019999999972242222,-0.005064999999987663,1.0000000017384991e-05,-4.999999973165359e-06,9322,0,1,0,1,0,1,1.4,2315.0272699452967,74.70017976069934,25899.600121224004,6979,0
1000.75,1.4,10.5,-2.8,1724.4459,65.69935,0.5072999999999865,-0.0006000000000767614,9.999999974752427e-05,-0.005050000000011323,1.4999999976339495e-05,4.999999958954504e-06,9323,0,1,0,1,0,1,1.4,2314.96393003003,74.69921442074217,25901.66945638678,6980,0
1002.25,1.4,10.5,-2.8,1724.9525,65.69431,0.5066000000001623,-0.0006999999998242856,-9.999999974752427e-05,-0.005039999999993938,1.0000000017384991e-05,-4.999999958954504e-06,9324,0,1,0,1,0,1,1.4,2314.9006580268097,74.69824874734584,25903.739399469574,6981,0
1003.25,1.4,10.5,-2.8,1725.4584,65.689285,0.5058999999998832,-0.000700000000279033,-4.547473508864641e-13,-0.005025000000003388,1.499999999055035e-05,4.999999973165359e-06,9325,0,1,0,1,0,1,1.4,2314.8374538387307,74.69728274222604,25905.8099496324,6982,0
1004.25,1.4,10.5,-2.8,1725.9637,65.68427,0.5053000000000338,-0.0005999999998493877,0.0001000000004296453,-0.005015000000000214,1.0000000003174137e-05,-4.9999999873762135e-06,9326,0,1,0,1,0,1,1.4,2314.7743173796507,74.69631640656159,25907.881106155244,6983,0
1004.25,1.4,10.5,-2.8,1726.4683,65.67927,0.5045999999999822,-0.0007000000000516593,-0.00010000000020227162,-0.0049999999999954525,1.5000000004761205e-05,5.000000001587068e-06,9327,0,1,0,1,0,1,1.4,2314.7112485527446,74.6953497420669,25909.952868198114,6984,0
1003.25,1.4,10.5,-2.8,1726.9722,65.67428,0.5038999999999305,-0.0007000000000516593,0.0,-0.004990000000006489,9.999999988963282e-06,-5.000000015797923e-06,9328,0,1,0,1,0,1,1.4,2314.6482472612283,74.6943827499196,25912.02523492101,6985,0
1004.75,1.4,10.5,-2.8,1727.4755,65.669304,0.5033000000000811,-0.0005999999998493877,0.00010000000020227162,-0.004975999999999203,1.4000000007285962e-05,4.00000001832268e-06,9329,0,1,0,1,0,1,1.4,2314.5853134190784,74.69341543172563,25914.09820560393,6986,0
1005.25,1.4,10.5,-2.8,1727.978,65.664345,0.5025000000000546,-0.0008000000000265572,-0.00020000000017716957,-0.004958999999999492,1.699999999971169e-05,2.999999992425728e-06,9330,0,1,0,1,0,1,1.4,2314.5224469188724,74.69244778941164,25916.17177928687,6987,0
1004.25,1.4,10.5,-2.8,1728.48,65.65939,0.5019999999999527,-0.0005000000001018634,0.00029999999992469384,-0.00495499999999538,4.0000000041118255e-06,-1.2999999995599865e-05,9331,0,1,0,1,0,1,1.4,2314.4596476853835,74.6914798235105,25918.24595536984,6988,0
1006.75,1.4,10.5,-2.8,1728.9811,65.65445,0.5010999999999513,-0.0009000000000014552,-0.0003999999998995918,-0.004940000000004829,1.499999999055035e-05,1.0999999986438525e-05,9332,0,1,0,1,0,1,1.4,2314.3969156005573,74.69051153573342,25920.32073277283,6989,0
1007.75,1.4,10.5,-2.8,1729.4816,65.64953,0.5005000000001019,-0.0005999999998493877,0.0003000000001520675,-0.004919999999998481,2.0000000006348273e-05,5.000000015797923e-06,9333,0,1,0,1,0,1,1.4,2314.3342505785304,74.68954292832655,25922.396110775844,6990,0
1008.75,1.4,10.5,-2.8,1729.9814,65.644615,0.49979999999982283,-0.000700000000279033,-0.0001000000004296453,-0.004914999999996894,5.000000001587068e-06,-1.5000000004761205e-05,9334,0,1,0,1,0,1,1.4,2314.271652522764,74.68857400192823,25924.47208853888,6991,0
1008.75,1.4,10.5,-2.8,1730.4805,65.63971,0.49909999999999854,-0.0006999999998242856,4.547473508864641e-13,-0.004905000000007931,9.999999988963282e-06,4.9999999873762135e-06,9335,0,1,0,1,0,1,1.4,2314.209121336761,74.68760475771208,25926.548665221948,6992,0
1007.25,1.4,10.5,-2.8,1730.9789,65.63483,0.49840000000017426,-0.0006999999998242856,0.0,-0.0048799999999999955,2.500000000793534e-05,1.500000001897206e-05,9336,0,1,0,1,0,1,1.4,2314.1466569240656,74.68663519845775,25928.625839985034,6993,0
1008.25,1.4,10.5,-2.8,1731.4766,65.62995,0.4976999999998952,-0.000700000000279033,-4.547473508864641e-13,-0.0048799999999999955,0.0,-2.500000000793534e-05,9337,0,1,0,1,0,1,1.4,2314.084259188263,74.68566532426644,25930.703611988145,6994,0
1010.25,1.4,10.5,-2.8,1731.9735,65.625084,0.49690000000009604,-0.0007999999997991836,-9.99999995201506e-05,-0.0048659999999927095,1.4000000007285962e-05,1.4000000007285962e-05,9338,0,1,0,1,0,1,1.4,2314.0219280222723,74.68469513673841,25932.78198027128,6995,0
1009.75,1.4,10.5,-2.8,1732.4697,65.62023,0.4962000000000444,-0.0007000000000516593,9.999999974752427e-05,-0.004853999999994585,1.1999999998124622e-05,-2.00000000916134e-06,9339,0,1,0,1,0,1,1.4,2313.959663329764,74.6837246372591,25934.860943994438,6996,0
1008.75,1.4,10.5,-2.6,1732.9653,65.615395,0.4955999999999676,-0.0006000000000767614,9.999999997489795e-05,-0.004834999999999923,1.8999999994662176e-05,6.999999996537554e-06,9340,0,1,0,1,0,1,1.2000000000000002,2313.897465025158,74.68275382796274,25936.94050243762,6997,0
1009.0,1.4,10.5,-2.6,1733.4601,65.61057,0.49479999999994106,-0.0008000000000265572,-0.0001999999999497959,-0.004825000000010959,9.999999988963282e-06,-9.000000005698894e-06,9341,0,1,0,1,0,1,1.2000000000000002,2313.835333001499,74.68178271001928,25939.020654640826,6998,0
1009.75,1.4,10.5,-2.6,1733.9541,65.60576,0.4939999999999145,-0.0008000000000265572,0.0,-0.004809999999991987,1.500000001897206e-05,5.000000030008778e-06,9342,0,1,0,1,0,1,1.2000000000000002,2313.7732671518784,74.68081128513326,25941.101399644056,6999,0
1011.75,1.4,10.5,-2.6,1734.4475,65.60095,0.4934000000000651,-0.0005999999998493877,0.00020000000017716957,-0.004810000000006198,-1.4210854715202004e-14,-1.5000000033182914e-05,9343,0,1,0,1,0,1,1.2000000000000002,2313.711267390839,74.67983955340326,25943.18273672731,7000,0
1010.75,1.4,10.5,-2.6,1734.9401,65.59617,0.49260000000003856,-0.0008000000000265572,-0.00020000000017716957,-0.004779999999996676,3.000000000952241e-05,3.0000000023733264e-05,9344,0,1,0,1,0,1,1.2000000000000002,2313.649333611557,74.67886751813805,25945.264664930586,7001,0
1011.25,1.4,10.5,-2.6,1735.4319,65.59139,0.491800000000012,-0.0008000000000265572,0.0,-0.004779999999996676,0.0,-3.000000000952241e-05,9345,0,1,0,1,0,1,1.2000000000000002,2313.5874657072545,74.67789517943505,25947.34718329389,7002,0
1011.0,1.4,10.5,-2.6,1735.923,65.586624,0.49109999999996035,-0.0007000000000516593,9.999999997489795e-05,-0.004766000000003601,1.3999999993075107e-05,1.3999999993075107e-05,9346,0,1,0,1,0,1,1.2000000000000002,2313.5256635818982,74.67692253888949,25949.430290977212,7003,0
1011.25,1.4,10.5,-2.6,1736.4133,65.58188,0.4902999999999338,-0.0008000000000265572,-9.999999997489795e-05,-0.004744000000002302,2.200000000129876e-05,8.000000008223651e-06,9347,0,1,0,1,0,1,1.2000000000000002,2313.463927128798,74.67594959895165,25951.51398702056,7004,0
1012.25,1.4,10.5,-2.6,1736.9028,65.57714,0.4895000000001346,-0.0007999999997991836,2.2737367544323206e-13,-0.00473999999999819,4.0000000041118255e-06,-1.7999999997186933e-05,9348,0,1,0,1,0,1,1.2000000000000002,2313.4022562413093,74.67497636014546,25953.598270463932,7005,0
1012.25,1.4,10.5,-2.6,1737.3916,65.57241,0.48879999999985557,-0.000700000000279033,9.99999995201506e-05,-0.004729999999995016,1.0000000003174137e-05,5.999999999062311e-06,9349,0,1,0,1,0,1,1.2000000000000002,2313.3406508235294,74.67400282363636,25955.683140467325,7006,0
1010.75,1.4,10.5,-2.6,1737.8798,65.567696,0.4882000000000062,-0.0005999999998493877,0.0001000000004296453,-0.00471400000000699,1.5999999988025593e-05,5.999999984851456e-06,9350,0,1,0,1,0,1,1.2000000000000002,2313.27911079029,74.67302899123088,25957.768596310743,7007,0
1011.75,1.4,10.5,-2.6,1738.367,65.562996,0.48720000000002983,-0.0009999999999763531,-0.00040000000012696546,-0.004699999999999704,1.4000000007285962e-05,-1.9999999807396307e-06,9351,0,1,0,1,0,1,1.2000000000000002,2313.217636013687,74.67205486452096,25959.854636794185,7008,0
1011.75,1.4,10.5,-2.6,1738.8535,65.558304,0.48649999999997817,-0.0007000000000516593,0.00029999999992469384,-0.004691999999991481,8.000000008223651e-06,-5.999999999062311e-06,9352,0,1,0,1,0,1,1.2000000000000002,2313.156226397947,74.67108044445632,25961.94126107765,7009,0
1011.75,1.4,10.5,-2.6,1739.3392,65.553635,0.4856999999999516,-0.0008000000000265572,-9.999999997489795e-05,-0.004669000000006918,2.2999999984563146e-05,1.4999999976339495e-05,9353,0,1,0,1,0,1,1.2000000000000002,2313.0948818366473,74.6701057335899,25964.028468201137,7010,0
1012.0,1.4,10.5,-2.6,1739.8241,65.548965,0.48490000000015243,-0.0007999999997991836,2.2737367544323206e-13,-0.004670000000004393,-9.999999974752427e-07,-2.399999998203839e-05,9354,0,1,0,1,0,1,1.2000000000000002,2313.03360222341,74.66913073190807,25966.11625720465,7011,0
1010.75,1.4,10.5,-2.6,1740.3082,65.54432,0.4840999999998985,-0.0008000000002539309,-4.547473508864641e-13,-0.0046449999999964575,2.500000000793534e-05,2.6000000005410584e-05,9355,0,1,0,1,0,1,1.2000000000000002,2312.9723874519027,74.66815544217614,25968.204627128183,7012,0
1009.25,1.4,10.5,-2.6,1740.7916,65.53968,0.4834000000000742,-0.0006999999998242856,0.0001000000004296453,-0.0046399999999948704,5.000000001587068e-06,-2.0000000006348273e-05,9356,0,1,0,1,0,1,1.2000000000000002,2312.911237426526,74.66717986502084,25970.293577131742,7013,0
1009.25,1.4,10.5,-2.6,1741.2742,65.53505,0.48260000000004766,-0.0008000000000265572,-0.00010000000020227162,-0.004630000000005907,9.999999988963282e-06,4.9999999873762135e-06,9357,0,1,0,1,0,1,1.2000000000000002,2312.8501520410346,74.6662040016029,25972.383106255325,7014,0
1009.25,1.4,10.5,-2.6,1741.756,65.53043,0.4818000000000211,-0.0008000000000265572,0.0,-0.004620000000002733,1.0000000003174137e-05,1.4210854715202004e-14,9358,0,1,0,1,0,1,1.2000000000000002,2312.7891311892295,74.6652278530826,25974.473213538928,7015,0
1010.25,1.4,10.5,-2.6,1742.2369,65.52583,0.48090000000001965,-0.0009000000000014552,-9.999999997489795e-05,-0.004599999999996385,2.0000000006348273e-05,1.0000000003174137e-05,9359,0,1,0,1,0,1,1.2000000000000002,2312.7281747542734,74.66425142168804,25976.563897902557,7016,0
1010.25,1.4,10.5,-2.6,1742.717,65.52125,0.4800999999999931,-0.0008000000000265572,9.999999997489795e-05,-0.004580000000004247,1.9999999992137418e-05,-1.4210854715202004e-14,9360,0,1,0,1,0,1,1.2000000000000002,2312.667282630061,74.66327470964642,25978.655158386206,7017,0
1009.25,1.4,10.5,-2.6,1743.1964,65.51667,0.47939999999994143,-0.0007000000000516593,9.999999997489795e-05,-0.0045799999999900365,1.4210854715202004e-14,-1.9999999977926564e-05,9361,0,1,0,1,0,1,1.2000000000000002,2312.606454721213,74.66229771704764,25980.74699414988,7018,0
1011.25,1.4,10.5,-2.6,1743.6749,65.5121,0.47849999999994,-0.0009000000000014552,-0.0001999999999497959,-0.004570000000001073,9.999999988963282e-06,9.999999974752427e-06,9362,0,1,0,1,0,1,1.2000000000000002,2312.545690911033,74.66132044504967,25982.839404113576,7019,0
1012.25,1.4,10.5,-2.6,1744.1526,65.50755,0.4776999999999134,-0.0008000000000265572,9.999999997489795e-05,-0.004550000000008936,1.9999999992137418e-05,1.0000000003174137e-05,9363,0,1,0,1,0,1,1.2000000000000002,2312.4849910935495,74.66034289587783,25984.932387317294,7020,0
1011.25,1.4,10.5,-2.6,1744.6295,65.50301,0.47690000000011423,-0.0007999999997991836,2.2737367544323206e-13,-0.004539999999991551,1.0000000017384991e-05,-9.999999974752427e-06,9364,0,1,0,1,0,1,1.2000000000000002,2312.4243551628406,74.65936507068874,25987.025942801036,7021,0
1011.25,1.4,10.5,-2.6,1745.1056,65.49848,0.4761000000000877,-0.0008000000000265572,-2.2737367544323206e-13,-0.0045300000000025875,9.999999988963282e-06,-2.842170943040401e-14,9365,0,1,0,1,0,1,1.2000000000000002,2312.363783013026,74.65838697063849,25989.120069604804,7022,0
1010.75,1.4,10.5,-2.6,1745.5807,65.49397,0.47509999999988395,-0.0010000000002037268,-0.00020000000017716957,-0.004509999999996239,2.0000000006348273e-05,1.0000000017384991e-05,9366,0,1,0,1,0,1,1.2000000000000002,2312.303274516921,74.65740859795025,25991.214766528592,7023,0
1011.25,1.4,10.5,-2.6,1746.0552,65.48947,0.47450000000003456,-0.0005999999998493877,0.00040000000035433914,-0.004500000000007276,9.999999988963282e-06,-1.0000000017384991e-05,9367,0,1,0,1,0,1,1.2000000000000002,2312.2428295900936,74.65642995377883,25993.3100328524,7024,0
1010.75,1.4,10.5,-2.6,1746.5287,65.48498,0.4735000000000582,-0.0009999999999763531,-0.00040000000012696546,-0.004490000000004102,1.0000000003174137e-05,1.4210854715202004e-14,9368,0,1,0,1,0,1,1.2000000000000002,2312.182448105454,74.65545103927847,25995.405867376234,7025,0
1009.75,1.4,10.5,-2.6,1747.0013,65.4805,0.4725999999998294,-0.0009000000002288289,9.999999974752427e-05,-0.004479999999986717,1.0000000017384991e-05,1.4210854715202004e-14,9369,0,1,0,1,0,1,1.2000000000000002,2312.1221299466383,74.65447185560299,25997.50226902009,7026,0
1009.25,1.4,10.5,-2.6,1747.4731,65.476036,0.4718000000000302,-0.0007999999997991836,0.0001000000004296453,-0.004464000000012902,1.5999999973814738e-05,5.999999956429747e-06,9370,0,1,0,1,0,1,1.2000000000000002,2312.0618750080034,74.65349240454594,25999.599236823968,7027,0
1009.0,1.4,10.5,-2.6,1747.9442,65.47158,0.47109999999997854,-0.0007000000000516593,9.999999974752427e-05,-0.004455999999990468,8.000000022434506e-06,-7.999999951380232e-06,9371,0,1,0,1,0,1,1.2000000000000002,2312.0016831946223,74.65251268704652,26001.69676994787,7028,0
1009.75,1.4,10.5,-2.6,1748.4143,65.46714,0.4701000000000022,-0.0009999999999763531,-0.00029999999992469384,-0.004440000000002442,1.5999999988025593e-05,7.999999965591087e-06,9372,0,1,0,1,0,1,1.2000000000000002,2311.941554379601,74.65153270489704,26003.794867191795,7029,0
1010.75,1.4,10.5,-2.6,1748.8835,65.462715,0.4692000000000007,-0.0009000000000014552,9.999999997489795e-05,-0.004424999999997681,1.5000000004761205e-05,-9.99999983264388e-07,9373,0,1,0,1,0,1,1.2000000000000002,2311.881488446768,74.65055245978238,26005.893527475742,7030,0
1010.5,1.4,10.5,-2.6,1749.3519,65.4583,0.46839999999997417,-0.0008000000000265572,9.999999997489795e-05,-0.0044150000000087175,9.999999988963282e-06,-5.000000015797923e-06,9374,0,1,0,1,0,1,1.2000000000000002,2311.8214852906667,74.64957195285334,26007.99274983971,7031,0
1011.25,1.4,10.5,-2.6,1749.8195,65.453896,0.467600000000175,-0.0007999999997991836,2.2737367544323206e-13,-0.004403999999993857,1.1000000014860234e-05,1.0000000258969521e-06,9375,0,1,0,1,0,1,1.2000000000000002,2311.7615448058873,74.6485911853669,26010.092533323703,7032,0
1011.0,1.4,10.5,-2.6,1750.2861,65.4495,0.46659999999997126,-0.0010000000002037268,-0.00020000000040454324,-0.0043959999999998445,7.999999994012796e-06,-3.0000000208474376e-06,9376,0,1,0,1,0,1,1.2000000000000002,2311.701666865735,74.64761015825957,26012.192876727713,7033,0
1010.25,1.4,10.5,-2.6,1750.7518,65.44513,0.4656999999999698,-0.0009000000000014552,0.00010000000020227162,-0.004369999999994434,2.6000000005410584e-05,1.8000000011397788e-05,9377,0,1,0,1,0,1,1.2000000000000002,2311.6418513542335,74.64662887438686,26014.29377897175,7034,0
1010.25,1.4,10.5,-2.6,1751.2168,65.44076,0.46499999999991815,-0.0007000000000516593,0.0001999999999497959,-0.004370000000008645,-1.4210854715202004e-14,-2.600000001962144e-05,9378,0,1,0,1,0,1,1.2000000000000002,2311.582098176778,74.6456473338309,26016.39523921581,7035,0
1010.75,1.4,10.5,-2.6,1751.6808,65.43641,0.46400000000016917,-0.0009999999997489795,-0.00029999999969732016,-0.0043500000000022965,2.0000000006348273e-05,2.0000000020559128e-05,9379,0,1,0,1,0,1,1.2000000000000002,2311.522407206823,74.64466553880597,26018.49725625989,7036,0
1011.25,1.4,10.5,-2.6,1752.1438,65.43207,0.46299999999996544,-0.0010000000002037268,-4.547473508864641e-13,-0.004339999999999122,1.0000000003174137e-05,-1.0000000003174137e-05,9380,0,1,0,1,0,1,1.2000000000000002,2311.462778317876,74.64368349045944,26020.599828903993,7037,0
1012.25,1.4,10.5,-2.6,1752.6061,65.427734,0.4622999999999138,-0.0007000000000516593,0.0003000000001520675,-0.0043359999999950105,4.0000000041118255e-06,-5.999999999062311e-06,9381,0,1,0,1,0,1,1.2000000000000002,2311.403211415476,74.64270118929865,26022.70295630812,7038,0
1011.75,1.4,10.5,-2.6,1753.0674,65.423416,0.4612999999999374,-0.0009999999999763531,-0.00029999999992469384,-0.004317999999997824,1.7999999997186933e-05,1.3999999993075107e-05,9382,0,1,0,1,0,1,1.2000000000000002,2311.343706373228,74.64171863732281,26024.806637272264,7039,0
1011.75,1.4,10.5,-2.6,1753.5277,65.41911,0.46030000000018845,-0.0009999999997489795,2.2737367544323206e-13,-0.004305999999999699,1.1999999998124622e-05,-5.999999999062311e-06,9383,0,1,0,1,0,1,1.2000000000000002,2311.284263064791,74.64073583589088,26026.910870596435,7040,0
1013.25,1.4,10.5,-2.6,1753.9873,65.414825,0.4595999999999094,-0.000700000000279033,0.0002999999994699465,-0.004285000000010086,2.099999998961266e-05,8.999999991488039e-06,9384,0,1,0,1,0,1,1.2000000000000002,2311.2248813958445,74.63975278732019,26029.015655440628,7041,0
1013.5,1.4,10.5,-2.6,1754.4458,65.410545,0.45849999999995816,-0.001099999999951251,-0.0003999999996722181,-0.004279999999994288,5.000000015797923e-06,-1.5999999973814738e-05,9385,0,1,0,1,0,1,1.2000000000000002,2311.165561229491,74.63876949222245,26031.12099048484,7042,0
1014.25,1.4,10.5,-2.6,1754.9034,65.40628,0.4575999999999567,-0.0009000000000014552,0.0001999999999497959,-0.004265000000003738,1.499999999055035e-05,9.999999974752427e-06,9386,0,1,0,1,0,1,1.2000000000000002,2311.106302450197,74.63778595227441,26033.226874649074,7043,0
1013.75,1.4,10.5,-2.6,1755.3602,65.40202,0.4568000000001575,-0.0007999999997991836,0.00010000000020227162,-0.004260000000002151,5.000000001587068e-06,-9.999999988963282e-06,9387,0,1,0,1,0,1,1.2000000000000002,2311.0471049531316,74.63680216808692,26035.33330697333,7044,0
1012.25,1.4,10.5,-2.6,1755.816,65.39778,0.4557999999999538,-0.0010000000002037268,-0.00020000000040454324,-0.004239999999995803,2.0000000006348273e-05,1.5000000004761205e-05,9388,0,1,0,1,0,1,1.2000000000000002,2310.987968612206,74.63581814186814,26037.44028625761,7045,0
1012.0,1.4,10.5,-2.6,1756.271,65.39355,0.45499999999992724,-0.0008000000000265572,0.00020000000017716957,-0.0042299999999926285,1.0000000003174137e-05,-1.0000000003174137e-05,9389,0,1,0,1,0,1,1.2000000000000002,2310.9288933226835,74.63483387476039,26039.547811541914,7046,0
1011.25,1.4,10.5,-2.6,1756.7249,65.38933,0.453899999999976,-0.001099999999951251,-0.00029999999992469384,-0.004220000000003665,9.999999988963282e-06,-1.4210854715202004e-14,9390,0,1,0,1,0,1,1.2000000000000002,2310.869878947929,74.63384936790544,26041.655881506234,7047,0
1011.0,1.4,10.5,-2.6,1757.1779,65.385124,0.45299999999997453,-0.0009000000000014552,0.0001999999999497959,-0.004205999999996379,1.4000000007285962e-05,4.00000001832268e-06,9391,0,1,0,1,0,1,1.2000000000000002,2310.8109253726575,74.63286462287053,26043.76449507058,7048,0
1013.25,1.4,10.5,-2.6,1757.63,65.380936,0.45210000000020045,-0.0008999999997740815,2.2737367544323206e-13,-0.004187999999999192,1.7999999997186933e-05,3.999999989900971e-06,9392,0,1,0,1,0,1,1.2000000000000002,2310.752032481635,74.63187964164804,26045.873651154947,7049,0
1013.0,1.4,10.5,-2.6,1758.081,65.376755,0.45099999999979445,-0.0011000000004059984,-0.00020000000063191692,-0.004181000000002655,6.999999996537554e-06,-1.100000000064938e-05,9393,0,1,0,1,0,1,1.2000000000000002,2310.693200138386,74.63089442505854,26047.983348439335,7050,0
1013.75,1.4,10.5,-2.6,1758.5312,65.37258,0.45019999999999527,-0.0007999999997991836,0.00030000000060681487,-0.0041750000000035925,5.999999999062311e-06,-9.999999974752427e-07,9394,0,1,0,1,0,1,1.2000000000000002,2310.634428238425,74.62990897381586,26050.093585963743,7051,0
1014.0,1.4,10.5,-2.6,1758.9805,65.36843,0.4492999999999938,-0.0009000000000014552,-0.00010000000020227162,-0.004149999999995657,2.500000000793534e-05,1.900000000887303e-05,9395,0,1,0,1,0,1,1.2000000000000002,2310.5757166666667,74.62892329065559,26052.204362648175,7052,0
1015.25,1.4,10.5,-2.6,1759.4287,65.36428,0.44820000000004256,-0.001099999999951251,-0.0001999999999497959,-0.004150000000009868,-1.4210854715202004e-14,-2.5000000022146196e-05,9396,0,1,0,1,0,1,1.2000000000000002,2310.5170652867937,74.6279373756518,26054.315677172628,7053,0
1016.25,1.4,10.5,-2.6,1759.8761,65.36015,0.447400000000016,-0.0008000000000265572,0.00029999999992469384,-0.004129999999989309,2.0000000020559128e-05,2.0000000034769982e-05,9397,0,1,0,1,0,1,1.2000000000000002,2310.458473994467,74.6269512310066,26056.4275285771,7054,0
1017.75,1.4,10.5,-2.6,1760.3224,65.35603,0.44630000000006476,-0.001099999999951251,-0.00029999999992469384,-0.004120000000000346,9.999999988963282e-06,-1.0000000031595846e-05,9398,0,1,0,1,0,1,1.2000000000000002,2310.3999426534738,74.62596485785723,26058.539915541598,7055,0
1016.75,1.4,10.5,-2.6,1760.7677,65.35193,0.4453000000000884,-0.0009999999999763531,9.999999997489795e-05,-0.004100000000008208,1.9999999992137418e-05,1.0000000003174137e-05,9399,0,1,0,1,0,1,1.2000000000000002,2310.3414711382975,74.62497825840425,26060.652836866113,7056,0
1014.75,1.4,10.5,-2.6,1761.2122,65.34783,0.44449999999983447,-0.0008000000002539309,0.00019999999972242222,-0.004099999999993997,1.4210854715202004e-14,-1.9999999977926564e-05,9400,0,1,0,1,0,1,1.2000000000000002,2310.2830593447507,74.62399143271993,26062.76629159065,7057,0
1015.75,1.4,10.5,-2.6,1761.6555,65.34375,0.4433000000001357,-0.0011999999996987754,-0.00039999999944484443,-0.00408000000000186,1.9999999992137418e-05,1.9999999977926564e-05,9401,0,1,0,1,0,1,1.2000000000000002,2310.2247071261436,74.62300438300362,26064.88027827521,7058,0
1015.75,1.4,10.5,-2.6,1762.0979,65.339676,0.44239999999990687,-0.0009000000002288289,0.0002999999994699465,-0.004074000000002798,5.999999999062311e-06,-1.3999999993075107e-05,9402,0,1,0,1,0,1,1.2000000000000002,2310.166414367755,74.6220171099649,26066.994795839793,7059,0
1016.25,1.4,10.5,-2.6,1762.5393,65.335625,0.4413999999999305,-0.0009999999999763531,-9.999999974752427e-05,-0.004051000000004024,2.2999999998774e-05,1.699999999971169e-05,9403,0,1,0,1,0,1,1.2000000000000002,2310.108180944279,74.62102961612081,26069.109843084392,7060,0
1016.0,1.4,10.5,-2.6,1762.9797,65.33157,0.44040000000018154,-0.0009999999997489795,2.2737367544323206e-13,-0.004054999999993925,-3.999999989900971e-06,-2.6999999988674972e-05,9404,0,1,0,1,0,1,1.2000000000000002,2310.0500067304624,74.62004190111642,26071.225418809016,7061,0
1014.75,1.4,10.5,-2.6,1763.4192,65.327545,0.4394999999999527,-0.0009000000002288289,9.99999995201506e-05,-0.004024999999998613,2.9999999995311555e-05,3.3999999985212526e-05,9405,0,1,0,1,0,1,1.2000000000000002,2309.991891611737,74.61905396821177,26073.34152193366,7062,0
1015.75,1.4,10.5,-2.6,1763.8577,65.323524,0.43849999999997635,-0.0009999999999763531,-9.999999974752427e-05,-0.004020999999994501,4.0000000041118255e-06,-2.599999999119973e-05,9406,0,1,0,1,0,1,1.2000000000000002,2309.933835462953,74.61806581790157,26075.458151258325,7063,0
1016.0,1.3,10.5,-2.6,1764.295,65.31951,0.4373000000000502,-0.001199999999926149,-0.0001999999999497959,-0.0040140000000121745,6.999999982326699e-06,2.9999999782148734e-06,9407,0,1,0,1,0,1,1.3,2309.875838137755,74.61707745099916,26077.575305343013,7064,0
1016.0,1.3,10.5,-2.6,1764.7314,65.31551,0.4363999999998214,-0.0009000000002288289,0.00029999999969732016,-0.003999999999990678,1.4000000021496817e-05,7.000000039170118e-06,9408,0,1,0,1,0,1,1.3,2309.8178995217345,74.61608886906154,26079.692983107718,7065,0
1016.0,1.3,10.5,-2.6,1765.1669,65.31153,0.4355000000000473,-0.0008999999997740815,4.547473508864641e-13,-0.00397999999999854,1.9999999992137418e-05,5.9999999706406015e-06,9409,0,1,0,1,0,1,1.3,2309.7600195005316,74.61510007428268,26081.811183472448,7066,0
1016.0,1.3,10.5,-2.6,1765.6013,65.30756,0.43440000000009604,-0.001099999999951251,-0.00020000000017716957,-0.003970000000009577,9.999999988963282e-06,-1.0000000003174137e-05,9410,0,1,0,1,0,1,1.3,2309.7021979385822,74.614111067793,26083.929905117195,7067,0
1016.75,1.3,10.5,-2.6,1766.0347,65.303604,0.4333999999998923,-0.0010000000002037268,9.999999974752427e-05,-0.00395599999998808,1.4000000021496817e-05,4.000000032533535e-06,9411,0,1,0,1,0,1,1.3,2309.6444347110073,74.61312185114747,26086.049146841964,7068,0
1018.25,1.3,10.5,-2.6,1766.4669,65.29965,0.43219999999996617,-0.001199999999926149,-0.00019999999972242222,-0.0039540000000073405,1.9999999807396307e-06,-1.2000000040757186e-05,9412,0,1,0,1,0,1,1.3,2309.5867296717306,74.61213242462553,26088.168907206757,7069,0
1018.25,1.3,10.5,-2.6,1766.8983,65.29572,0.431400000000167,-0.0007999999997991836,0.00040000000012696546,-0.00392999999999688,2.40000000104601e-05,2.2000000029720468e-05,9413,0,1,0,1,0,1,1.3,2309.5290827172294,74.61114279084342,26090.289185251568,7070,0
1018.0,1.3,10.5,-2.6,1767.3286,65.291794,0.43029999999998836,-0.0011000000001786248,-0.0003000000003794412,-0.0039260000000069795,3.999999989900971e-06,-2.0000000020559128e-05,9414,0,1,0,1,0,1,1.3,2309.471493712161,74.61015295029209,26092.4099796564,7071,0
1017.25,1.3,10.5,-2.6,1767.7578,65.28789,0.4292000000000371,-0.001099999999951251,2.2737367544323206e-13,-0.00390399999999147,2.2000000015509613e-05,1.8000000025608642e-05,9415,0,1,0,1,0,1,1.3,2309.4139625212406,74.60916290537384,26094.53128910125,7072,0
1017.25,1.3,10.5,-2.6,1768.186,65.28399,0.4281999999998334,-0.0010000000002037268,9.999999974752427e-05,-0.003900000000001569,3.999999989900971e-06,-1.8000000025608642e-05,9416,0,1,0,1,0,1,1.3,2309.3564890198577,74.60817265657853,26096.653112386124,7073,0
1016.25,1.3,10.5,-2.6,1768.6132,65.280106,0.4272000000000844,-0.0009999999997489795,4.547473508864641e-13,-0.0038839999999993324,1.6000000002236447e-05,1.2000000012335477e-05,9417,0,1,0,1,0,1,1.3,2309.299073083457,74.60718220567,26098.77544831102,7074,0
1016.25,1.3,10.5,-2.6,1769.0392,65.27623,0.4259999999999309,-0.0012000000001535227,-0.00020000000040454324,-0.0038760000000053196,7.999999994012796e-06,-8.000000008223651e-06,9418,0,1,0,1,0,1,1.3,2309.241714566302,74.60619155356194,26100.89829543593,7075,0
1016.75,1.3,10.5,-2.6,1769.4642,65.27237,0.4249999999999545,-0.0009999999999763531,0.00020000000017716957,-0.003860000000003083,1.6000000002236447e-05,8.000000008223651e-06,9419,0,1,0,1,0,1,1.3,2309.184413343949,74.60520070201699,26103.021652560867,7076,0
1015.75,1.3,10.5,-2.6,1769.8882,65.26852,0.42400000000020555,-0.0009999999997489795,2.2737367544323206e-13,-0.003849999999999909,1.0000000003174137e-05,-5.999999999062311e-06,9420,0,1,0,1,0,1,1.3,2309.1271692920072,74.60420965216007,26105.14551848582,7077,0
1016.75,1.3,10.5,-2.6,1770.3112,65.26468,0.4230000000000018,-0.0010000000002037268,-4.547473508864641e-13,-0.003839999999996735,1.0000000003174137e-05,0.0,9421,0,1,0,1,0,1,1.3,2309.069982286139,74.60321840511568,26107.269892010794,7078,0
1016.75,1.3,10.5,-2.6,1770.733,65.26086,0.4217999999998483,-0.0012000000001535227,-0.0001999999999497959,-0.0038200000000045975,1.9999999992137418e-05,9.999999988963282e-06,9422,0,1,0,1,0,1,1.3,2309.012852180834,74.60222696306909,26109.394771695792,7079,0
1016.75,1.3,10.5,-2.6,1771.1538,65.25704,0.4208000000000993,-0.0009999999997489795,0.00020000000040454324,-0.0038199999999903866,1.4210854715202004e-14,-1.9999999977926564e-05,9423,0,1,0,1,0,1,1.3,2308.9557788518678,74.60123532608235,26111.520156340805,7080,0
1016.75,1.3,10.5,-2.6,1771.5735,65.25324,0.4196999999999207,-0.0011000000001786248,-0.0001000000004296453,-0.0037999999999982492,1.9999999992137418e-05,1.9999999977926564e-05,9424,0,1,0,1,0,1,1.3,2308.898762164456,74.60024349633953,26113.646044625842,7081,0
1017.75,1.3,9.5,-2.6,1771.9921,65.24946,0.41859999999996944,-0.001099999999951251,2.2737367544323206e-13,-0.003780000000006112,1.9999999992137418e-05,0.0,9425,0,1,0,1,0,1,1.3,2308.8418019838746,74.59925147602377,26115.772435230898,7082,0
1017.75,1.3,9.5,-2.6,1772.4095,65.24568,0.4174000000000433,-0.001199999999926149,-9.999999997489795e-05,-0.003780000000006112,0.0,-1.9999999992137418e-05,9426,0,1,0,1,0,1,1.3,2308.784898164846,74.59825926519572,26117.89932671597,7083,0
1016.75,1.3,9.5,-2.6,1772.826,65.24192,0.41650000000004184,-0.0009000000000014552,0.00029999999992469384,-0.0037599999999997635,2.0000000006348273e-05,2.0000000006348273e-05,9427,0,1,0,1,0,1,1.3,2308.7280505939752,74.59726686603733,26120.026718001067,7084,0
1015.75,1.3,9.5,-2.6,1773.2413,65.23817,0.4152999999998883,-0.0012000000001535227,-0.0003000000001520675,-0.0037499999999965894,1.0000000003174137e-05,-1.0000000003174137e-05,9428,0,1,0,1,0,1,1.3,2308.6712591261003,74.5962742796691,26122.154607646185,7085,0
1015.75,1.3,9.5,-2.6,1773.6556,65.23443,0.41430000000013933,-0.0009999999997489795,0.00020000000040454324,-0.0037399999999934153,1.0000000003174137e-05,0.0,9429,0,1,0,1,0,1,1.3,2308.6145236373277,74.59528150721103,26124.282994451318,7086,0
1015.75,1.3,9.5,-2.6,1774.0687,65.2307,0.4130999999999858,-0.0012000000001535227,-0.00020000000040454324,-0.003730000000004452,9.999999988963282e-06,-1.4210854715202004e-14,9430,0,1,0,1,0,1,1.3,2308.5578439826104,74.59428854978263,26126.411876976475,7087,0
1015.25,1.3,9.5,-2.6,1774.4808,65.22699,0.41210000000000946,-0.0009999999999763531,0.00020000000017716957,-0.0037099999999981037,2.0000000006348273e-05,1.0000000017384991e-05,9431,0,1,0,1,0,1,1.3,2308.501220038168,74.5932954095632,26128.54125402165,7088,0
1016.25,1.3,9.5,-2.6,1774.8917,65.22328,0.41089999999985594,-0.0012000000001535227,-0.00020000000017716957,-0.0037099999999981037,0.0,-2.0000000006348273e-05,9432,0,1,0,1,0,1,1.3,2308.444651659069,74.59230208661083,26130.671124146844,7089,0
1015.25,1.3,9.5,-2.6,1775.3015,65.2196,0.40980000000013206,-0.0010999999997238774,0.0001000000004296453,-0.003680000000002792,2.9999999995311555e-05,2.9999999995311555e-05,9433,0,1,0,1,0,1,1.3,2308.388138711045,74.59130858416367,26132.801486032058,7090,0
1015.5,1.3,9.5,-2.6,1775.7102,65.21592,0.40869999999995343,-0.0011000000001786248,-4.547473508864641e-13,-0.003680000000002792,0.0,-2.9999999995311555e-05,9434,0,1,0,1,0,1,1.3,2308.331681059883,74.59031490227875,26134.932338357292,7091,0
1015.5,1.3,9.5,-2.6,1776.1178,65.21225,0.4076000000000022,-0.001099999999951251,2.2737367544323206e-13,-0.003669999999999618,1.0000000003174137e-05,1.0000000003174137e-05,9435,0,1,0,1,0,1,1.3,2308.2752785714288,74.58932104207291,26137.063679802548,7092,0
1015.5,1.3,9.5,-2.6,1776.5243,65.208595,0.40650000000005093,-0.001099999999951251,0.0,-0.003654999999994857,1.5000000004761205e-05,5.000000001587068e-06,9436,0,1,0,1,0,1,1.3,2308.218931111582,74.58832700519233,26139.19550904782,7093,0
1016.25,1.3,9.5,-2.6,1776.9296,65.204956,0.4052999999998974,-0.0012000000001535227,-0.00010000000020227162,-0.003639000000006831,1.5999999988025593e-05,9.99999983264388e-07,9437,0,1,0,1,0,1,1.3,2308.1626385357067,74.58733279338844,26141.32782465311,7094,0
1014.25,1.3,9.5,-2.6,1777.3337,65.201324,0.40409999999997126,-0.001199999999926149,2.2737367544323206e-13,-0.003631999999996083,7.000000010748408e-06,-8.999999977277184e-06,9438,0,1,0,1,0,1,1.3,2308.1064006992265,74.58633840745841,26143.460625178424,7095,0
1015.25,1.3,9.5,-2.6,1777.7368,65.19771,0.4030999999999949,-0.0009999999999763531,0.0001999999999497959,-0.003613999999998896,1.7999999997186933e-05,1.0999999986438525e-05,9439,0,1,0,1,0,1,1.3,2308.0502174788135,74.5853438493644,26145.593909423755,7096,0
1013.75,1.3,9.5,-2.6,1778.1387,65.19411,0.40190000000006876,-0.001199999999926149,-0.0001999999999497959,-0.0036000000000058208,1.3999999993075107e-05,-4.0000000041118255e-06,9440,0,1,0,1,0,1,1.3,2307.9940887300077,74.58434912064399,26147.727675949107,7097,0
1013.75,1.3,9.5,-2.6,1778.5394,65.19051,0.40069999999991524,-0.0012000000001535227,-2.2737367544323206e-13,-0.00359999999999161,1.4210854715202004e-14,-1.3999999978864253e-05,9441,0,1,0,1,0,1,1.3,2307.9380143084095,74.5833542213514,26149.86192331448,7098,0
1013.5,1.3,9.5,-2.6,1778.939,65.18693,0.39960000000019136,-0.0010999999997238774,0.0001000000004296453,-0.0035799999999994725,1.9999999992137418e-05,1.9999999977926564e-05,9442,0,1,0,1,0,1,1.3,2307.881994080271,74.5823591536588,26151.996650199864,7099,0
1012.75,1.3,9.5,-2.6,1779.3374,65.183365,0.39839999999981046,-0.0012000000003808964,-0.00010000000065701897,-0.003565000000008922,1.499999999055035e-05,-5.000000001587068e-06,9443,0,1,0,1,0,1,1.3,2307.826027901313,74.58136391920796,26154.131855165273,7100,0
1010.25,1.3,9.5,-2.6,1779.7347,65.17981,0.3973000000000866,-0.0010999999997238774,0.00010000000065701897,-0.003554999999991537,1.0000000017384991e-05,-4.999999973165359e-06,9444,0,1,0,1,0,1,1.3,2307.7701156379035,74.58036851911064,26156.2675368907,7101,0
1011.25,1.3,9.5,-2.6,1780.1309,65.17626,0.39620000000013533,-0.001099999999951251,-2.2737367544323206e-13,-0.003550000000004161,4.9999999873762135e-06,-5.000000030008778e-06,9445,0,1,0,1,0,1,1.3,2307.7142571564686,74.57937295394876,26158.40369405615,7102,0
1011.25,1.3,9.5,-2.6,1780.5258,65.17273,0.39489999999977954,-0.0013000000003557943,-0.00020000000040454324,-0.0035299999999978127,2.0000000006348273e-05,1.500000001897206e-05,9446,0,1,0,1,0,1,1.3,2307.658452302318,74.57837722589181,26160.540325101614,7103,0
1011.25,1.3,9.5,-2.6,1780.9196,65.16921,0.39380000000005566,-0.0010999999997238774,0.00020000000063191692,-0.0035199999999946385,1.0000000003174137e-05,-1.0000000003174137e-05,9447,0,1,0,1,0,1,1.3,2307.6027009419986,74.57738133604997,26162.6774287071,7104,0
1011.25,1.3,9.5,-2.6,1781.3121,65.1657,0.3925000000001546,-0.001299999999901047,-0.00020000000017716957,-0.0035100000000056752,9.999999988963282e-06,-1.4210854715202004e-14,9448,0,1,0,1,0,1,1.3,2307.547002920944,74.57638528553285,26164.8150033126,7105,0
1011.75,1.3,9.5,-2.6,1781.7035,65.16221,0.391399999999976,-0.0011000000001786248,0.00019999999972242222,-0.003489999999999327,2.0000000006348273e-05,1.0000000017384991e-05,9449,0,1,0,1,0,1,1.3,2307.4913581058204,74.57538907650795,26166.953047598123,7106,0
1011.75,1.3,9.5,-2.6,1782.0938,65.15872,0.39030000000002474,-0.001099999999951251,2.2737367544323206e-13,-0.003489999999999327,0.0,-2.0000000006348273e-05,9450,0,1,0,1,0,1,1.3,2307.4357663633477,74.5743927090255,26169.09156024366,7107,0
1011.75,1.3,9.5,-2.6,1782.4828,65.15526,0.3889999999998963,-0.0013000000001284207,-0.00020000000017716957,-0.0034600000000040154,2.9999999995311555e-05,2.9999999995311555e-05,9451,0,1,0,1,0,1,1.3,2307.3802275391454,74.57339618630978,26171.230539689222,7108,0
1011.75,1.3,9.5,-2.6,1782.8706,65.151794,0.38779999999997017,-0.001199999999926149,0.00010000000020227162,-0.0034660000000030777,-5.999999999062311e-06,-3.5999999994373866e-05,9452,0,1,0,1,0,1,1.3,2307.3247414894745,74.5723995077753,26173.3699844948,7109,0
1011.25,1.3,9.5,-2.6,1783.2572,65.148346,0.386600000000044,-0.001199999999926149,0.0,-0.00344799999999168,1.8000000011397788e-05,2.40000000104601e-05,9453,0,1,0,1,0,1,1.3,2307.269308070658,74.5714026753755,26175.509893220395,7110,0
1011.0,1.3,9.5,-2.6,1783.6427,65.14491,0.38550000000009277,-0.001099999999951251,9.999999997489795e-05,-0.003436000000007766,1.1999999983913767e-05,-6.00000002748402e-06,9454,0,1,0,1,0,1,1.3,2307.2139271496562,74.57040569042834,26177.65026454601,7111,0
1010.75,1.3,9.5,-2.6,1784.0269,65.141495,0.38419999999996435,-0.0013000000001284207,-0.00020000000017716957,-0.003414999999989732,2.100000001803437e-05,9.000000034120603e-06,9455,0,1,0,1,0,1,1.3,2307.158598572335,74.56940855520304,26179.791096911642,7112,0
1011.25,1.3,9.5,-2.6,1784.4099,65.138084,0.3830000000000382,-0.001199999999926149,0.00010000000020227162,-0.003410999999999831,3.999999989900971e-06,-1.70000000281334e-05,9456,0,1,0,1,0,1,1.3,2307.1033221951993,74.56841127017024,26181.932388877296,7113,0
1011.75,1.3,9.5,-2.6,1784.7917,65.13468,0.3817999999998847,-0.0012000000001535227,-2.2737367544323206e-13,-0.0034040000000032933,6.999999996537554e-06,3.000000006636583e-06,9457,0,1,0,1,0,1,1.3,2307.0480978748146,74.56741383611757,26184.074139002965,7114,0
1012.25,1.3,9.5,-2.6,1785.1724,65.131294,0.3806999999999334,-0.001099999999951251,0.00010000000020227162,-0.0033860000000061063,1.7999999997186933e-05,1.100000000064938e-05,9458,0,1,0,1,0,1,1.3,2306.9929254783806,74.56641625499523,26186.216345968653,7115,0
1013.25,1.3,9.5,-2.6,1785.5516,65.12792,0.3792000000000826,-0.0014999999998508429,-0.0003999999998995918,-0.003373999999993771,1.2000000012335477e-05,-5.999999984851456e-06,9459,0,1,0,1,0,1,1.3,2306.9378048308668,74.56541852811839,26188.35900797436,7116,0
1013.75,1.3,9.5,-2.6,1785.9298,65.124565,0.37819999999987886,-0.0010000000002037268,0.0004999999996471161,-0.0033549999999991087,1.8999999994662176e-05,6.999999982326699e-06,9460,0,1,0,1,0,1,1.3,2306.882735810168,74.56442065754149,26190.502123820086,7117,0
1014.0,1.3,9.5,-2.6,1786.3068,65.121216,0.3770000000001801,-0.0011999999996987754,-0.00019999999949504854,-0.0033490000000000464,5.999999999062311e-06,-1.2999999995599865e-05,9461,0,1,0,1,0,1,1.3,2306.827718273092,74.5634226439442,26192.645692065827,7118,0
1013.75,1.3,9.5,-2.6,1786.6824,65.117874,0.3755999999998494,-0.0014000000003306923,-0.00020000000063191692,-0.003342000000003509,6.999999996537554e-06,9.999999974752427e-07,9462,0,1,0,1,0,1,1.3,2306.7727520553735,74.5624244881116,26194.78971103159,7119,0
1012.75,1.3,9.5,-2.6,1787.0568,65.11455,0.3744000000001506,-0.0011999999996987754,0.00020000000063191692,-0.003324000000006322,1.7999999997186933e-05,1.100000000064938e-05,9463,0,1,0,1,0,1,1.3,2306.7178370139472,74.5614261919907,26196.934179277367,7120,0
1013.75,1.3,9.5,-2.6,1787.4299,65.11124,0.3731000000000222,-0.0013000000001284207,-0.0001000000004296453,-0.003309999999999036,1.4000000007285962e-05,-3.999999989900971e-06,9464,0,1,0,1,0,1,1.3,2306.6629729952456,74.56042775710512,26199.079095243163,7121,0
1013.25,1.3,9.5,-2.6,1787.8019,65.10793,0.37199999999984357,-0.0011000000001786248,0.0001999999999497959,-0.003309999999999036,0.0,-1.4000000007285962e-05,9465,0,1,0,1,0,1,1.3,2306.608159866892,74.55942918349885,26201.22445760898,7122,0
1012.25,1.3,9.5,-2.6,1788.1726,65.104645,0.3707000000001699,-0.0012999999996736733,-0.00019999999949504854,-0.0032849999999911006,2.500000000793534e-05,2.500000000793534e-05,9466,0,1,0,1,0,1,1.3,2306.553397475441,74.55843047385656,26203.37026481481,7123,0
1012.5,1.3,9.5,-2.6,1788.542,65.10137,0.3693999999998141,-0.0013000000003557943,-6.821210263296962e-13,-0.0032750000000021373,9.999999988963282e-06,-1.500000001897206e-05,9467,0,1,0,1,0,1,1.3,2306.498685667512,74.55743162927757,26205.51651530066,7124,0
1013.75,1.3,9.5,-2.6,1788.9102,65.09811,0.3682000000001153,-0.0011999999996987754,0.00010000000065701897,-0.003259999999997376,1.5000000004761205e-05,5.000000015797923e-06,9468,0,1,0,1,0,1,1.3,2306.4440243003487,74.55643265138873,26207.663207626527,7125,0
1014.0,1.3,9.5,-2.6,1789.2771,65.09485,0.3668999999999869,-0.0013000000001284207,-0.0001000000004296453,-0.003260000000011587,-1.4210854715202004e-14,-1.500000001897206e-05,9469,0,1,0,1,0,1,1.3,2306.389413220697,74.5554335402323,26209.810340232412,7126,0
1013.75,1.3,9.5,-2.6,1789.6427,65.09161,0.36560000000008586,-0.001299999999901047,2.2737367544323206e-13,-0.003239999999991028,2.0000000020559128e-05,2.0000000034769982e-05,9470,0,1,0,1,0,1,1.3,2306.3348522753668,74.55443429796219,26211.957911558315,7127,0
1013.75,1.3,9.5,-2.6,1790.007,65.08838,0.36429999999995744,-0.0013000000001284207,-2.2737367544323206e-13,-0.0032300000000020646,9.999999988963282e-06,-1.0000000031595846e-05,9471,0,1,0,1,0,1,1.3,2306.2803413112333,74.55343492567567,26214.105920044236,7128,0
1012.25,1.3,9.5,-2.6,1790.3701,65.08517,0.3631000000000313,-0.001199999999926149,0.00010000000020227162,-0.0032099999999957163,2.0000000006348273e-05,1.0000000017384991e-05,9472,0,1,0,1,0,1,1.3,2306.225880185791,74.55243542552518,26216.254364250173,7129,0
1011.75,1.3,9.5,-2.6,1790.7318,65.08196,0.36169999999992797,-0.0014000000001033186,-0.00020000000017716957,-0.003210000000009927,-1.4210854715202004e-14,-2.0000000020559128e-05,9473,0,1,0,1,0,1,1.3,2306.1714687354865,74.55143579755119,26218.40324249613,7130,0
1011.75,1.3,9.5,-2.6,1791.0924,65.078766,0.3605999999999767,-0.001099999999951251,0.0003000000001520675,-0.00319399999999348,1.6000000016447302e-05,1.6000000030658157e-05,9474,0,1,0,1,0,1,1.3,2306.117106828496,74.55043604348285,26220.5525534621,7131,0
1009.75,1.3,9.5,-2.6,1791.4515,65.07559,0.3590999999998985,-0.0015000000000782165,-0.00040000000012696546,-0.003175999999996293,1.7999999997186933e-05,1.9999999807396307e-06,9475,0,1,0,1,0,1,1.3,2306.06279429084,74.5494361652596,26222.702295348092,7132,0
1010.25,1.3,9.5,-2.6,1791.8094,65.07242,0.3579000000001997,-0.0011999999996987754,0.0003000000003794412,-0.0031700000000114414,5.999999984851456e-06,-1.2000000012335477e-05,9476,0,1,0,1,0,1,1.3,2306.008530980268,74.54843616355387,26224.8524667141,7133,0
1010.5,1.3,9.5,-2.6,1792.1661,65.06927,0.35669999999981883,-0.0012000000003808964,-6.821210263296962e-13,-0.0031499999999908823,2.0000000020559128e-05,1.4000000035707671e-05,9477,0,1,0,1,0,1,1.3,2305.9543167545894,74.54743604051487,26227.003066120124,7134,0
1012.25,1.3,9.5,-2.6,1792.5214,65.066124,0.35530000000017026,-0.0013999999996485712,-0.00019999999926767487,-0.0031460000000009813,3.999999989900971e-06,-1.6000000030658157e-05,9478,0,1,0,1,0,1,1.3,2305.900151450575,74.54643579660302,26229.154091886165,7135,0
1012.25,1.3,9.5,-2.6,1792.8754,65.06299,0.35399999999981446,-0.0013000000003557943,9.999999929277692e-05,-0.0031340000000028567,1.1999999998124622e-05,8.000000008223651e-06,9479,0,1,0,1,0,1,1.3,2305.8460349156117,74.54543543312236,26231.30554245222,7136,0
1010.75,1.3,9.5,-2.6,1793.2281,65.05987,0.3527000000001408,-0.0012999999996736733,6.821210263296962e-13,-0.0031199999999955708,1.4000000007285962e-05,2.00000000916134e-06,9480,0,1,0,1,0,1,1.3,2305.791966997152,74.54443495158738,26233.457416258298,7137,0
1011.0,1.3,9.5,-2.6,1793.5795,65.05676,0.35140000000001237,-0.0013000000001284207,-4.547473508864641e-13,-0.0031100000000066075,9.999999988963282e-06,-4.00000001832268e-06,9481,0,1,0,1,0,1,1.3,2305.737947542713,74.54343435309006,26235.60971174439,7138,0
1011.0,1.3,9.5,-2.6,1793.9296,65.053665,0.35009999999988395,-0.0013000000001284207,0.0,-0.0030950000000018463,1.5000000004761205e-05,5.000000015797923e-06,9482,0,1,0,1,0,1,1.3,2305.6839763998737,74.54243363924918,26237.762427350495,7139,0
1011.75,1.3,9.5,-2.6,1794.2783,65.05058,0.348700000000008,-0.001399999999875945,-9.999999974752427e-05,-0.003084999999998672,1.0000000003174137e-05,-5.000000001587068e-06,9483,0,1,0,1,0,1,1.3,2305.630053405736,74.54143281115563,26239.91556139662,7140,0
1010.75,1.3,9.5,-2.6,1794.6257,65.04751,0.34740000000010696,-0.001299999999901047,9.999999997489795e-05,-0.003069999999993911,1.5000000004761205e-05,5.000000001587068e-06,9484,0,1,0,1,0,1,1.3,2305.5761784080128,74.540431870427,26242.069112322763,7141,0
1010.75,1.3,9.5,-2.6,1794.9718,65.04445,0.34609999999997854,-0.0013000000001284207,-2.2737367544323206e-13,-0.0030600000000049477,9.999999988963282e-06,-5.000000015797923e-06,9485,0,1,0,1,0,1,1.3,2305.5223512544803,74.53943081815306,26244.223078568924,7142,0
1010.75,1.3,9.5,-2.6,1795.3165,65.041405,0.3446999999998752,-0.0014000000001033186,-9.999999997489795e-05,-0.0030450000000001864,1.5000000004761205e-05,5.000000015797923e-06,9486,0,1,0,1,0,1,1.3,2305.468571782439,74.53842965595025,26246.3774584551,7143,0
1010.25,1.3,9.5,-2.6,1795.6599,65.03837,0.34340000000020154,-0.0012999999996736733,0.0001000000004296453,-0.0030349999999970123,1.0000000003174137e-05,-5.000000001587068e-06,9487,0,1,0,1,0,1,1.3,2305.4148398397974,74.53742838490724,26248.53225042129,7144,0
1010.0,1.3,9.5,-2.6,1796.002,65.03535,0.34209999999984575,-0.0013000000003557943,-6.821210263296962e-13,-0.003020000000006462,1.499999999055035e-05,4.9999999873762135e-06,9488,0,1,0,1,0,1,1.3,2305.3611552745283,74.53642700663927,26250.6874529075,7145,0
1012.25,1.3,9.5,-2.6,1796.3427,65.03233,0.3406999999999698,-0.001399999999875945,-9.99999995201506e-05,-0.003019999999992251,1.4210854715202004e-14,-1.4999999976339495e-05,9489,0,1,0,1,0,1,1.3,2305.307517924131,74.53542552118019,26252.843064233723,7146,0
1011.25,1.3,9.5,-2.6,1796.682,65.029335,0.33930000000009386,-0.001399999999875945,0.0,-0.0029949999999985266,2.4999999993724487e-05,2.4999999979513632e-05,9490,0,1,0,1,0,1,1.3,2305.2539276261723,74.53442393119798,26254.99908271996,7147,0
1012.75,1.3,9.5,-2.6,1797.0199,65.026344,0.33789999999999054,-0.0014000000001033186,-2.2737367544323206e-13,-0.0029910000000086256,3.999999989900971e-06,-2.1000000003823516e-05,9491,0,1,0,1,0,1,1.3,2305.200384218289,74.53342223714708,26257.15550668622,7148,0
1013.0,1.3,9.5,-2.6,1797.3566,65.02337,0.3367000000000644,-0.001199999999926149,0.00020000000017716957,-0.002973999999994703,1.7000000013922545e-05,1.3000000024021574e-05,9492,0,1,0,1,0,1,1.3,2305.146887559254,74.53242044085115,26259.312334692495,7149,0
1013.75,1.3,9.5,-2.6,1797.6918,65.02041,0.3351999999999862,-0.0015000000000782165,-0.0003000000001520675,-0.002960000000001628,1.3999999993075107e-05,-3.0000000208474376e-06,9493,0,1,0,1,0,1,1.3,2305.093437476301,74.53141854381715,26261.469564938783,7150,0
1015.25,1.3,9.5,-2.6,1798.0258,65.017456,0.33399999999983265,-0.0012000000001535227,0.00029999999992469384,-0.0029540000000025657,5.999999999062311e-06,-7.999999994012796e-06,9494,0,1,0,1,0,1,1.3,2305.0400338283307,74.53041654670879,26263.62719598509,7151,0
1016.25,1.3,9.5,-2.6,1798.3583,65.01452,0.3325000000002092,-0.0014999999996234692,-0.0002999999994699465,-0.002935999999991168,1.8000000011397788e-05,1.2000000012335477e-05,9495,0,1,0,1,0,1,1.3,2304.9866764427125,74.52941445145325,26265.78522603141,7152,0
1016.25,1.3,9.5,-2.6,1798.6893,65.01159,0.3309999999999036,-0.0015000000003055902,-6.821210263296962e-13,-0.0029300000000063164,5.999999984851456e-06,-1.2000000026546331e-05,9496,0,1,0,1,0,1,1.3,2304.9333651468887,74.52841225871327,26267.943653277747,7153,0
1016.0,1.3,9.5,-2.6,1799.019,65.008675,0.32970000000000255,-0.001299999999901047,0.00020000000040454324,-0.0029150000000015552,1.5000000004761205e-05,9.000000019909749e-06,9497,0,1,0,1,0,1,1.3,2304.8800997894296,74.52740997009897,26270.1024761641,7154,0
1017.75,1.3,9.5,-2.6,1799.3474,65.00577,0.3284000000001015,-0.001299999999901047,0.0,-0.002904999999998381,1.0000000003174137e-05,-5.000000001587068e-06,9498,0,1,0,1,0,1,1.3,2304.8268802189705,74.52640758669334,26272.26169313047,7155,0
1017.25,1.3,9.5,-2.6,1799.6744,65.00288,0.3269999999999982,-0.0014000000001033186,-0.00010000000020227162,-0.00288999999999362,1.5000000004761205e-05,5.000000001587068e-06,9499,0,1,0,1,0,1,1.3,2304.773706273684,74.52540511010525,26274.421302496852,7156,0
1017.25,1.3,9.5,-2.6,1800.0,65.0,0.32559999999989486,-0.0014000000001033186,0.0,-0.0028800000000046566,9.999999988963282e-06,-5.000000015797923e-06,9500,0,1,0,1,0,1,1.3,2304.7205777918116,74.52440254141669,26276.58130258325,7157,0
1017.5,1.3,9.5,-2.6,1800.3242,64.99713,0.3242000000000189,-0.001399999999875945,2.2737367544323206e-13,-0.0028700000000014825,1.0000000003174137e-05,1.4210854715202004e-14,9501,0,1,0,1,0,1,1.3,2304.6674946116605,74.52339988170911,26278.741691709667,7158,0
1016.25,1.3,9.5,-2.6,1800.647,64.99428,0.3227999999999156,-0.0014000000001033186,-2.2737367544323206e-13,-0.002849999999995134,2.0000000006348273e-05,1.0000000003174137e-05,9502,0,1,0,1,0,1,1.3,2304.6144565716086,74.52239713311586,26280.9024681961,7159,0
1014.25,1.3,9.5,-2.6,1800.9683,64.99143,0.32130000000006476,-0.0014999999998508429,-9.999999974752427e-05,-0.002850000000009345,-1.4210854715202004e-14,-2.0000000020559128e-05,9503,0,1,0,1,0,1,1.3,2304.561463499579,74.52139429566499,26283.063630242545,7160,0
1015.25,1.3,9.5,-2.6,1801.2882,64.9886,0.31989999999996144,-0.0014000000001033186,9.999999974752427e-05,-0.002829999999988786,2.0000000020559128e-05,2.0000000034769982e-05,9504,0,1,0,1,0,1,1.3,2304.5085152340876,74.52039137148869,26285.225176169006,7161,0
1015.25,1.3,9.5,-2.6,1801.6068,64.98579,0.3186000000000604,-0.001299999999901047,0.00010000000020227162,-0.0028100000000108594,1.9999999977926564e-05,-4.263256414560601e-14,9505,0,1,0,1,0,1,1.3,2304.4556116242375,74.51938836271829,26287.387104415484,7162,0
1015.25,1.3,9.5,-2.6,1801.924,64.98298,0.31719999999995707,-0.0014000000001033186,-0.00010000000020227162,-0.0028099999999966485,1.4210854715202004e-14,-1.999999996371571e-05,9506,0,1,0,1,0,1,1.3,2304.4027525086776,74.51838526938046,26289.549413301975,7163,0
1015.25,1.3,9.5,-2.6,1802.2396,64.98018,0.31560000000013133,-0.0015999999998257408,-0.00019999999972242222,-0.0027999999999934744,1.0000000003174137e-05,9.999999988963282e-06,9507,0,1,0,1,0,1,1.3,2304.3499377050903,74.51738209255363,26291.712100908484,7164,0
1016.25,1.3,9.5,-2.6,1802.5538,64.977394,0.31419999999980064,-0.0014000000003306923,0.00019999999949504854,-0.0027860000000003993,1.3999999993075107e-05,3.999999989900971e-06,9508,0,1,0,1,0,1,1.3,2304.2971670522666,74.51637883373645,26293.875165555008,7165,0
1016.25,1.3,9.5,-2.6,1802.8667,64.974625,0.31290000000012697,-0.0012999999996736733,0.00010000000065701897,-0.0027690000000006876,1.699999999971169e-05,3.000000006636583e-06,9509,0,1,0,1,0,1,1.3,2304.244440399579,74.51537549474237,26296.038605681544,7166,0
1015.75,1.3,9.5,-2.6,1803.1781,64.97187,0.31140000000004875,-0.0015000000000782165,-0.00020000000040454324,-0.0027550000000076125,1.3999999993075107e-05,-3.000000006636583e-06,9510,0,1,0,1,0,1,1.3,2304.1917575754387,74.51437207706866,26298.202419488098,7167,0
1014.75,1.3,9.5,-2.6,1803.488,64.96912,0.30989999999997053,-0.0015000000000782165,0.0,-0.0027499999999918145,5.000000015797923e-06,-8.999999977277184e-06,9511,0,1,0,1,0,1,1.3,2304.1391184083263,74.51336858126577,26300.366605174662,7168,0
1014.25,1.3,9.5,-2.6,1803.7965,64.966385,0.3084999999998672,-0.0014000000001033186,9.999999997489795e-05,-0.002735000000001264,1.499999999055035e-05,9.999999974752427e-06,9512,0,1,0,1,0,1,1.3,2304.0865227373065,74.51236500893513,26302.531161061248,7169,0
1014.25,1.3,9.5,-2.6,1804.1035,64.96366,0.30700000000001637,-0.0014999999998508429,-9.999999974752427e-05,-0.00272499999999809,1.0000000003174137e-05,-4.9999999873762135e-06,9513,0,1,0,1,0,1,1.3,2304.0339703910026,74.51136136115198,26304.696085347845,7170,0
1014.25,1.3,9.5,-2.6,1804.409,64.96095,0.30550000000016553,-0.0014999999998508429,0.0,-0.0027100000000075397,1.499999999055035e-05,4.9999999873762135e-06,9514,0,1,0,1,0,1,1.3,2303.9814611981083,74.51035763951656,26306.861376234454,7171,0
1014.75,1.3,9.5,-2.6,1804.7133,64.95825,0.30429999999978463,-0.0012000000003808964,0.0002999999994699465,-0.0026999999999901547,1.0000000017384991e-05,-4.999999973165359e-06,9515,0,1,0,1,0,1,1.3,2303.9289950189154,74.50935384510298,26309.02703228108,7172,0
1013.75,1.3,9.5,-2.6,1805.0159,64.95556,0.30260000000021137,-0.001699999999573265,-0.0004999999991923687,-0.0026900000000011914,9.999999988963282e-06,-2.842170943040401e-14,9516,0,1,0,1,0,1,1.3,2303.876571661238,74.50834997898498,26311.19305144772,7173,0
1012.75,1.3,9.5,-2.6,1805.3171,64.95289,0.3011999999998807,-0.0014000000003306923,0.0002999999992425728,-0.002670000000009054,1.9999999992137418e-05,1.0000000003174137e-05,9517,0,1,0,1,0,1,1.3,2303.8241909644885,74.5073460432864,26313.359432054378,7174,0
1011.75,1.3,9.5,-2.6,1805.6168,64.950226,0.29970000000002983,-0.0014999999998508429,-9.99999995201506e-05,-0.002663999999995781,6.000000013273166e-06,-1.3999999978864253e-05,9518,0,1,0,1,0,1,1.3,2303.7718527576426,74.50634203865953,26315.526172301048,7175,0
1013.25,1.3,9.5,-2.6,1805.9152,64.94757,0.2983999999999014,-0.0013000000001284207,0.00019999999972242222,-0.002656000000001768,7.999999994012796e-06,1.9999999807396307e-06,9519,0,1,0,1,0,1,1.3,2303.7195568907564,74.50533796596639,26317.69327062773,7176,0
1014.75,1.3,9.5,-2.6,1806.2119,64.94493,0.29670000000010077,-0.0016999999998006388,-0.0003999999996722181,-0.0026399999999995316,1.6000000002236447e-05,8.000000008223651e-06,9520,0,1,0,1,0,1,1.3,2303.6673031719356,74.50433382690893,26319.86072499443,7177,0
1013.75,1.3,9.5,-2.6,1806.5072,64.94231,0.29529999999999745,-0.0014000000001033186,0.00029999999969732016,-0.0026199999999931833,2.0000000006348273e-05,4.0000000041118255e-06,9521,0,1,0,1,0,1,1.3,2303.6150914408736,74.5033296236085,26322.028533721143,7178,0
1012.75,1.3,9.5,-2.6,1806.801,64.93969,0.29379999999991924,-0.0015000000000782165,-9.999999997489795e-05,-0.002620000000007394,-1.4210854715202004e-14,-2.0000000020559128e-05,9522,0,1,0,1,0,1,1.3,2303.5629215268295,74.50232535608527,26324.196695007868,7179,0
1013.0,1.3,9.5,-2.6,1807.0933,64.93708,0.2923000000000684,-0.0014999999998508429,2.2737367544323206e-13,-0.00261000000000422,1.0000000003174137e-05,1.0000000017384991e-05,9523,0,1,0,1,0,1,1.3,2303.510793259135,74.5013210254095,26326.36520705461,7180,0
1013.0,1.3,9.5,-2.6,1807.3842,64.934494,0.2908999999999651,-0.0014000000001033186,9.999999974752427e-05,-0.00258599999999376,2.40000000104601e-05,1.4000000007285962e-05,9524,0,1,0,1,0,1,1.3,2303.4587064776906,74.50031663412074,26328.53406818136,7181,0
1013.75,1.3,9.5,-2.6,1807.6735,64.93191,0.28930000000013933,-0.0015999999998257408,-0.00019999999972242222,-0.0025839999999988095,1.9999999949504854e-06,-2.2000000015509613e-05,9525,0,1,0,1,0,1,1.3,2303.4066610014697,74.49931218244804,26330.70327646813,7182,0
1014.25,1.3,9.5,-2.6,1807.9612,64.929344,0.28769999999985885,-0.0016000000002804882,-4.547473508864641e-13,-0.0025660000000016225,1.7999999997186933e-05,1.6000000002236447e-05,9526,0,1,0,1,0,1,1.3,2303.3546566495224,74.49830767229977,26332.872829994914,7183,0
1014.25,1.3,9.5,-2.6,1808.2476,64.92679,0.2863999999999578,-0.001299999999901047,0.0003000000003794412,-0.002554000000003498,1.1999999998124622e-05,-5.999999999062311e-06,9527,0,1,0,1,0,1,1.3,2303.30269327246,74.49730310495382,26335.042727201708,7184,0
1014.75,1.3,9.5,-2.6,1808.5323,64.92424,0.28470000000015716,-0.0016999999998006388,-0.0003999999998995918,-0.002549999999999386,4.0000000041118255e-06,-7.999999994012796e-06,9528,0,1,0,1,0,1,1.3,2303.25077067898,74.49629848084794,26337.21296604852,7185,0
1014.75,1.3,9.5,-2.6,1808.8156,64.92171,0.28329999999982647,-0.0014000000003306923,0.0002999999994699465,-0.002529999999993038,2.0000000006348273e-05,1.6000000002236447e-05,9529,0,1,0,1,0,1,1.3,2303.198888709339,74.49529380209863,26339.38354485534,7186,0
1015.25,1.3,9.5,-2.6,1809.0973,64.91919,0.2817000000000007,-0.0015999999998257408,-0.00019999999949504854,-0.0025200000000040745,9.999999988963282e-06,-1.0000000017384991e-05,9530,0,1,0,1,0,1,1.3,2303.147047182877,74.49428906977232,26341.554461702177,7187,0
1016.25,1.3,9.5,-2.6,1809.3776,64.91668,0.2803000000001248,-0.001399999999875945,0.0001999999999497959,-0.0025100000000009004,1.0000000003174137e-05,1.4210854715202004e-14,9531,0,1,0,1,0,1,1.3,2303.095245939992,74.49328428493496,26343.72571490903,7188,0
1016.75,1.3,9.5,-2.6,1809.6562,64.914185,0.2785999999998694,-0.0017000000002553861,-0.0003000000003794412,-0.002494999999996139,1.5000000004761205e-05,5.000000001587068e-06,9532,0,1,0,1,0,1,1.3,2303.043484789678,74.49227944917655,26345.897302435893,7189,0
1017.75,1.3,9.5,-2.6,1809.9333,64.9117,0.27710000000001855,-0.0014999999998508429,0.00020000000040454324,-0.002485000000007176,9.999999988963282e-06,-5.000000015797923e-06,9533,0,1,0,1,0,1,1.3,2302.9917635619886,74.49127456356199,26348.06922248277,7190,0
1017.25,1.3,9.5,-2.6,1810.209,64.909225,0.2757000000001426,-0.001399999999875945,9.999999997489795e-05,-0.002474999999989791,1.0000000017384991e-05,2.842170943040401e-14,9534,0,1,0,1,0,1,1.3,2302.940082097535,74.49026962915573,26350.241473369657,7191,0
1017.5,1.3,9.5,-2.6,1810.4832,64.90676,0.274199999999837,-0.0015000000003055902,-0.0001000000004296453,-0.0024650000000008276,9.999999988963282e-06,-2.842170943040401e-14,9535,0,1,0,1,0,1,1.3,2302.8884402265103,74.48926464702181,26352.41405329656,7192,0
1016.25,1.3,9.5,-2.6,1810.7556,64.90431,0.2724000000000615,-0.0017999999997755367,-0.0002999999994699465,-0.0024500000000102773,1.499999999055035e-05,5.000000001587068e-06,9536,0,1,0,1,0,1,1.3,2302.8368377477195,74.48825961874803,26354.58696010348,7193,0
1015.75,1.3,9.5,-2.6,1811.0266,64.90188,0.27099999999995816,-0.0014000000001033186,0.0003999999996722181,-0.002429999999989718,2.0000000020559128e-05,5.000000030008778e-06,9537,0,1,0,1,0,1,1.3,2302.785274501992,74.4872545464458,26356.760192110407,7194,0
1013.25,1.3,9.5,-2.6,1811.296,64.89945,0.2694000000001324,-0.0015999999998257408,-0.00019999999972242222,-0.002430000000003929,-1.4210854715202004e-14,-2.0000000034769982e-05,9538,0,1,0,1,0,1,1.3,2302.7337503092567,74.48624943012895,26358.93374739735,7195,0
1013.0,1.3,9.5,-2.6,1811.5638,64.89704,0.26779999999985193,-0.0016000000002804882,-4.547473508864641e-13,-0.0024099999999975807,2.0000000006348273e-05,2.0000000020559128e-05,9539,0,1,0,1,0,1,1.3,2302.6822649895175,74.48524427190776,26361.107624044304,7196,0
1010.75,1.3,9.5,-2.6,1811.8302,64.89464,0.26640000000020336,-0.0013999999996485712,0.00020000000063191692,-0.0024000000000086175,9.999999988963282e-06,-1.0000000017384991e-05,9540,0,1,0,1,0,1,1.3,2302.6308183838173,74.48423907284351,26363.281820371274,7197,0
1009.75,1.3,9.5,-2.6,1812.095,64.89225,0.2647999999999229,-0.0016000000002804882,-0.00020000000063191692,-0.0023899999999912325,1.0000000017384991e-05,2.842170943040401e-14,9541,0,1,0,1,0,1,1.3,2302.5794103123035,74.48323383399706,26365.456334458253,7198,0
1008.75,1.3,9.5,-2.6,1812.358,64.88987,0.26299999999991996,-0.0018000000000029104,-0.00019999999972242222,-0.002380000000002269,9.999999988963282e-06,-2.842170943040401e-14,9542,0,1,0,1,0,1,1.3,2302.5280405742433,74.4822285564288,26367.631164145245,7199,0
1005.75,1.3,9.5,-2.6,1812.6196,64.887505,0.261600000000044,-0.001399999999875945,0.00040000000012696546,-0.002364999999997508,1.5000000004761205e-05,5.000000015797923e-06,9543,0,1,0,1,0,1,1.3,2302.4767090108967,74.48122324172256,26369.806307752253,7200,0
1004.25,1.3,9.5,-2.6,1812.8796,64.88515,0.2599999999999909,-0.0016000000000531145,-0.00020000000017716957,-0.0023550000000085447,9.999999988963282e-06,-5.000000015797923e-06,9544,0,1,0,1,0,1,1.3,2302.42541544264,74.48021789093767,26371.981763359272,7201,0
1004.25,1.3,9.5,-2.6,1813.1381,64.882805,0.2584999999999127,-0.0015000000000782165,9.999999997489795e-05,-0.0023449999999911597,1.0000000017384991e-05,2.842170943040401e-14,9545,0,1,0,1,0,1,1.3,2302.374159700398,74.47921250513303,26374.1575291663,7202,0
1005.25,1.3,9.5,-2.6,1813.3949,64.88048,0.25680000000011205,-0.0016999999998006388,-0.00019999999972242222,-0.0023249999999990223,1.9999999992137418e-05,9.999999974752427e-06,9546,0,1,0,1,0,1,1.3,2302.322941594218,74.47820708641459,26376.333603133346,7203,0
1006.25,1.3,9.5,-2.6,1813.6501,64.87816,0.25520000000005894,-0.0016000000000531145,9.999999974752427e-05,-0.002320000000011646,4.9999999873762135e-06,-1.5000000004761205e-05,9547,0,1,0,1,0,1,1.3,2302.2717609447004,74.47720163531629,26378.5099833404,7204,0
1006.0,1.3,9.5,-2.6,1813.9038,64.875854,0.2536999999999807,-0.0015000000000782165,9.999999997489795e-05,-0.0023059999999901493,1.4000000021496817e-05,9.000000034120603e-06,9548,0,1,0,1,0,1,1.3,2302.220617582993,74.47619615331448,26380.686667987466,7205,0
1004.25,1.3,9.5,-2.6,1814.1559,64.87356,0.2520999999999276,-0.0016000000000531145,-9.999999997489795e-05,-0.0022940000000062355,1.1999999983913767e-05,-2.0000000375830496e-06,9549,0,1,0,1,0,1,1.3,2302.169511329843,74.47519064167538,26382.863655154546,7206,0
1004.25,1.3,9.5,-2.6,1814.4062,64.87128,0.2502999999999247,-0.0018000000000029104,-0.0001999999999497959,-0.0022799999999989495,1.4000000007285962e-05,2.000000023372195e-06,9550,0,1,0,1,0,1,1.3,2302.1184419851324,74.47418510187416,26385.040942681637,7207,0
1005.25,1.3,9.5,-2.6,1814.655,64.869,0.24880000000007385,-0.0014999999998508429,0.0003000000001520675,-0.0022799999999989495,0.0,-1.4000000007285962e-05,9551,0,1,0,1,0,1,1.3,2302.0674093802345,74.47317953391959,26387.218528768743,7208,0
1003.75,1.3,9.5,-2.6,1814.9023,64.866745,0.24729999999999563,-0.0015000000000782165,-2.2737367544323206e-13,-0.002255000000005225,2.4999999993724487e-05,2.4999999993724487e-05,9552,0,1,0,1,0,1,1.3,2302.016413346593,74.47217394043756,26389.396411615857,7209,0
1003.5,1.3,9.5,-2.6,1815.1478,64.864494,0.24549999999999272,-0.0018000000000029104,-0.00029999999992469384,-0.0022510000000011132,4.0000000041118255e-06,-2.099999998961266e-05,9553,0,1,0,1,0,1,1.3,2301.9654536843204,74.47116832185472,26391.574589062984,7210,0
1003.25,1.3,9.5,-2.6,1815.3918,64.86226,0.24400000000014188,-0.0014999999998508429,0.0003000000001520675,-0.0022339999999871907,1.7000000013922545e-05,1.300000000981072e-05,9554,0,1,0,1,0,1,1.3,2301.914530225013,74.47016267995814,26393.753059310122,7211,0
1004.25,1.3,9.5,-2.6,1815.6342,64.86004,0.2423999999998614,-0.0016000000002804882,-0.0001000000004296453,-0.0022200000000083264,1.3999999978864253e-05,-3.0000000350582923e-06,9555,0,1,0,1,0,1,1.3,2301.86364278987,74.46915701622018,26395.931820437272,7212,0
1005.25,1.3,9.5,-2.6,1815.8749,64.85783,0.24070000000006075,-0.0016999999998006388,-9.99999995201506e-05,-0.0022099999999909414,1.0000000017384991e-05,-3.999999961479261e-06,9556,0,1,0,1,0,1,1.3,2301.812791189704,74.46815133169405,26398.110870404435,7213,0
1004.25,1.3,9.5,-2.6,1816.114,64.85563,0.23910000000000764,-0.0016000000000531145,9.999999974752427e-05,-0.002200000000001978,9.999999988963282e-06,-2.842170943040401e-14,9557,0,1,0,1,0,1,1.3,2301.7619752458672,74.46714562743252,26400.290207291608,7214,0
1004.25,1.3,9.5,-2.6,1816.3514,64.85344,0.23739999999997963,-0.0017000000000280124,-9.999999997489795e-05,-0.002189999999998804,1.0000000003174137e-05,1.4210854715202004e-14,9558,0,1,0,1,0,1,1.3,2301.7111947693274,74.46613990448792,26402.46982905879,7215,0
1003.75,1.3,9.5,-2.6,1816.5872,64.85126,0.2357999999999265,-0.0016000000000531145,9.999999997489795e-05,-0.0021800000000098407,9.999999988963282e-06,-1.4210854715202004e-14,9559,0,1,0,1,0,1,1.3,2301.6604495815895,74.46513416391214,26404.649733785987,7216,0
1003.25,1.3,9.5,-2.6,1816.8213,64.8491,0.23410000000012587,-0.0016999999998006388,-9.999999974752427e-05,-0.0021599999999892816,2.0000000020559128e-05,1.0000000031595846e-05,9560,0,1,0,1,0,1,1.3,2301.609739493777,74.46412840780253,26406.829919433196,7217,0
1001.25,1.3,9.5,-2.6,1817.0538,64.84695,0.23249999999984539,-0.0016000000002804882,9.99999995201506e-05,-0.0021500000000003183,9.999999988963282e-06,-1.0000000031595846e-05,9561,0,1,0,1,0,1,1.3,2301.5590643275464,74.46312263720979,26409.010384080415,7218,0
1001.25,1.3,9.5,-2.6,1817.2847,64.8448,0.23090000000001965,-0.0015999999998257408,4.547473508864641e-13,-0.0021500000000003183,0.0,-9.999999988963282e-06,9562,0,1,0,1,0,1,1.3,2301.5084239046323,74.46211685213845,26411.191125807643,7219,0
1002.25,1.3,9.5,-2.6,1817.5138,64.842674,0.22910000000001673,-0.0018000000000029104,-0.00020000000017716957,-0.002126000000004069,2.3999999996249244e-05,2.3999999996249244e-05,9563,0,1,0,1,0,1,1.3,2301.457818025931,74.46111105510248,26413.372142454886,7220,0
1003.75,1.3,9.5,-2.6,1817.7413,64.84055,0.22749999999996362,-0.0016000000000531145,0.0001999999999497959,-0.0021240000000091186,1.9999999949504854e-06,-2.200000000129876e-05,9564,0,1,0,1,0,1,1.3,2301.40724651333,74.4601052463147,26415.553432102137,7221,0
1002.75,1.3,9.5,-2.6,1817.9672,64.83845,0.22590000000013788,-0.0015999999998257408,2.2737367544323206e-13,-0.0020999999999986585,2.40000000104601e-05,2.2000000015509613e-05,9565,0,1,0,1,0,1,1.3,2301.3567091887935,74.45909942828769,26417.7349928294,7222,0
1001.75,1.3,9.5,-2.6,1818.1914,64.83636,0.2241999999998825,-0.0017000000002553861,-0.0001000000004296453,-0.0020899999999954844,1.0000000003174137e-05,-1.4000000007285962e-05,9566,0,1,0,1,0,1,1.3,2301.3062058639075,74.45809360206961,26419.91682259667,7223,0
1002.0,1.3,9.5,-2.6,1818.4138,64.834274,0.22240000000010696,-0.0017999999997755367,-9.99999995201506e-05,-0.0020860000000055834,3.999999989900971e-06,-6.000000013273166e-06,9567,0,1,0,1,0,1,1.3,2301.255736339883,74.45708776808111,26422.098919243956,7224,0
1002.0,1.3,9.5,-2.6,1818.6346,64.83221,0.22080000000005384,-0.0016000000000531145,0.00019999999972242222,-0.0020639999999900738,2.2000000015509613e-05,1.8000000025608642e-05,9568,0,1,0,1,0,1,1.3,2301.2053004389177,74.45608192862368,26424.28128085125,7225,0
1003.25,1.3,9.5,-2.6,1818.8538,64.83015,0.21920000000000073,-0.0016000000000531145,0.0,-0.002060000000000173,3.999999989900971e-06,-1.8000000025608642e-05,9569,0,1,0,1,0,1,1.3,2301.154897983281,74.45507608411704,26426.463905498556,7226,0
1002.25,1.3,9.5,-2.6,1819.0713,64.8281,0.21749999999997272,-0.0017000000000280124,-9.999999997489795e-05,-0.0020499999999969987,1.0000000003174137e-05,6.000000013273166e-06,9570,0,1,0,1,0,1,1.3,2301.104528784871,74.45407023560757,26428.64679114587,7227,0
1001.75,1.3,9.5,-2.6,1819.287,64.826065,0.2156999999999698,-0.0018000000000029104,-9.999999997489795e-05,-0.0020350000000064483,1.499999999055035e-05,4.9999999873762135e-06,9571,0,1,0,1,0,1,1.3,2301.054192645215,74.45306438466359,26430.829935633195,7228,0
1002.0,1.3,9.5,-2.6,1819.5011,64.82404,0.2140999999999167,-0.0016000000000531145,0.0001999999999497959,-0.002025000000003274,1.0000000003174137e-05,-4.9999999873762135e-06,9572,0,1,0,1,0,1,1.3,2301.0038893868173,74.45205853233051,26433.013337040535,7229,0
1002.0,1.3,9.5,-2.6,1819.7134,64.82203,0.21230000000014115,-0.0017999999997755367,-0.00019999999972242222,-0.002009999999998513,1.5000000004761205e-05,5.000000001587068e-06,9573,0,1,0,1,0,1,1.3,2300.953618811364,74.45105268017548,26435.19699320788,7230,0
1003.25,1.3,9.5,-2.6,1819.9241,64.82003,0.21069999999986067,-0.0016000000002804882,0.00019999999949504854,-0.001999999999995339,1.0000000003174137e-05,-5.000000001587068e-06,9574,0,1,0,1,0,1,1.3,2300.9033807415144,74.45004682924282,26437.380902215235,7231,0
1003.25,1.3,9.5,-2.6,1820.1329,64.81805,0.20880000000011023,-0.0018999999997504347,-0.0002999999994699465,-0.0019800000000032014,1.9999999992137418e-05,9.999999988963282e-06,9575,0,1,0,1,0,1,1.3,2300.8531749686717,74.44904098162073,26439.565061782603,7232,0
1002.25,1.3,9.5,-2.6,1820.3402,64.81607,0.20730000000003201,-0.0015000000000782165,0.0003999999996722181,-0.0019800000000032014,0.0,-1.9999999992137418e-05,9576,0,1,0,1,0,1,1.3,2300.8030013260936,74.44803513730812,26441.74947010998,7233,0
1002.25,1.3,9.5,-2.6,1820.5457,64.8141,0.20549999999980173,-0.001800000000230284,-0.0003000000001520675,-0.0019700000000000273,1.0000000003174137e-05,1.0000000003174137e-05,9577,0,1,0,1,0,1,1.3,2300.7528596157863,74.4470292973481,26443.934125037365,7234,0
1002.25,1.3,9.5,-2.6,1820.7494,64.81215,0.2037000000000262,-0.0017999999997755367,4.547473508864641e-13,-0.001949999999993679,2.0000000006348273e-05,1.0000000003174137e-05,9578,0,1,0,1,0,1,1.3,2300.702749639837,74.44602346382712,26446.11902440476,7235,0
1002.25,1.3,9.5,-2.6,1820.9514,64.81021,0.20199999999999818,-0.0017000000000280124,9.999999974752427e-05,-0.0019400000000047157,9.999999988963282e-06,-1.0000000017384991e-05,9579,0,1,0,1,0,1,1.3,2300.6526712108557,74.44501763778706,26448.304166172165,7236,0
1002.25,1.3,9.5,-2.6,1821.1517,64.80828,0.20029999999997017,-0.0017000000000280124,0.0,-0.0019300000000015416,1.0000000003174137e-05,1.4210854715202004e-14,9580,0,1,0,1,0,1,1.3,2300.60262414153,74.44401182026928,26450.48954829958,7237,0
1002.0,1.3,9.5,-2.6,1821.3503,64.806366,0.19860000000016953,-0.0016999999998006388,2.2737367544323206e-13,-0.0019139999999993051,1.6000000002236447e-05,5.999999999062311e-06,9581,0,1,0,1,0,1,1.3,2300.5526082446254,74.44300601294093,26452.675168747006,7238,0
1000.25,1.3,9.5,-2.6,1821.5472,64.80446,0.19689999999991414,-0.0017000000002553861,-4.547473508864641e-13,-0.0019059999999910815,8.000000008223651e-06,-7.999999994012796e-06,9582,0,1,0,1,0,1,1.3,2300.502623332986,74.44200021663362,26454.86102547444,7239,0
999.25,1.3,9.5,-2.6,1821.7423,64.80257,0.19509999999991123,-0.0018000000000029104,-9.999999974752427e-05,-0.001890000000003056,1.5999999988025593e-05,7.999999979801942e-06,9583,0,1,0,1,0,1,1.3,2300.4526692090985,74.44099443301336,26457.047116321883,7240,0
998.25,1.3,9.5,-2.6,1821.9357,64.80068,0.1934000000001106,-0.0016999999998006388,0.00010000000020227162,-0.001890000000003056,0.0,-1.5999999988025593e-05,9584,0,1,0,1,0,1,1.3,2300.4027456859676,74.43998866207616,26459.233439249336,7241,0
998.5,1.3,9.5,-2.6,1822.1272,64.79881,0.1914999999999054,-0.001900000000205182,-0.00020000000040454324,-0.0018699999999967076,2.0000000006348273e-05,2.0000000006348273e-05,9585,0,1,0,1,0,1,1.3,2300.352852555811,74.43898290590444,26461.4199919768,7242,0
999.75,1.3,9.5,-2.6,1822.317,64.79695,0.18980000000010477,-0.0016999999998006388,0.00020000000040454324,-0.0018600000000077443,9.999999988963282e-06,-1.0000000017384991e-05,9586,0,1,0,1,0,1,1.3,2300.302989631793,74.43797716553667,26463.60677246427,7243,0
999.25,1.3,9.5,-2.6,1822.5051,64.795105,0.18810000000007676,-0.0017000000000280124,-2.2737367544323206e-13,-0.0018449999999887723,1.500000001897206e-05,5.000000030008778e-06,9587,0,1,0,1,0,1,1.3,2300.253156727159,74.43697144253233,26465.793778671752,7244,0
999.25,1.3,9.5,-2.6,1822.6914,64.793274,0.18629999999984648,-0.001800000000230284,-0.00010000000020227162,-0.001831000000009908,1.3999999978864253e-05,-1.0000000401078069e-06,9588,0,1,0,1,0,1,1.3,2300.203353644801,74.43596573834603,26467.98100843924,7245,0
997.25,1.3,9.5,-2.6,1822.876,64.79145,0.18460000000004584,-0.0016999999998006388,0.0001000000004296453,-0.0018239999999991596,7.000000010748408e-06,-6.999999968115844e-06,9589,0,1,0,1,0,1,1.3,2300.153580198123,74.43496005370177,26470.168459726738,7246,0
998.25,1.3,9.5,-2.6,1823.0587,64.78964,0.18270000000006803,-0.0018999999999778083,-0.00020000000017716957,-0.0018099999999918737,1.4000000007285962e-05,6.999999996537554e-06,9590,0,1,0,1,0,1,1.3,2300.103836179752,74.43395439005317,26472.356130254244,7247,0
998.5,1.3,9.5,-2.6,1823.2397,64.78784,0.18100000000004002,-0.0017000000000280124,0.0001999999999497959,-0.0018000000000029104,9.999999988963282e-06,-4.00000001832268e-06,9591,0,1,0,1,0,1,1.3,2300.054121403253,74.4329487484362,26474.54401798176,7248,0
997.75,1.3,9.5,-2.6,1823.419,64.78605,0.179300000000012,-0.0017000000000280124,0.0,-0.0017899999999997362,1.0000000003174137e-05,1.4210854715202004e-14,9592,0,1,0,1,0,1,1.3,2300.004435682268,74.43194312988638,26476.732120869285,7249,0
996.75,1.3,9.5,-2.6,1823.5963,64.78427,0.17729999999983193,-0.00200000000018008,-0.0003000000001520675,-0.0017799999999965621,1.0000000003174137e-05,0.0,9593,0,1,0,1,0,1,1.3,2299.954778799249,74.43093753543882,26478.92043651682,7250,0
996.75,1.3,9.5,-2.6,1823.772,64.78251,0.17570000000000618,-0.0015999999998257408,0.00040000000035433914,-0.0017600000000044247,1.9999999992137418e-05,9.999999988963282e-06,9594,0,1,0,1,0,1,1.3,2299.905150578426,74.4299319671704,26481.108963004357,7251,0
997.75,1.3,9.5,-2.6,1823.9458,64.780754,0.17380000000002838,-0.0018999999999778083,-0.0003000000001520675,-0.0017560000000003129,4.0000000041118255e-06,-1.5999999988025593e-05,9595,0,1,0,1,0,1,1.3,2299.855550812839,74.42892642548978,26483.29769805191,7252,0
997.5,1.3,9.5,-2.6,1824.1178,64.779015,0.17200000000002547,-0.0018000000000029104,9.999999997489795e-05,-0.0017390000000006012,1.699999999971169e-05,1.2999999995599865e-05,9596,0,1,0,1,0,1,1.3,2299.805979306033,74.42792091216006,26485.486639499464,7253,0
997.5,1.3,9.5,-2.6,1824.2881,64.77729,0.17029999999999745,-0.0017000000000280124,9.999999997489795e-05,-0.001725000000007526,1.3999999993075107e-05,-3.000000006636583e-06,9597,0,1,0,1,0,1,1.3,2299.7564358720565,74.42691542863098,26487.67578530703,7254,0
997.5,1.3,9.5,-2.6,1824.4565,64.775566,0.16840000000001965,-0.0018999999999778083,-0.0001999999999497959,-0.00172399999999584,1.0000000116860974e-06,-1.299999998138901e-05,9598,0,1,0,1,0,1,1.3,2299.7069203041983,74.4259099749974,26489.865133194606,7255,0
995.75,1.3,9.5,-2.6,1824.623,64.773865,0.16650000000004184,-0.0018999999999778083,0.0,-0.001700999999997066,2.2999999998774e-05,2.1999999987087904e-05,9599,0,1,0,1,0,1,1.3,2299.6574323958334,74.42490455364583,26492.054680882185,7256,0
996.25,1.3,9.5,-2.6,1824.7878,64.77217,0.16480000000001382,-0.0017000000000280124,0.0001999999999497959,-0.0016949999999980037,5.999999999062311e-06,-1.699999999971169e-05,9600,0,1,0,1,0,1,1.3,2299.607971961254,74.42389916519112,26494.244426329777,7257,0
997.25,1.3,9.5,-2.6,1824.9509,64.770485,0.1630999999999858,-0.0017000000000280124,0.0,-0.0016850000000090404,9.999999988963282e-06,3.999999989900971e-06,9601,0,1,0,1,0,1,1.3,2299.55853881483,74.42289381066443,26496.434367497375,7258,0
998.25,1.3,9.5,-2.6,1825.112,64.768814,0.1611000000000331,-0.0019999999999527063,-0.00029999999992469384,-0.0016709999999875436,1.4000000021496817e-05,4.000000032533535e-06,9602,0,1,0,1,0,1,1.3,2299.5091327397686,74.42188849151307,26498.62450198498,7259,0
996.25,1.3,9.5,-2.6,1825.2714,64.76716,0.1594000000000051,-0.0017000000000280124,0.00029999999992469384,-0.0016540000000020427,1.6999999985500835e-05,2.9999999640040187e-06,9603,0,1,0,1,0,1,1.3,2299.4597535506036,74.42088320949604,26500.814827752594,7260,0
997.25,1.3,9.5,-2.6,1825.4288,64.76551,0.157399999999825,-0.00200000000018008,-0.0003000000001520675,-0.001649999999997931,4.0000000041118255e-06,-1.299999998138901e-05,9604,0,1,0,1,0,1,1.3,2299.4104010307133,74.41987796501822,26503.005342400214,7261,0
997.0,1.3,9.5,-2.6,1825.5845,64.76387,0.15570000000002437,-0.0016999999998006388,0.0003000000003794412,-0.0016400000000089676,9.999999988963282e-06,5.999999984851456e-06,9605,0,1,0,1,0,1,1.3,2299.361074994795,74.4188727591089,26505.19604388784,7262,0
995.75,1.3,9.5,-2.6,1825.7383,64.762245,0.15380000000004657,-0.0018999999999778083,-0.00020000000017716957,-0.0016250000000042064,1.5000000004761205e-05,5.000000015797923e-06,9606,0,1,0,1,0,1,1.3,2299.3117752368066,74.41786759331738,26507.386929935477,7263,0
996.25,1.3,9.5,-2.6,1825.8903,64.760635,0.15200000000004366,-0.0018000000000029104,9.999999997489795e-05,-0.0016099999999994452,1.5000000004761205e-05,0.0,9607,0,1,0,1,0,1,1.3,2299.262501561199,74.41686246919234,26509.57799838312,7264,0
996.25,1.3,9.5,-2.6,1826.0404,64.75903,0.15010000000006585,-0.0018999999999778083,-9.999999997489795e-05,-0.0016049999999978581,5.000000001587068e-06,-1.0000000003174137e-05,9608,0,1,0,1,0,1,1.3,2299.2132537620982,74.41585738724113,26511.76924695077,7265,0
996.25,1.3,9.5,-2.6,1826.1887,64.75745,0.14829999999983556,-0.001800000000230284,9.999999974752427e-05,-0.0015799999999899228,2.500000000793534e-05,2.0000000006348273e-05,9609,0,1,0,1,0,1,1.3,2299.1640316441208,74.41485235005203,26513.96067347843,7266,0
996.75,1.3,9.5,-2.6,1826.3351,64.75587,0.14640000000008513,-0.0018999999997504347,-9.99999995201506e-05,-0.0015800000000041337,-1.4210854715202004e-14,-2.5000000022146196e-05,9610,0,1,0,1,0,1,1.3,2299.114835001561,74.41384735761106,26516.15227568609,7267,0
997.25,1.3,9.5,-2.6,1826.4796,64.7543,0.14449999999987995,-0.001900000000205182,-4.547473508864641e-13,-0.0015700000000009595,1.0000000003174137e-05,1.0000000017384991e-05,9611,0,1,0,1,0,1,1.3,2299.065663628797,74.41284241094465,26518.344051293763,7268,0
997.75,1.3,9.5,-2.6,1826.6223,64.75275,0.1427000000001044,-0.0017999999997755367,0.0001000000004296453,-0.0015499999999946112,2.0000000006348273e-05,1.0000000003174137e-05,9612,0,1,0,1,0,1,1.3,2299.016517330698,74.411837512119,26520.53599814144,7269,0
997.75,1.3,9.5,-2.6,1826.7632,64.751205,0.1409000000001015,-0.0018000000000029104,-2.2737367544323206e-13,-0.001545000000007235,4.9999999873762135e-06,-1.500000001897206e-05,9613,0,1,0,1,0,1,1.3,2298.9673959122115,74.41083266163928,26522.728114069123,7270,0
997.25,1.3,9.5,-2.6,1826.9021,64.74967,0.13889999999992142,-0.00200000000018008,-0.00020000000017716957,-0.001535000000004061,1.0000000003174137e-05,5.000000015797923e-06,9614,0,1,0,1,0,1,1.3,2298.9182991575663,74.40982786053043,26524.920396676815,7271,0
997.75,1.3,9.5,-2.6,1827.0392,64.74815,0.1370999999999185,-0.0018000000000029104,0.00020000000017716957,-0.0015199999999992997,1.5000000004761205e-05,5.000000001587068e-06,9615,0,1,0,1,0,1,1.3,2298.86922687188,74.40882311033694,26527.112843804513,7272,0
998.0,1.3,9.5,-2.6,1827.1743,64.74665,0.1350999999999658,-0.0019999999999527063,-0.0001999999999497959,-0.0014999999999929514,2.0000000006348273e-05,5.000000001587068e-06,9616,0,1,0,1,0,1,1.3,2298.820178839555,74.4078184131226,26529.305453052217,7273,0
998.25,1.3,9.5,-2.6,1827.3076,64.745155,0.13330000000019027,-0.0017999999997755367,0.00020000000017716957,-0.0014950000000055752,4.9999999873762135e-06,-1.500000001897206e-05,9617,0,1,0,1,0,1,1.3,2298.7711548658767,74.40681376939072,26531.49822225993,7274,0
1000.25,1.3,9.5,-2.6,1827.4391,64.74367,0.13149999999995998,-0.001800000000230284,-4.547473508864641e-13,-0.001485000000002401,1.0000000003174137e-05,5.000000015797923e-06,9618,0,1,0,1,0,1,1.3,2298.7221547562117,74.40580918016425,26533.691149267645,7275,0
1001.25,1.3,9.5,-2.6,1827.5685,64.742195,0.12940000000003238,-0.0020999999999276042,-0.00029999999969732016,-0.001474999999999227,1.0000000003174137e-05,0.0,9619,0,1,0,1,0,1,1.3,2298.6731782848233,74.4048046464657,26535.88423155537,7276,0
1000.25,1.3,9.5,-2.6,1827.6962,64.74074,0.12770000000000437,-0.0017000000000280124,0.0003999999998995918,-0.0014549999999928787,2.0000000006348273e-05,1.0000000003174137e-05,9620,0,1,0,1,0,1,1.3,2298.624225267644,74.4038001703565,26538.077467083098,7277,0
1001.75,1.3,9.5,-2.6,1827.8219,64.73929,0.12569999999982429,-0.00200000000018008,-0.0003000000001520675,-0.0014500000000055024,4.9999999873762135e-06,-1.500000001897206e-05,9621,0,1,0,1,0,1,1.3,2298.5752954895033,74.40279575233839,26540.270853450835,7278,0
1001.75,1.3,9.5,-2.6,1827.9457,64.73785,0.12380000000007385,-0.0018999999997504347,0.0001000000004296453,-0.0014400000000023283,1.0000000003174137e-05,5.000000015797923e-06,9622,0,1,0,1,0,1,1.3,2298.5263887457136,74.40179139343239,26542.464388378576,7279,0
1002.25,1.3,9.5,-2.6,1828.0675,64.73642,0.12180000000012114,-0.0019999999999527063,-0.00010000000020227162,-0.0014299999999991542,1.0000000003174137e-05,0.0,9623,0,1,0,1,0,1,1.3,2298.47750482128,74.4007870946592,26544.65806946632,7280,0
1003.75,1.3,9.5,-2.6,1828.1875,64.73501,0.11999999999989086,-0.001800000000230284,0.00019999999972242222,-0.001409999999992806,2.0000000006348273e-05,1.0000000003174137e-05,9624,0,1,0,1,0,1,1.3,2298.428643522078,74.39978285807793,26546.851894554075,7281,0
1003.5,1.3,9.5,-2.6,1828.3055,64.733604,0.11799999999993815,-0.0019999999999527063,-0.00019999999972242222,-0.001406000000002905,3.999999989900971e-06,-1.6000000016447302e-05,9625,0,1,0,1,0,1,1.3,2298.379804633285,74.39877868408477,26549.045861241833,7282,0
1004.75,1.3,9.5,-2.6,1828.4216,64.732216,0.11609999999996035,-0.0018999999999778083,9.999999997489795e-05,-0.001388000000005718,1.7999999997186933e-05,1.4000000007285962e-05,9626,0,1,0,1,0,1,1.3,2298.330987950556,74.39777457452998,26551.2399672496,7283,0
1005.75,1.3,9.5,-2.6,1828.5359,64.730835,0.11430000000018481,-0.0017999999997755367,0.00010000000020227162,-0.0013809999999949696,7.000000010748408e-06,-1.0999999986438525e-05,9627,0,1,0,1,0,1,1.3,2298.2821932800166,74.39677053012048,26553.434210417367,7284,0
1005.5,1.3,9.5,-2.6,1828.6481,64.72947,0.11220000000002983,-0.002100000000154978,-0.0003000000003794412,-0.0013649999999927331,1.6000000002236447e-05,8.999999991488039e-06,9628,0,1,0,1,0,1,1.3,2298.2334203967184,74.39576655249766,26555.628588225143,7285,0
1003.75,1.3,9.5,-2.6,1828.7584,64.72811,0.11029999999982465,-0.001900000000205182,0.0001999999999497959,-0.001360000000005357,4.9999999873762135e-06,-1.1000000014860234e-05,9629,0,1,0,1,0,1,1.3,2298.1846690965735,74.39476264215992,26557.823098392924,7286,0
1003.75,1.3,9.5,-2.6,1828.8668,64.72676,0.10840000000007421,-0.0018999999997504347,4.547473508864641e-13,-0.0013500000000021828,1.0000000003174137e-05,5.000000015797923e-06,9630,0,1,0,1,0,1,1.3,2298.135939175579,74.3937588001246,26560.01773864071,7287,0
1005.75,1.3,9.5,-2.6,1828.9733,64.72543,0.1065000000000964,-0.0018999999999778083,-2.2737367544323206e-13,-0.0013299999999958345,2.0000000006348273e-05,1.0000000003174137e-05,9631,0,1,0,1,0,1,1.3,2298.0872304298173,74.39275502844684,26562.2125066885,7288,0
1006.75,1.3,9.5,-2.6,1829.0778,64.72411,0.10449999999991633,-0.00200000000018008,-0.00010000000020227162,-0.0013200000000068712,9.999999988963282e-06,-1.0000000017384991e-05,9632,0,1,0,1,0,1,1.3,2298.0385426450744,74.39175132814283,26564.407400136297,7289,0
1006.25,1.3,9.5,-2.6,1829.1803,64.7228,0.10249999999996362,-0.0019999999999527063,2.2737367544323206e-13,-0.0013099999999894862,1.0000000017384991e-05,2.842170943040401e-14,9633,0,1,0,1,0,1,1.3,2297.9898756072243,74.39074770022836,26566.602416584097,7290,0
1006.25,1.3,9.5,-2.6,1829.2809,64.721504,0.10059999999998581,-0.0018999999999778083,9.999999997489795e-05,-0.001296000000010622,1.3999999978864253e-05,3.999999961479261e-06,9634,0,1,0,1,0,1,1.3,2297.94122911261,74.38974414613388,26568.7975537519,7291,0
1004.75,1.3,9.5,-2.6,1829.3795,64.720215,0.0986000000000331,-0.0019999999999527063,-9.999999997489795e-05,-0.0012889999999998736,7.000000010748408e-06,-6.999999968115844e-06,9635,0,1,0,1,0,1,1.3,2297.8926029472814,74.3887406665629,26570.992809239713,7292,0
1003.25,1.3,9.5,-2.6,1829.4761,64.71894,0.0966000000000804,-0.0019999999999527063,0.0,-0.0012749999999925876,1.4000000007285962e-05,6.999999996537554e-06,9636,0,1,0,1,0,1,1.3,2297.843996897375,74.3877372629449,26573.18818064753,7293,0
1001.75,1.3,9.5,-2.6,1829.5708,64.717674,0.09469999999987522,-0.001900000000205182,9.999999974752427e-05,-0.0012660000000010996,8.999999991488039e-06,-5.000000015797923e-06,9637,0,1,0,1,0,1,1.3,2297.7954107594937,74.38673393619008,26575.383665695346,7294,0
1000.75,1.3,9.5,-2.6,1829.6635,64.71642,0.09270000000014988,-0.0019999999997253326,-9.99999995201506e-05,-0.001254000000002975,1.1999999998124622e-05,3.000000006636583e-06,9638,0,1,0,1,0,1,1.3,2297.7468443199505,74.38573068751946,26577.57926198317,7295,0
999.25,1.3,9.5,-2.6,1829.7542,64.71519,0.0906999999999698,-0.00200000000018008,-4.547473508864641e-13,-0.0012299999999925149,2.40000000104601e-05,1.2000000012335477e-05,9639,0,1,0,1,0,1,1.3,2297.698297365145,74.38472751939834,26579.774967111,7296,0
997.75,1.3,9.5,-2.6,1829.8429,64.71395,0.0887000000000171,-0.0019999999999527063,2.2737367544323206e-13,-0.0012400000000098998,-1.0000000017384991e-05,-3.400000002784509e-05,9640,0,1,0,1,0,1,1.3,2297.649769681568,74.38372443076445,26581.97077867883,7297,0
998.25,1.3,9.5,-2.6,1829.9297,64.71274,0.08679999999981192,-0.001900000000205182,9.999999974752427e-05,-0.0012100000000003774,3.000000000952241e-05,4.00000000269074e-05,9641,0,1,0,1,0,1,1.3,2297.6012610661687,74.38272142470441,26584.166694406667,7298,0
999.25,1.3,9.5,-2.6,1830.0144,64.71153,0.08470000000011169,-0.0020999999997002305,-0.00019999999949504854,-0.0012100000000003774,0.0,-3.000000000952241e-05,9642,0,1,0,1,0,1,1.3,2297.55277129524,74.38171850119258,26586.36271177451,7299,0
999.25,1.3,9.5,-2.6,1830.0972,64.710335,0.0827999999999065,-0.001900000000205182,0.00019999999949504854,-0.0011949999999956162,1.5000000004761205e-05,1.5000000004761205e-05,9643,0,1,0,1,0,1,1.3,2297.5043001659064,74.38071566175861,26588.55882850235,7300,0
1000.25,1.3,9.5,-2.6,1830.178,64.70915,0.08080000000018117,-0.0019999999997253326,-9.99999995201506e-05,-0.001185000000006653,9.999999988963282e-06,-5.000000015797923e-06,9644,0,1,0,1,0,1,1.3,2297.455847465008,74.37971290741316,26590.7550421902,7301,0
1000.25,1.3,8.5,-2.6,1830.2567,64.707985,0.07869999999979882,-0.0021000000003823516,-0.00010000000065701897,-0.0011650000000003047,2.0000000006348273e-05,1.0000000017384991e-05,9645,0,1,0,1,0,1,1.3,2297.407412969106,74.3787102402032,26592.951350318053,7302,0
1001.25,1.3,8.5,-2.6,1830.3335,64.706825,0.07680000000004839,-0.0018999999997504347,0.00020000000063191692,-0.0011599999999987176,5.000000001587068e-06,-1.5000000004761205e-05,9646,0,1,0,1,0,1,1.3,2297.3589964755884,74.37770766061989,26595.14775060591,7303,0
1000.75,1.3,8.5,-2.6,1830.4082,64.70567,0.07470000000012078,-0.0020999999999276042,-0.00020000000017716957,-0.0011549999999971305,5.000000001587068e-06,0.0,9647,0,1,0,1,0,1,1.3,2297.310597761194,74.37670516915422,26597.34424053377,7304,0
1000.75,1.3,8.5,-2.6,1830.481,64.704544,0.0727999999999156,-0.001900000000205182,0.00019999999972242222,-0.0011259999999992942,2.8999999997836312e-05,2.3999999996249244e-05,9648,0,1,0,1,0,1,1.3,2297.262216623484,74.37570276878432,26599.54081782163,7305,0
1001.0,1.3,8.5,-2.6,1830.5516,64.703415,0.0706000000000131,-0.002199999999902502,-0.00029999999969732016,-0.00112899999999172,-2.999999992425728e-06,-3.199999999026204e-05,9649,0,1,0,1,0,1,1.3,2297.2138528290157,74.37470045917098,26601.7374798295,7306,0
1001.25,1.3,8.5,-2.6,1830.6202,64.7023,0.06860000000006039,-0.0019999999999527063,0.0001999999999497959,-0.0011150000000128557,1.3999999978864253e-05,1.699999997128998e-05,9650,0,1,0,1,0,1,1.3,2297.1655061651645,74.3736982417366,26603.93422415737,7307,0
1002.75,1.3,8.5,-2.6,1830.6869,64.7012,0.06669999999985521,-0.001900000000205182,9.999999974752427e-05,-0.0010999999999938836,1.500000001897206e-05,1.0000000401078069e-06,9651,0,1,0,1,0,1,1.3,2297.1171764297555,74.37269611800663,26606.131048525243,7308,0
1003.25,1.3,8.5,-2.6,1830.7516,64.70011,0.06470000000012988,-0.0019999999997253326,-9.99999995201506e-05,-0.0010900000000049204,9.999999988963282e-06,-5.000000030008778e-06,9652,0,1,0,1,0,1,1.3,2297.0688634103385,74.37169408898788,26608.32795053312,7309,0
1002.75,1.3,8.5,-2.6,1830.8141,64.699036,0.0625,-0.002200000000129876,-0.00020000000040454324,-0.001073999999988473,1.6000000016447302e-05,6.00000002748402e-06,9653,0,1,0,1,0,1,1.3,2297.0205668738345,74.37069215630827,26610.524927540995,7310,0
1005.25,1.3,8.5,-2.6,1830.8746,64.69797,0.060500000000047294,-0.0019999999999527063,0.00020000000017716957,-0.0010660000000086711,7.999999979801942e-06,-8.00000003664536e-06,9654,0,1,0,1,0,1,1.3,2296.972286607975,74.36969032076644,26612.721977148878,7311,0
1004.25,1.3,8.5,-2.6,1830.9331,64.69691,0.058499999999867214,-0.00200000000018008,-2.2737367544323206e-13,-0.001059999999995398,6.000000013273166e-06,-1.999999966528776e-06,9655,0,1,0,1,0,1,1.3,2296.92402240058,74.36868858295361,26614.919096956764,7312,0
1002.75,1.3,8.5,-2.6,1830.9895,64.69586,0.05639999999993961,-0.0020999999999276042,-9.999999974752427e-05,-0.0010500000000064347,9.999999988963282e-06,3.999999975690116e-06,9656,0,1,0,1,0,1,1.3,2296.8757740292017,74.36768694387492,26617.11628444465,7313,0
1002.75,1.3,8.5,-2.6,1831.044,64.69483,0.054500000000189175,-0.0018999999997504347,0.00020000000017716957,-0.0010300000000000864,2.0000000006348273e-05,1.0000000017384991e-05,9657,0,1,0,1,0,1,1.3,2296.827541292193,74.36668540557051,26619.313537332542,7314,0
1002.75,1.3,8.5,-2.6,1831.0963,64.69381,0.052299999999831925,-0.0022000000003572495,-0.00030000000060681487,-0.0010199999999969123,1.0000000003174137e-05,-1.0000000003174137e-05,9658,0,1,0,1,0,1,1.3,2296.7793239569314,74.36568396904443,26621.510852980435,7315,0
1002.75,1.3,8.5,-2.6,1831.1465,64.6928,0.050200000000131695,-0.0020999999997002305,0.00010000000065701897,-0.0010099999999937381,1.0000000003174137e-05,0.0,9659,0,1,0,1,0,1,1.3,2296.731121801242,74.36468263530021,26623.70822886833,7316,0
1003.25,1.3,8.5,-2.6,1831.1947,64.6918,0.048199999999951615,-0.00200000000018008,9.99999995201506e-05,-0.0010000000000047748,9.999999988963282e-06,-1.4210854715202004e-14,9660,0,1,0,1,0,1,1.3,2296.682934613394,74.36368140534107,26625.905662596226,7317,0
1005.75,1.3,8.5,-2.6,1831.2408,64.69082,0.04610000000002401,-0.0020999999999276042,-9.999999974752427e-05,-0.0009799999999984266,2.0000000006348273e-05,1.0000000017384991e-05,9661,0,1,0,1,0,1,1.3,2296.634762171393,74.36268028120473,26628.103151644125,7318,0
1006.0,1.3,8.5,-2.6,1831.2849,64.68984,0.044100000000071304,-0.0019999999999527063,9.999999997489795e-05,-0.0009799999999984266,0.0,-2.0000000006348273e-05,9662,0,1,0,1,0,1,1.3,2296.5866042636862,74.36167926285832,26630.30069361203,7319,0
1007.75,1.3,8.5,-2.6,1831.3268,64.68888,0.04189999999994143,-0.002200000000129876,-0.00020000000017716957,-0.0009600000000062892,1.9999999992137418e-05,1.9999999992137418e-05,9663,0,1,0,1,0,1,1.3,2296.538460658113,74.36067835233857,26632.498285859932,7320,0
1007.5,1.3,8.5,-2.6,1831.3667,64.68793,0.03989999999998872,-0.0019999999999527063,0.00020000000017716957,-0.000950000000003115,1.0000000003174137e-05,-9.999999988963282e-06,9664,0,1,0,1,0,1,1.3,2296.490331143301,74.35967755064667,26634.69592598784,7321,0
1004.75,1.3,8.5,-2.6,1831.4045,64.68699,0.03780000000006112,-0.0020999999999276042,-9.999999997489795e-05,-0.0009399999999999409,1.0000000003174137e-05,0.0,9665,0,1,0,1,0,1,1.3,2296.4422154976205,74.35867685878335,26636.893611475745,7322,0
1004.25,1.3,8.5,-2.6,1831.4402,64.68606,0.03569999999990614,-0.002100000000154978,-2.2737367544323206e-13,-0.0009299999999967667,1.0000000003174137e-05,0.0,9666,0,1,0,1,0,1,1.3,2296.3941134995343,74.35767627774905,26639.091339803654,7323,0
1004.5,1.3,8.5,-2.6,1831.4738,64.68514,0.033599999999978536,-0.0020999999999276042,2.2737367544323206e-13,-0.0009199999999935926,1.0000000003174137e-05,0.0,9667,0,1,0,1,0,1,1.3,2296.3460249275963,74.35667580854366,26641.289108451565,7324,0
1003.25,1.3,8.5,-2.6,1831.5052,64.684235,0.031400000000076034,-0.002199999999902502,-9.999999997489795e-05,-0.0009050000000030423,1.499999999055035e-05,4.9999999873762135e-06,9668,0,1,0,1,0,1,1.3,2296.2979495501086,74.35567545268384,26643.486914779478,7325,0
1002.25,1.3,8.5,-2.6,1831.5347,64.68334,0.029499999999870852,-0.001900000000205182,0.00029999999969732016,-0.0008949999999998681,1.0000000003174137e-05,-4.9999999873762135e-06,9669,0,1,0,1,0,1,1.3,2296.2498871664943,74.35467521116857,26645.68475650739,7326,0
1001.75,1.3,8.5,-2.6,1831.5619,64.68246,0.02719999999999345,-0.0022999999998774,-0.0003999999996722181,-0.0008799999999951069,1.5000000004761205e-05,5.000000001587068e-06,9670,0,1,0,1,0,1,1.3,2296.2018375348985,74.35367508551339,26647.882630875305,7327,0
1002.75,1.3,8.5,-2.6,1831.5872,64.68159,0.025300000000015643,-0.0018999999999778083,0.0003999999998995918,-0.0008700000000061436,9.999999988963282e-06,-5.000000015797923e-06,9671,0,1,0,1,0,1,1.3,2296.153800454921,74.3526750767163,26650.08053560322,7328,0
999.25,1.3,8.5,-2.6,1831.6102,64.680725,0.023000000000138243,-0.0022999999998774,-0.0003999999998995918,-0.0008650000000045566,5.000000001587068e-06,-4.9999999873762135e-06,9672,0,1,0,1,0,1,1.3,2296.1057756848963,74.35167518525793,26652.278467931137,7329,0
997.75,1.3,8.5,-2.6,1831.6311,64.67988,0.020899999999983265,-0.002100000000154978,0.00019999999972242222,-0.0008449999999982083,2.0000000006348273e-05,1.5000000004761205e-05,9673,0,1,0,1,0,1,1.3,2296.057763003928,74.35067541316931,26654.476425339057,7330,0
998.25,1.3,8.5,-2.6,1831.6499,64.67904,0.018799999999828287,-0.002100000000154978,0.0,-0.0008399999999966212,5.000000001587068e-06,-1.5000000004761205e-05,9674,0,1,0,1,0,1,1.3,2296.0097621912146,74.34967576093024,26656.674405306974,7331,0
997.25,1.3,8.5,-2.6,1831.6666,64.678215,0.016700000000128057,-0.0020999999997002305,4.547473508864641e-13,-0.0008250000000060709,1.499999999055035e-05,9.999999988963282e-06,9675,0,1,0,1,0,1,1.3,2295.961773026044,74.34867623005374,26658.872405314894,7332,0
997.25,1.3,8.5,-2.6,1831.6812,64.6774,0.014599999999973079,-0.002100000000154978,-4.547473508864641e-13,-0.0008149999999886859,1.0000000017384991e-05,-4.999999973165359e-06,9676,0,1,0,1,0,1,1.3,2295.9137952877954,74.3476768215356,26661.070422842815,7333,0
997.25,1.3,8.5,-2.6,1831.6935,64.6766,0.012300000000095679,-0.0022999999998774,-0.00019999999972242222,-0.0008000000000123464,1.4999999976339495e-05,4.999999958954504e-06,9677,0,1,0,1,0,1,1.3,2295.865828735276,74.3466775368878,26663.26845513074,7334,0
997.25,1.3,8.5,-2.6,1831.7037,64.675804,0.010199999999940701,-0.002100000000154978,0.00019999999972242222,-0.0007959999999940237,4.00000001832268e-06,-1.0999999958016815e-05,9678,0,1,0,1,0,1,1.3,2295.8178731480525,74.34567837648518,26665.466499658658,7335,0
998.25,1.3,8.5,-2.6,1831.7119,64.675026,0.008199999999987995,-0.0019999999999527063,0.00010000000020227162,-0.0007779999999968368,1.7999999997186933e-05,1.3999999978864253e-05,9679,0,1,0,1,0,1,1.3,2295.769928316116,74.34467934214877,26667.66455402658,7336,0
997.25,1.3,8.5,-2.6,1831.7179,64.67426,0.0060000000000854925,-0.002199999999902502,-0.0001999999999497959,-0.0007659999999987122,1.1999999998124622e-05,-5.999999999062311e-06,9680,0,1,0,1,0,1,1.3,2295.7219940088835,74.34368043507902,26669.862615594506,7337,0
998.25,1.3,8.5,-2.6,1831.7217,64.6735,0.0037999999999556167,-0.002200000000129876,-2.2737367544323206e-13,-0.0007599999999996498,5.999999999062311e-06,-5.999999999062311e-06,9681,0,1,0,1,0,1,1.3,2295.6740699958686,74.34268165585623,26672.060681722425,7338,0
999.25,1.3,8.5,-2.6,1831.7233,64.67276,0.0016000000000531145,-0.002199999999902502,2.2737367544323206e-13,-0.0007400000000075124,1.9999999992137418e-05,1.3999999993075107e-05,9682,0,1,0,1,0,1,1.3,2295.6261560466796,74.34168300650624,26674.25874977035,7339,0
1000.75,1.3,8.5,-2.6,1831.7228,64.67202,-0.0005000000001018634,-0.002100000000154978,9.999999974752427e-05,-0.0007399999999933016,1.4210854715202004e-14,-1.9999999977926564e-05,9683,0,1,0,1,0,1,1.3,2295.5782519413465,74.34068448698885,26676.456817218273,7340,0
1001.25,1.3,8.5,-2.6,1831.7201,64.6713,-0.0027000000000043656,-0.002199999999902502,-9.999999974752427e-05,-0.0007200000000011642,1.9999999992137418e-05,1.9999999977926564e-05,9684,0,1,0,1,0,1,1.3,2295.5303574496643,74.33968609932886,26678.654881426195,7341,0
1001.75,1.3,8.5,-2.6,1831.7152,64.67059,-0.004899999999906868,-0.002199999999902502,0.0,-0.00070999999999799,1.0000000003174137e-05,-9.999999988963282e-06,9685,0,1,0,1,0,1,1.3,2295.482472341524,74.33868784451786,26680.852939754117,7342,0
1001.75,1.3,8.5,-2.6,1831.7083,64.66989,-0.006900000000086948,-0.00200000000018008,0.00019999999972242222,-0.0007000000000090267,9.999999988963282e-06,-1.4210854715202004e-14,9686,0,1,0,1,0,1,1.3,2295.434596407557,74.33768972354702,26683.05098980204,7343,0
1001.5,1.3,8.5,-2.6,1831.699,64.669205,-0.009299999999939246,-0.002399999999852298,-0.0003999999996722181,-0.0006849999999900547,1.500000001897206e-05,5.000000030008778e-06,9687,0,1,0,1,0,1,1.3,2295.386729397192,74.3366917379232,26685.24902868996,7344,0
1000.25,1.3,8.5,-2.6,1831.6876,64.668526,-0.011400000000094224,-0.002100000000154978,0.00029999999969732016,-0.0006790000000052032,5.999999984851456e-06,-9.000000034120603e-06,9688,0,1,0,1,0,1,1.3,2295.338871090928,74.33569388822376,26687.447053897882,7345,0
1000.5,1.3,8.5,-2.6,1831.674,64.66786,-0.013599999999996726,-0.002199999999902502,-9.999999974752427e-05,-0.0006659999999953925,1.300000000981072e-05,7.000000024959263e-06,9689,0,1,0,1,0,1,1.3,2295.29102125903,74.33469617574819,26689.645062785803,7346,0
1001.25,1.3,8.5,-2.6,1831.6582,64.667206,-0.015799999999899228,-0.002199999999902502,0.0,-0.0006540000000114787,1.1999999983913767e-05,-1.0000000258969521e-06,9690,0,1,0,1,0,1,1.3,2295.24317967186,74.33369860169229,26691.84305271372,7347,0
1002.75,1.3,8.5,-2.6,1831.6403,64.666565,-0.017900000000054206,-0.002100000000154978,9.999999974752427e-05,-0.0006409999999874572,1.3000000024021574e-05,1.0000000401078069e-06,9691,0,1,0,1,0,1,1.3,2295.195346110194,74.33270116735451,26694.04102116164,7348,0
1002.5,1.3,8.5,-2.6,1831.62,64.66593,-0.020300000000133878,-0.0024000000000796717,-0.00029999999992469384,-0.0006350000000026057,5.999999984851456e-06,-7.000000039170118e-06,9692,0,1,0,1,0,1,1.3,2295.147520323945,74.33170387331063,26696.23896524956,7349,0
1001.25,1.3,8.5,-2.6,1831.5977,64.66531,-0.02229999999985921,-0.0019999999997253326,0.00040000000035433914,-0.0006199999999978445,1.5000000004761205e-05,9.000000019909749e-06,9693,0,1,0,1,0,1,1.3,2295.0997021043945,74.33070672106459,26698.436882577476,7350,0
1000.25,1.3,8.5,-2.6,1831.5731,64.6647,-0.024599999999963984,-0.002300000000104774,-0.0003000000003794412,-0.0006100000000088812,9.999999988963282e-06,-5.000000015797923e-06,9694,0,1,0,1,0,1,1.3,2295.0518912119646,74.32970971160393,26700.63477038539,7351,0
1000.25,1.3,8.5,-2.6,1831.5463,64.66411,-0.02680000000009386,-0.002200000000129876,9.999999997489795e-05,-0.0005900000000025329,2.0000000006348273e-05,1.0000000017384991e-05,9695,0,1,0,1,0,1,1.3,2295.0040874174915,74.3287128469472,26702.832626033305,7352,0
998.75,1.3,8.5,-2.6,1831.5172,64.66352,-0.02909999999997126,-0.0022999999998774,-9.999999974752427e-05,-0.0005899999999883221,1.4210854715202004e-14,-1.9999999992137418e-05,9696,0,1,0,1,0,1,1.3,2294.956290481592,74.3277161270496,26705.03044676122,7353,0
997.75,1.3,8.5,-2.6,1831.486,64.66295,-0.031199999999898864,-0.0020999999999276042,0.0001999999999497959,-0.0005700000000103955,1.9999999977926564e-05,1.999999996371571e-05,9697,0,1,0,1,0,1,1.3,2294.908500185605,74.32671955392864,26707.228230049128,7354,0
996.75,1.3,8.5,-2.6,1831.4525,64.662384,-0.03350000000000364,-0.002300000000104774,-0.00020000000017716957,-0.0005659999999920728,4.00000001832268e-06,-1.5999999959603883e-05,9698,0,1,0,1,0,1,1.3,2294.860716290339,74.32572312795133,26709.42597313704,7355,0
999.75,1.3,8.5,-2.6,1831.4167,64.661835,-0.03580000000010841,-0.002300000000104774,0.0,-0.000549000000006572,1.6999999985500835e-05,1.2999999967178155e-05,9699,0,1,0,1,0,1,1.3,2294.8129385567013,74.32472685082475,26711.623673264945,7356,0
999.25,1.3,8.5,-2.6,1831.3788,64.66129,-0.037900000000036016,-0.0020999999999276042,0.00020000000017716957,-0.0005450000000024602,4.0000000041118255e-06,-1.299999998138901e-05,9700,0,1,0,1,0,1,1.3,2294.765166766313,74.32373072291516,26713.821327912854,7357,0
1000.25,1.3,8.5,-2.6,1831.3386,64.66077,-0.040199999999913416,-0.0022999999998774,-0.0001999999999497959,-0.0005199999999945248,2.500000000793534e-05,2.1000000003823516e-05,9701,0,1,0,1,0,1,1.3,2294.717400680272,74.32273474675324,26716.018934320757,7358,0
1000.75,1.3,8.5,-2.6,1831.2963,64.66025,-0.042300000000068394,-0.002100000000154978,0.00019999999972242222,-0.0005199999999945248,0.0,-2.500000000793534e-05,9702,0,1,0,1,0,1,1.3,2294.6696400803876,74.32173892229208,26718.216489968658,7359,0
1001.75,1.3,8.5,-2.6,1831.2516,64.659744,-0.04469999999992069,-0.002399999999852298,-0.00029999999969732016,-0.0005060000000014497,1.3999999993075107e-05,1.3999999993075107e-05,9703,0,1,0,1,0,1,1.3,2294.621884717642,74.32074325092745,26720.41399197656,7360,0
1000.75,1.3,8.5,-2.6,1831.2046,64.65925,-0.047000000000025466,-0.002300000000104774,9.999999974752427e-05,-0.0004940000000033251,1.1999999998124622e-05,-1.9999999949504854e-06,9704,0,1,0,1,0,1,1.3,2294.5741343534264,74.31974773384853,26722.611437584455,7361,0
1000.75,1.3,8.5,-2.6,1831.1554,64.65877,-0.04919999999992797,-0.002199999999902502,0.00010000000020227162,-0.00047999999999603915,1.4000000007285962e-05,2.00000000916134e-06,9705,0,1,0,1,0,1,1.3,2294.52638875953,74.31875237245004,26724.80882415235,7362,0
1000.75,1.3,8.5,-2.6,1831.104,64.658295,-0.051400000000057844,-0.002200000000129876,-2.2737367544323206e-13,-0.00047500000000866294,4.9999999873762135e-06,-9.000000019909749e-06,9706,0,1,0,1,0,1,1.3,2294.4786477078396,74.31775716719892,26727.006149040244,7363,0
1002.25,1.3,8.5,-2.6,1831.0503,64.65784,-0.053699999999935244,-0.0022999999998774,-9.999999974752427e-05,-0.00045500000000231466,2.0000000006348273e-05,1.500000001897206e-05,9707,0,1,0,1,0,1,1.3,2294.4309109600326,74.31676212010713,26729.203409488135,7364,0
1003.25,1.3,8.5,-2.6,1830.9943,64.65739,-0.05600000000004002,-0.002300000000104774,-2.2737367544323206e-13,-0.00044999999998651674,5.000000015797923e-06,-1.499999999055035e-05,9708,0,1,0,1,0,1,1.3,2294.3831782778866,74.31576723164075,26731.400602736023,7365,0
1003.25,1.3,9.5,-2.6,1830.936,64.65695,-0.05830000000014479,-0.002300000000104774,0.0,-0.0004400000000117643,9.999999974752427e-06,4.999999958954504e-06,9709,0,1,0,1,0,1,1.3,2294.335449423275,74.31477250278064,26733.59772602391,7366,0
1000.25,1.3,9.5,-2.6,1830.8755,64.656525,-0.06049999999981992,-0.0021999999996751285,0.0001000000004296453,-0.00042499999999279225,1.500000001897206e-05,5.000000044219632e-06,9710,0,1,0,1,0,1,1.3,2294.2877241684687,74.31377793502215,26735.79477671179,7367,0
1000.5,1.3,9.5,-2.6,1830.8127,64.656105,-0.06280000000015207,-0.0023000000003321475,-0.00010000000065701897,-0.00042000000000541604,4.9999999873762135e-06,-1.0000000031595846e-05,9711,0,1,0,1,0,1,1.3,2294.2400022755355,74.31278352883031,26737.99175203967,7368,0
1001.75,1.3,9.5,-2.6,1830.7476,64.65571,-0.06510000000002947,-0.0022999999998774,4.547473508864641e-13,-0.0003949999999974807,2.500000000793534e-05,2.0000000020559128e-05,9712,0,1,0,1,0,1,1.3,2294.1922835066407,74.31178928672912,26740.188649247546,7369,0
1003.25,1.3,9.5,-2.6,1830.6802,64.65531,-0.06739999999990687,-0.0022999999998774,0.0,-0.00039999999999906777,-5.000000001587068e-06,-3.000000000952241e-05,9713,0,1,0,1,0,1,1.3,2294.144567624048,74.31079520815318,26742.38546557542,7370,0
1002.25,1.3,9.5,-2.6,1830.6105,64.65493,-0.06970000000001164,-0.002300000000104774,-2.2737367544323206e-13,-0.00038000000000693035,1.9999999992137418e-05,2.4999999993724487e-05,9714,0,1,0,1,0,1,1.3,2294.0968543901186,74.30980129511066,26744.582198263288,7371,0
1003.25,1.3,9.5,-2.6,1830.5386,64.654564,-0.07189999999991414,-0.002199999999902502,0.00010000000020227162,-0.0003659999999996444,1.4000000007285962e-05,-5.999999984851456e-06,9715,0,1,0,1,0,1,1.3,2294.049143577604,74.30880754899135,26746.778844671153,7372,0
1002.25,1.3,9.5,-2.6,1830.4642,64.654205,-0.07440000000019609,-0.0025000000002819434,-0.0003000000003794412,-0.000358999999988896,7.000000010748408e-06,-6.999999996537554e-06,9716,0,1,0,1,0,1,1.3,2294.0014349284756,74.30781397046414,26748.975401799016,7373,0
1002.75,1.3,9.5,-2.6,1830.3877,64.65386,-0.07649999999989632,-0.0020999999997002305,0.0004000000005817128,-0.0003450000000100317,1.3999999978864253e-05,6.999999968115844e-06,9717,0,1,0,1,0,1,1.3,2293.953728225972,74.30682056091788,26751.171867126875,7374,0
1001.75,1.3,9.5,-2.6,1830.3088,64.65353,-0.07889999999997599,-0.0024000000000796717,-0.0003000000003794412,-0.00032999999999105967,1.500000001897206e-05,1.0000000401078069e-06,9718,0,1,0,1,0,1,1.3,2293.906023222554,74.30582732184381,26753.36823777473,7375,0
1001.25,1.3,9.5,-2.6,1830.2275,64.6532,-0.08130000000005566,-0.0024000000000796717,0.0,-0.0003300000000052705,-1.4210854715202004e-14,-1.5000000033182914e-05,9719,0,1,0,1,0,1,1.3,2293.858319670782,74.3048342531893,26755.56451086258,7376,0
999.75,1.3,9.5,-2.6,1830.144,64.652885,-0.08349999999995816,-0.002199999999902502,0.00020000000017716957,-0.0003150000000005093,1.5000000004761205e-05,1.500000001897206e-05,9720,0,1,0,1,0,1,1.3,2293.8106173438946,74.3038413564448,26757.760683750428,7377,0
999.75,1.3,9.5,-2.6,1830.0582,64.65259,-0.08580000000006294,-0.002300000000104774,-0.00010000000020227162,-0.00029499999999416104,2.0000000006348273e-05,5.000000001587068e-06,9721,0,1,0,1,0,1,1.3,2293.7629160049373,74.30284863361449,26759.95675367827,7378,0
999.5,1.3,9.5,-2.6,1829.97,64.6523,-0.08819999999991524,-0.002399999999852298,-9.999999974752427e-05,-0.00029000000000678483,4.9999999873762135e-06,-1.500000001897206e-05,9722,0,1,0,1,0,1,1.3,2293.7152154067676,74.3018560851589,26762.15271776611,7379,0
1000.25,1.3,9.5,-2.6,1829.8795,64.652016,-0.09050000000002001,-0.002300000000104774,9.999999974752427e-05,-0.00028399999999351166,6.000000013273166e-06,1.0000000258969521e-06,9723,0,1,0,1,0,1,1.3,2293.667515312629,74.3008637116413,26764.34857325394,7380,0
999.25,1.3,9.5,-2.6,1829.7866,64.65175,-0.09290000000009968,-0.0024000000000796717,-9.999999997489795e-05,-0.00026599999999632473,1.7999999997186933e-05,1.1999999983913767e-05,9724,0,1,0,1,0,1,1.3,2293.6198154755784,74.29987151485861,26766.54431726177,7381,0
997.75,1.3,9.5,-2.6,1829.6914,64.6515,-0.09519999999997708,-0.0022999999998774,0.00010000000020227162,-0.00025000000000829914,1.5999999988025593e-05,-2.00000000916134e-06,9725,0,1,0,1,0,1,1.3,2293.572115659058,74.2988794964014,26768.739947029597,7382,0
997.75,1.3,9.5,-2.6,1829.5939,64.65125,-0.09749999999985448,-0.0022999999998774,0.0,-0.0002499999999940883,1.4210854715202004e-14,-1.5999999973814738e-05,9726,0,1,0,1,0,1,1.3,2293.5244156266062,74.29788765621466,26770.93545979742,7383,0
996.25,1.3,9.5,-2.6,1829.494,64.65102,-0.09990000000016153,-0.0024000000003070454,-0.0001000000004296453,-0.00023000000000195087,1.9999999992137418e-05,1.9999999977926564e-05,9727,0,1,0,1,0,1,1.3,2293.476715131579,74.29689599629934,26773.130852685234,7384,0
996.75,1.3,9.5,-2.6,1829.3918,64.650795,-0.10219999999981155,-0.0022999999996500264,0.00010000000065701897,-0.0002250000000003638,5.000000001587068e-06,-1.499999999055035e-05,9728,0,1,0,1,0,1,1.3,2293.429013937712,74.29590451711378,26775.326122933046,7385,0
996.5,1.3,9.5,-2.6,1829.2872,64.65058,-0.1046000000001186,-0.0024000000003070454,-0.00010000000065701897,-0.00021499999999718966,1.0000000003174137e-05,5.000000001587068e-06,9729,0,1,0,1,0,1,1.3,2293.3813117985615,74.29491321963,26777.52126766085,7386,0
996.5,1.3,9.5,-2.6,1829.1803,64.65038,-0.106899999999996,-0.0022999999998774,0.0001000000004296453,-0.0002000000000066393,1.499999999055035e-05,4.9999999873762135e-06,9730,0,1,0,1,0,1,1.3,2293.3336084780594,74.29392210533346,26779.71628410865,7387,0
996.75,1.3,9.5,-2.6,1829.0709,64.6502,-0.10940000000005057,-0.0025000000000545697,-0.00020000000017716957,-0.00018000000000029104,2.0000000006348273e-05,5.000000015797923e-06,9731,0,1,0,1,0,1,1.3,2293.2859037196877,74.29293117622278,26781.911169276445,7388,0
997.75,1.3,9.5,-2.6,1828.9592,64.65002,-0.11169999999992797,-0.0022999999998774,0.00020000000017716957,-0.00018000000000029104,0.0,-2.0000000006348273e-05,9732,0,1,0,1,0,1,1.3,2293.2381972875783,74.29194043224084,26784.105920404236,7389,0
997.75,1.3,9.5,-2.6,1828.8452,64.64986,-0.11400000000003274,-0.002300000000104774,-2.2737367544323206e-13,-0.00015999999999394277,2.0000000006348273e-05,2.0000000006348273e-05,9733,0,1,0,1,0,1,1.3,2293.1904889459624,74.29094987538525,26786.30053473202,7390,0
997.5,1.3,9.5,-2.6,1828.7288,64.649704,-0.11639999999988504,-0.002399999999852298,-9.999999974752427e-05,-0.0001560000000040418,3.999999989900971e-06,-1.6000000016447302e-05,9734,0,1,0,1,0,1,1.3,2293.1427784488956,74.28995950600924,26788.4950093798,7391,0
997.5,1.3,9.5,-2.6,1828.6099,64.64956,-0.11890000000016698,-0.0025000000002819434,-0.0001000000004296453,-0.00014400000000591717,1.1999999998124622e-05,8.000000008223651e-06,9735,0,1,0,1,0,1,1.3,2293.095065540263,74.2889693252876,26790.689341347574,7392,0
997.5,1.3,9.5,-2.6,1828.4886,64.64943,-0.12130000000001928,-0.002399999999852298,0.0001000000004296453,-0.0001299999999986312,1.4000000007285962e-05,2.00000000916134e-06,9736,0,1,0,1,0,1,1.3,2293.047349974325,74.28797933459998,26792.88352775534,7393,0
997.25,1.3,9.5,-2.6,1828.3651,64.64931,-0.12349999999992178,-0.002199999999902502,0.0001999999999497959,-0.00011999999999545707,1.0000000003174137e-05,-4.0000000041118255e-06,9737,0,1,0,1,0,1,1.3,2292.999631525981,74.28698953491477,26795.077565963104,7394,0
995.25,1.3,9.5,-2.6,1828.2391,64.6492,-0.12599999999997635,-0.0025000000000545697,-0.0003000000001520675,-0.00011000000000649379,9.999999988963282e-06,-1.4210854715202004e-14,9738,0,1,0,1,0,1,1.3,2292.951909939419,74.28599992719992,26797.271452970857,7395,0
995.0,1.3,9.5,-2.6,1828.1107,64.6491,-0.12840000000005602,-0.0024000000000796717,9.999999997489795e-05,-9.99999999891088e-05,1.0000000017384991e-05,2.842170943040401e-14,9739,0,1,0,1,0,1,1.3,2292.904184969199,74.285010512423,26799.465185898607,7396,0
994.25,1.3,9.5,-2.6,1827.98,64.64901,-0.13069999999993342,-0.0022999999998774,0.00010000000020227162,-9.000000000014552e-05,9.999999988963282e-06,-2.842170943040401e-14,9740,0,1,0,1,0,1,1.3,2292.8564563802483,74.28402129155117,26801.65876198635,7397,0
993.25,1.3,9.5,-2.6,1827.8467,64.64894,-0.1332999999999629,-0.0026000000000294676,-0.0003000000001520675,-7.00000000080081e-05,1.9999999992137418e-05,1.0000000003174137e-05,9741,0,1,0,1,0,1,1.3,2292.8087239067954,74.2830322665777,26803.852178114088,7398,0
993.0,1.3,9.5,-2.6,1827.711,64.64887,-0.13570000000004256,-0.0024000000000796717,0.0001999999999497959,-6.999999999379725e-05,1.4210854715202004e-14,-1.9999999977926564e-05,9742,0,1,0,1,0,1,1.3,2292.7609873037054,74.28204343744227,26806.045431401817,7399,0
991.25,1.3,9.5,-2.6,1827.5731,64.64882,-0.13789999999994507,-0.002199999999902502,0.00020000000017716957,-5.000000000165983e-05,1.9999999992137418e-05,1.9999999977926564e-05,9743,0,1,0,1,0,1,1.3,2292.7132463464695,74.2810548061371,26808.23851920954,7400,0
990.25,1.3,9.5,-2.6,1827.4326,64.64878,-0.14049999999997453,-0.0026000000000294676,-0.00040000000012696546,-3.999999999848569e-05,1.0000000003174137e-05,-9.999999988963282e-06,9744,0,1,0,1,0,1,1.3,2292.6655007696254,74.2800663736275,26810.431438417258,7401,0
991.25,1.3,9.5,-2.6,1827.2898,64.64875,-0.1428000000000793,-0.002300000000104774,0.00029999999992469384,-2.9999999995311555e-05,1.0000000003174137e-05,0.0,9745,0,1,0,1,0,1,1.3,2292.6177503386,74.27907814087831,26812.624186264966,7402,0
991.0,1.3,9.5,-2.6,1827.1444,64.64873,-0.14540000000010878,-0.0026000000000294676,-0.00029999999992469384,-2.0000000006348273e-05,9.999999988963282e-06,-1.4210854715202004e-14,9746,0,1,0,1,0,1,1.3,2292.56999478814,74.278090108854,26814.81675963267,7403,0
990.25,1.3,9.5,-2.6,1826.9967,64.64872,-0.14769999999998618,-0.0022999999998774,0.0003000000001520675,-1.0000000003174137e-05,1.0000000003174137e-05,1.4210854715202004e-14,9747,0,1,0,1,0,1,1.3,2292.5222338838735,74.27710227851868,26817.009155760366,7404,0
990.75,1.3,9.5,-2.6,1826.8466,64.64873,-0.15009999999983847,-0.002399999999852298,-9.999999997489795e-05,1.0000000003174137e-05,2.0000000006348273e-05,1.0000000003174137e-05,9748,0,1,0,1,0,1,1.3,2292.4744673812697,74.27611465186172,26819.201371768053,7405,0
990.75,1.3,9.5,-2.6,1826.694,64.64874,-0.15260000000012042,-0.0025000000002819434,-0.0001000000004296453,1.0000000003174137e-05,0.0,-2.0000000006348273e-05,9749,0,1,0,1,0,1,1.3,2292.426695025641,74.27512722882052,26821.393404655737,7406,0
989.25,1.3,9.5,-2.6,1826.5388,64.648766,-0.1551999999999225,-0.002599999999802094,-9.99999995201506e-05,2.599999999119973e-05,1.5999999988025593e-05,1.5999999988025593e-05,9750,0,1,0,1,0,1,1.3,2292.3789165521484,74.27414001097323,26823.58525130341,7407,0
989.25,1.3,9.5,-2.6,1826.3813,64.6488,-0.15750000000002728,-0.002300000000104774,0.00029999999969732016,3.399999999942338e-05,8.000000008223651e-06,-7.999999979801942e-06,9751,0,1,0,1,0,1,1.3,2292.3311317268253,74.27315299907711,26825.776908951077,7408,0
988.25,1.3,9.5,-2.6,1826.2214,64.64885,-0.15990000000010696,-0.0024000000000796717,-9.999999997489795e-05,5.000000000165983e-05,1.6000000002236447e-05,7.999999994012796e-06,9752,0,1,0,1,0,1,1.3,2292.283340305547,74.27216619470931,26827.968374718734,7409,0
987.25,1.3,9.5,-2.6,1826.059,64.64891,-0.16239999999993415,-0.002499999999827196,-9.999999974752427e-05,6.0000000004833964e-05,1.0000000003174137e-05,-5.999999999062311e-06,9753,0,1,0,1,0,1,1.3,2292.2355420340373,74.27117959883125,26830.159645606385,7410,0
986.25,1.3,9.5,-2.6,1825.894,64.64899,-0.16499999999996362,-0.0026000000000294676,-0.00010000000020227162,7.999999999697138e-05,1.9999999992137418e-05,9.999999988963282e-06,9754,0,1,0,1,0,1,1.3,2292.187736647873,74.27019321342901,26832.350718494028,7411,0
986.0,1.3,9.5,-2.6,1825.7268,64.64906,-0.1672000000000935,-0.002200000000129876,0.0003999999998995918,7.00000000080081e-05,-9.999999988963282e-06,-2.99999999811007e-05,9755,0,1,0,1,0,1,1.3,2292.1399239237394,74.26920703741288,26834.541590741665,7412,0
985.25,1.3,9.5,-2.6,1825.5569,64.64916,-0.1698999999998705,-0.002699999999776992,-0.0004999999996471161,9.99999999891088e-05,2.99999999811007e-05,3.999999997006398e-05,9756,0,1,0,1,0,1,1.3,2292.0921035871684,74.26822107379317,26836.73225910929,7413,0
984.25,1.3,9.5,-2.6,1825.3846,64.64926,-0.17229999999995016,-0.0024000000000796717,0.00029999999969732016,0.00010000000000331966,1.4210854715202004e-14,-2.9999999966889845e-05,9757,0,1,0,1,0,1,1.3,2292.044275394548,74.26723532250462,26838.92272071691,7414,0
985.75,1.3,9.5,-2.6,1825.2098,64.64938,-0.17480000000000473,-0.0025000000000545697,-9.999999997489795e-05,0.00011999999999545707,1.9999999992137418e-05,1.9999999977926564e-05,9758,0,1,0,1,0,1,1.3,2291.99643909212,74.2662497855313,26841.11297256452,7415,0
983.75,1.3,9.5,-2.6,1825.0326,64.649506,-0.1772000000000844,-0.0024000000000796717,9.999999997489795e-05,0.00012600000000873024,6.000000013273166e-06,-1.3999999978864253e-05,9759,0,1,0,1,0,1,1.3,2291.9485944364756,74.26526446342213,26843.30301177212,7416,0
983.75,1.3,9.5,-2.6,1824.8529,64.64964,-0.1796999999999116,-0.002499999999827196,-9.999999974752427e-05,0.00013400000000274304,7.999999994012796e-06,1.9999999807396307e-06,9760,0,1,0,1,0,1,1.3,2291.90074117406,74.26427935693064,26845.49283533971,7417,0
983.75,1.3,9.5,-2.6,1824.6707,64.649796,-0.18220000000019354,-0.0025000000002819434,-4.547473508864641e-13,0.00015599999998983094,2.1999999987087904e-05,1.3999999993075107e-05,9761,0,1,0,1,0,1,1.3,2291.8528790514238,74.26329446824421,26847.682440267297,7418,0
983.75,1.3,9.5,-2.6,1824.486,64.649956,-0.18469999999979336,-0.0024999999995998223,6.821210263296962e-13,0.00016000000000815362,4.00000001832268e-06,-1.7999999968765223e-05,9762,0,1,0,1,0,1,1.3,2291.8050078152205,74.26230979770563,26849.871823554873,7419,0
982.25,1.3,9.5,-2.6,1824.2987,64.65013,-0.1873000000000502,-0.0026000000002568413,-0.00010000000065701897,0.00017400000000122873,1.3999999993075107e-05,9.999999974752427e-06,9763,0,1,0,1,0,1,1.3,2291.7571272019663,74.26132534668169,26852.06098208244,7420,0
982.75,1.3,9.5,-2.6,1824.109,64.650314,-0.18970000000012988,-0.0024000000000796717,0.00020000000017716957,0.000183999999990192,9.999999988963282e-06,-4.0000000041118255e-06,9764,0,1,0,1,0,1,1.3,2291.709236968766,74.26034111612904,26854.249912969997,7421,0
982.25,1.3,9.5,-2.6,1823.9167,64.650505,-0.19229999999993197,-0.002599999999802094,-0.00019999999972242222,0.00019100000000094042,7.000000010748408e-06,-2.9999999782148734e-06,9765,0,1,0,1,0,1,1.3,2291.661336852345,74.25935710669671,26856.438613097544,7422,0
982.25,1.3,9.5,-2.6,1823.722,64.65071,-0.19470000000001164,-0.0024000000000796717,0.00019999999972242222,0.00020500000000822638,1.4000000007285962e-05,6.999999996537554e-06,9766,0,1,0,1,0,1,1.3,2291.613426610013,74.25837331975018,26858.627079585083,7423,0
981.25,1.3,9.5,-2.6,1823.5248,64.650925,-0.1972000000000662,-0.0025000000000545697,-9.999999997489795e-05,0.00021499999999718966,9.999999988963282e-06,-4.00000001832268e-06,9767,0,1,0,1,0,1,1.3,2291.5655059889436,74.25738975624488,26860.81530943261,7424,0
983.25,1.3,9.5,-2.6,1823.325,64.65115,-0.1997999999998683,-0.002599999999802094,-9.999999974752427e-05,0.0002250000000003638,1.0000000003174137e-05,1.4210854715202004e-14,9768,0,1,0,1,0,1,1.3,2291.5175747261746,74.25640641713584,26863.003299520133,7425,0
984.25,1.3,9.5,-2.6,1823.1227,64.6514,-0.20230000000015025,-0.0025000000002819434,9.99999995201506e-05,0.0002499999999940883,2.4999999993724487e-05,1.499999999055035e-05,9769,0,1,0,1,0,1,1.3,2291.469632569089,74.255423304913,26865.19104684764,7426,0
984.25,1.3,9.5,-2.6,1822.9178,64.65164,-0.20489999999995234,-0.002599999999802094,-9.99999995201506e-05,0.000240000000005125,-9.999999988963282e-06,-3.499999998268777e-05,9770,0,1,0,1,0,1,1.3,2291.421679254938,74.25444041848327,26867.378548295143,7427,0
983.75,1.3,9.5,-2.6,1822.7104,64.65191,-0.2074000000000069,-0.0025000000000545697,9.999999974752427e-05,0.00027000000000043656,2.9999999995311555e-05,3.9999999984274837e-05,9771,0,1,0,1,0,1,1.3,2291.373714531314,74.25345776084731,26869.56580086263,7428,0
982.75,1.3,9.5,-2.6,1822.5005,64.652176,-0.2098999999998341,-0.002499999999827196,2.2737367544323206e-13,0.00026599999999632473,-4.0000000041118255e-06,-3.399999999942338e-05,9772,0,1,0,1,0,1,1.3,2291.3257381459125,74.25247533152563,26871.752801550112,7429,0
982.5,1.3,9.5,-2.6,1822.2881,64.652466,-0.21240000000011605,-0.0025000000002819434,-4.547473508864641e-13,0.00029000000000678483,2.40000000104601e-05,2.8000000014571924e-05,9773,0,1,0,1,0,1,1.3,2291.2777498465316,74.25149313290362,26873.939547357582,7430,0
981.25,1.3,9.5,-2.6,1822.0731,64.652756,-0.21499999999991815,-0.002599999999802094,-9.99999995201506e-05,0.000289999999992574,-1.4210854715202004e-14,-2.4000000024670953e-05,9774,0,1,0,1,0,1,1.3,2291.229749370844,74.25051116491049,26876.12603516504,7431,0
982.75,1.3,9.5,-2.6,1821.8555,64.65306,-0.217600000000175,-0.0026000000002568413,-4.547473508864641e-13,0.00030399999999985994,1.4000000007285962e-05,1.4000000021496817e-05,9775,0,1,0,1,0,1,1.3,2291.1817364566286,74.24952942890754,26878.31226185249,7432,0
980.75,1.3,9.5,-2.6,1821.6354,64.65338,-0.22010000000000218,-0.002499999999827196,0.0001000000004296453,0.0003200000000020964,1.6000000002236447e-05,1.9999999949504854e-06,9776,0,1,0,1,0,1,1.3,2291.1337108519997,74.24854792646005,26880.498224419927,7433,0
981.75,1.3,9.5,-2.6,1821.4127,64.65371,-0.22269999999980428,-0.002599999999802094,-9.999999997489795e-05,0.0003300000000052705,1.0000000003174137e-05,-5.999999999062311e-06,9777,0,1,0,1,0,1,1.3,2291.0856722949475,74.24756665851912,26882.683919747356,7434,0
981.25,1.3,9.5,-2.6,1821.1875,64.65405,-0.22520000000008622,-0.0025000000002819434,9.99999995201506e-05,0.0003399999999942338,9.999999988963282e-06,-1.4210854715202004e-14,9778,0,1,0,1,0,1,1.3,2291.0376205337966,74.24658562603538,26884.869344834773,7435,0
980.25,1.3,9.5,-2.6,1820.9597,64.6544,-0.22779999999988831,-0.002599999999802094,-9.99999995201506e-05,0.00034999999999740794,1.0000000003174137e-05,1.4210854715202004e-14,9779,0,1,0,1,0,1,1.3,2290.9895553067486,74.24560482995909,26887.05449656218,7436,0
980.25,1.3,9.5,-2.6,1820.7294,64.65476,-0.23030000000017026,-0.0025000000002819434,9.99999995201506e-05,0.0003600000000005821,1.0000000003174137e-05,0.0,9780,0,1,0,1,0,1,1.3,2290.941476362335,74.24462427124016,26889.239371929576,7437,0
980.75,1.3,9.5,-2.6,1820.4965,64.655136,-0.23289999999997235,-0.002599999999802094,-9.99999995201506e-05,0.0003760000000028185,1.6000000002236447e-05,5.999999999062311e-06,9781,0,1,0,1,0,1,1.3,2290.8933834389695,74.24364395144143,26891.423967816958,7438,0
981.75,1.3,9.5,-2.6,1820.261,64.65552,-0.23550000000000182,-0.0026000000000294676,-2.2737367544323206e-13,0.0003839999999968313,7.999999994012796e-06,-8.000000008223651e-06,9782,0,1,0,1,0,1,1.3,2290.8452762751713,74.24266387130737,26893.60828110433,7439,0
981.75,1.3,9.5,-2.6,1820.0228,64.655914,-0.23820000000000618,-0.0027000000000043656,-9.999999997489795e-05,0.00039400000000000546,1.0000000003174137e-05,2.00000000916134e-06,9783,0,1,0,1,0,1,1.3,2290.7971545993455,74.24168403178659,26895.792308551692,7440,0
984.75,1.3,9.5,-2.6,1819.7821,64.65632,-0.24070000000006075,-0.0025000000000545697,0.0001999999999497959,0.0004059999999981301,1.1999999998124622e-05,1.9999999949504854e-06,9784,0,1,0,1,0,1,1.3,2290.74901816045,74.24070443403168,26897.97604715904,7441,0
983.75,1.3,9.5,-2.6,1819.5388,64.65674,-0.24329999999986285,-0.002599999999802094,-9.999999974752427e-05,0.00042000000000541604,1.4000000007285962e-05,2.00000000916134e-06,9785,0,1,0,1,0,1,1.3,2290.7008666973225,74.23972507939915,26900.15949380638,7442,0
983.5,1.3,9.5,-2.6,1819.293,64.657166,-0.2458000000001448,-0.0025000000002819434,9.99999995201506e-05,0.00042600000000447835,5.999999999062311e-06,-8.000000008223651e-06,9786,0,1,0,1,0,1,1.3,2290.6526999591297,74.23874596842751,26902.342645493707,7443,0
984.25,1.3,9.5,-2.6,1819.0446,64.65761,-0.24839999999994689,-0.002599999999802094,-9.99999995201506e-05,0.0004440000000016653,1.7999999997186933e-05,1.1999999998124622e-05,9787,0,1,0,1,0,1,1.3,2290.60451768492,74.23776710288108,26904.52549910102,7444,0
984.25,1.3,9.5,-2.6,1818.7935,64.65806,-0.25109999999995125,-0.0027000000000043656,-0.00010000000020227162,0.0004500000000007276,5.999999999062311e-06,-1.1999999998124622e-05,9788,0,1,0,1,0,1,1.3,2290.556319603637,74.23678848329759,26906.708051388323,7445,0
984.75,1.3,9.5,-2.6,1818.5398,64.65852,-0.2536999999999807,-0.0026000000000294676,9.999999997489795e-05,0.0004599999999896909,9.999999988963282e-06,3.999999989900971e-06,9789,0,1,0,1,0,1,1.3,2290.508105454546,74.23581011062308,26908.890299235612,7446,0
984.75,1.3,9.5,-2.6,1818.2834,64.659,-0.2563999999999851,-0.0027000000000043656,-9.999999997489795e-05,0.00048000000001025,2.0000000020559128e-05,1.0000000031595846e-05,9790,0,1,0,1,0,1,1.3,2290.459874966806,74.23483198682463,26911.07223940289,7447,0
984.5,1.3,9.5,-2.6,1818.0245,64.65948,-0.25890000000003965,-0.0025000000000545697,0.0001999999999497959,0.00047999999999603915,-1.4210854715202004e-14,-2.0000000034769982e-05,9791,0,1,0,1,0,1,1.3,2290.4116278901147,74.23385411182598,26913.253868890155,7448,0
985.25,1.3,9.5,-2.6,1817.763,64.65997,-0.2615000000000691,-0.0026000000000294676,-9.999999997489795e-05,0.0004899999999992133,1.0000000003174137e-05,1.0000000017384991e-05,9792,0,1,0,1,0,1,1.3,2290.363363964056,74.23287648657205,26915.435184577407,7449,0
984.75,1.3,9.5,-2.6,1817.4988,64.66048,-0.2641999999998461,-0.002699999999776992,-9.999999974752427e-05,0.0005100000000055616,2.0000000006348273e-05,1.0000000003174137e-05,9793,0,1,0,1,0,1,1.3,2290.315082918113,74.23189911302839,26917.616183224647,7450,0
985.25,1.3,9.5,-2.6,1817.232,64.660995,-0.26680000000010295,-0.0026000000002568413,9.99999995201506e-05,0.0005149999999929378,4.9999999873762135e-06,-1.500000001897206e-05,9794,0,1,0,1,0,1,1.3,2290.266784492088,74.23092199162839,26919.796861711875,7451,0
985.25,1.3,9.5,-2.6,1816.9626,64.66153,-0.26939999999990505,-0.002599999999802094,4.547473508864641e-13,0.000534999999999286,2.0000000006348273e-05,1.500000001897206e-05,9795,0,1,0,1,0,1,1.3,2290.218468425888,74.22994512433647,26921.977216919087,7452,0
985.5,1.3,9.5,-2.6,1816.6906,64.66206,-0.2720000000001619,-0.0026000000002568413,-4.547473508864641e-13,0.000529999999997699,-5.000000001587068e-06,-2.500000000793534e-05,9796,0,1,0,1,0,1,1.3,2290.1701344595285,74.22896851056446,26924.15724572629,7453,0
985.75,1.3,9.5,-2.6,1816.4158,64.66262,-0.2747999999999138,-0.00279999999975189,-0.00019999999949504854,0.0005600000000072214,3.000000000952241e-05,3.500000001110948e-05,9797,0,1,0,1,0,1,1.3,2290.1217823127167,74.2279921532966,26926.336944773477,7454,0
986.0,1.3,9.5,-2.6,1816.1384,64.66318,-0.27739999999994325,-0.0026000000000294676,0.00019999999972242222,0.0005599999999930105,-1.4210854715202004e-14,-3.0000000023733264e-05,9798,0,1,0,1,0,1,1.3,2290.073411725686,74.22701605245433,26928.516310940653,7455,0
985.25,1.3,9.5,-2.6,1815.8585,64.66375,-0.2798999999999978,-0.0025000000000545697,9.999999997489795e-05,0.0005699999999961847,1.0000000003174137e-05,1.0000000017384991e-05,9799,0,1,0,1,0,1,1.3,2290.0250224489796,74.2260402089796,26930.695341227813,7456,0
986.25,1.3,9.5,-2.6,1815.5758,64.66434,-0.2826999999999771,-0.0027999999999792635,-0.00029999999992469384,0.0005900000000025329,2.0000000006348273e-05,1.0000000003174137e-05,9800,0,1,0,1,0,1,1.3,2289.9766142026324,74.2250646248342,26932.87403227496,7457,0
987.25,1.3,9.5,-2.6,1815.2905,64.66493,-0.28530000000000655,-0.0026000000000294676,0.0001999999999497959,0.0005900000000025329,0.0,-2.0000000006348273e-05,9801,0,1,0,1,0,1,1.3,2289.9281867271984,74.2240892999388,26935.052380962094,7458,0
987.0,1.3,9.5,-2.6,1815.0024,64.66554,-0.2880999999999858,-0.0027999999999792635,-0.0001999999999497959,0.0006099999999946704,1.9999999992137418e-05,1.9999999992137418e-05,9802,0,1,0,1,0,1,1.3,2289.8797397429357,74.2231142362542,26937.230383929214,7459,0
986.25,1.3,9.5,-2.6,1814.7118,64.66616,-0.2906000000000404,-0.0025000000000545697,0.00029999999992469384,0.0006200000000120554,1.0000000017384991e-05,-9.999999974752427e-06,9803,0,1,0,1,0,1,1.3,2289.831273000816,74.22213943472052,26939.40803817632,7460,0
987.25,1.3,9.5,-2.6,1814.4186,64.66679,-0.29320000000006985,-0.0026000000000294676,-9.999999997489795e-05,0.0006300000000010186,9.999999988963282e-06,-2.842170943040401e-14,9804,0,1,0,1,0,1,1.3,2289.7827862417134,74.22116489627741,26941.585340583413,7461,0
986.75,1.3,9.5,-2.6,1814.1226,64.66743,-0.2960000000000491,-0.0027999999999792635,-0.0001999999999497959,0.0006399999999899819,9.999999988963282e-06,0.0,9805,0,1,0,1,0,1,1.3,2289.7342791862125,74.22019062186416,26943.76228779049,7462,0
987.75,1.3,9.5,-2.6,1813.8239,64.668076,-0.2986999999998261,-0.002699999999776992,0.00010000000020227162,0.0006460000000032551,6.000000013273166e-06,-3.999999975690116e-06,9806,0,1,0,1,0,1,1.3,2289.6857515652086,74.21921661201183,26945.938876557553,7463,0
987.5,1.3,9.5,-2.6,1813.5225,64.66874,-0.30140000000005784,-0.0027000000002317393,-4.547473508864641e-13,0.000664000000000442,1.7999999997186933e-05,1.1999999983913767e-05,9807,0,1,0,1,0,1,1.3,2289.637203109706,74.21824286847472,26948.115103644603,7464,0
987.75,1.3,9.5,-2.6,1813.2184,64.66941,-0.3041000000000622,-0.0027000000000043656,2.2737367544323206e-13,0.0006699999999995043,5.999999999062311e-06,-1.1999999998124622e-05,9808,0,1,0,1,0,1,1.3,2289.5886335508208,74.21726939178305,26950.290965811637,7465,0
987.25,1.3,9.5,-2.6,1812.9117,64.6701,-0.3066999999998643,-0.002599999999802094,0.00010000000020227162,0.0006900000000058526,2.0000000006348273e-05,1.4000000007285962e-05,9809,0,1,0,1,0,1,1.3,2289.5400426299693,74.21629618389399,26952.46645993866,7466,0
987.0,1.3,9.5,-2.6,1812.6023,64.67079,-0.30940000000009604,-0.0027000000002317393,-0.0001000000004296453,0.0006899999999916417,-1.4210854715202004e-14,-2.0000000020559128e-05,9810,0,1,0,1,0,1,1.3,2289.491430078483,74.21532324472531,26954.64158278566,7467,0
987.0,1.3,9.5,-2.6,1812.2902,64.67149,-0.3121000000001004,-0.0027000000000043656,2.2737367544323206e-13,0.0007000000000090267,1.0000000017384991e-05,1.0000000031595846e-05,9811,0,1,0,1,0,1,1.3,2289.4427956278028,74.21435057521401,26956.816331112652,7468,0
985.25,1.3,9.5,-2.6,1811.9752,64.67221,-0.3149999999998272,-0.002899999999726788,-0.00019999999972242222,0.0007200000000011642,1.9999999992137418e-05,9.999999974752427e-06,9812,0,1,0,1,0,1,1.3,2289.394138989096,74.2133781773158,26958.990701439627,7469,0
984.25,1.3,10.5,-2.6,1811.6577,64.67294,-0.31750000000010914,-0.0025000000002819434,0.00039999999944484443,0.0007299999999901274,9.999999988963282e-06,-1.0000000003174137e-05,9813,0,1,0,1,0,1,1.3,2289.345459914408,74.21240605196658,26961.16469076659,7470,0
984.25,1.3,10.5,-2.6,1811.3374,64.67368,-0.3203000000000884,-0.0027999999999792635,-0.00029999999969732016,0.0007400000000075124,1.0000000017384991e-05,2.842170943040401e-14,9814,0,1,0,1,0,1,1.3,2289.296758125319,74.21143420010189,26963.33829573353,7471,0
984.25,1.3,10.5,-2.6,1811.0144,64.67443,-0.3229999999998654,-0.002699999999776992,0.00010000000020227162,0.0007499999999964757,9.999999988963282e-06,-2.842170943040401e-14,9815,0,1,0,1,0,1,1.3,2289.2480333537083,74.21046262265689,26965.51151310046,7472,0
986.25,1.3,10.5,-2.6,1810.6887,64.67519,-0.32570000000009713,-0.0027000000002317393,-4.547473508864641e-13,0.0007599999999996498,1.0000000003174137e-05,1.4210854715202004e-14,9816,0,1,0,1,0,1,1.3,2289.199285331568,74.20949132056637,26967.684339627373,7473,0
986.75,1.3,10.5,-2.6,1810.3604,64.675964,-0.32829999999989923,-0.002599999999802094,0.0001000000004296453,0.000773999999992725,1.3999999993075107e-05,3.999999989900971e-06,9817,0,1,0,1,0,1,1.3,2289.1505138011817,74.20852029517214,26969.85677219427,7474,0
986.25,1.3,10.5,-2.6,1810.0292,64.67675,-0.33120000000008076,-0.002900000000181535,-0.0003000000003794412,0.0007860000000050604,1.2000000012335477e-05,-1.9999999807396307e-06,9818,0,1,0,1,0,1,1.3,2289.1017184743864,74.20754954761176,26972.028807321152,7475,0
986.25,1.3,10.5,-2.6,1809.6952,64.67754,-0.33399999999983265,-0.00279999999975189,0.0001000000004296453,0.0007899999999949614,3.999999989900971e-06,-8.000000022434506e-06,9819,0,1,0,1,0,1,1.3,2289.0528990733196,74.20657907820774,26974.200441648016,7476,0
985.75,1.3,10.5,-2.6,1809.3586,64.678345,-0.3366000000000895,-0.0026000000002568413,0.00019999999949504854,0.0008049999999997226,1.5000000004761205e-05,1.1000000014860234e-05,9820,0,1,0,1,0,1,1.3,2289.0040553405966,74.20560888840241,26976.371672054865,7477,0
986.75,1.3,10.5,-2.6,1809.0192,64.67916,-0.33940000000006876,-0.0027999999999792635,-0.00019999999972242222,0.0008150000000028967,1.0000000003174137e-05,-5.000000001587068e-06,9821,0,1,0,1,0,1,1.3,2288.955186998575,74.20463897912849,26978.5424951817,7478,0
986.75,1.3,10.5,-2.6,1808.6771,64.67999,-0.34209999999984575,-0.002699999999776992,0.00010000000020227162,0.0008300000000076579,1.5000000004761205e-05,5.000000001587068e-06,9822,0,1,0,1,0,1,1.3,2288.9062937799044,74.20366935182734,26980.712907788515,7479,0
986.75,1.3,10.5,-2.6,1808.3322,64.68083,-0.3449000000000524,-0.002800000000206637,-0.0001000000004296453,0.0008399999999966212,9.999999988963282e-06,-5.000000015797923e-06,9823,0,1,0,1,0,1,1.3,2288.857375407166,74.20270000743079,26982.882906515315,7480,0
986.75,1.3,10.5,-2.6,1807.9845,64.68168,-0.34770000000003165,-0.0027999999999792635,2.2737367544323206e-13,0.0008499999999997954,1.0000000003174137e-05,1.4210854715202004e-14,9824,0,1,0,1,0,1,1.3,2288.8084316030536,74.20173094687023,26985.0524880021,7481,0
984.75,1.3,10.5,-2.6,1807.6342,64.68254,-0.3503000000000611,-0.0026000000000294676,0.0001999999999497959,0.0008600000000029695,1.0000000003174137e-05,0.0,9825,0,1,0,1,0,1,1.3,2288.759462110727,74.20076217107673,26987.221649128867,7482,0
985.75,1.3,10.5,-2.6,1807.281,64.68341,-0.3532000000000153,-0.0028999999999541615,-0.00029999999992469384,0.0008699999999919328,9.999999988963282e-06,-1.4210854715202004e-14,9826,0,1,0,1,0,1,1.3,2288.7104666429227,74.19979368098096,26989.390386415616,7483,0
987.25,1.3,10.5,-2.6,1806.925,64.684296,-0.35599999999999454,-0.0027999999999792635,9.999999997489795e-05,0.0008860000000083801,1.6000000016447302e-05,6.00000002748402e-06,9827,0,1,0,1,0,1,1.3,2288.66144492267,74.19882547812372,26991.558696502347,7484,0
987.25,1.3,10.5,-2.6,1806.5664,64.68519,-0.358600000000024,-0.0026000000000294676,0.0001999999999497959,0.0008940000000023929,7.999999994012796e-06,-8.000000022434506e-06,9828,0,1,0,1,0,1,1.3,2288.612396693458,74.19785756323125,26993.726576269062,7485,0
987.0,1.3,10.5,-2.6,1806.2048,64.6861,-0.36159999999995307,-0.0029999999999290594,-0.0003999999998995918,0.0009099999999904185,1.5999999988025593e-05,7.999999994012796e-06,9829,0,1,0,1,0,1,1.3,2288.5633216581896,74.19688993784334,26995.89402211576,7486,0
988.25,1.3,10.5,-2.6,1805.8406,64.68701,-0.36419999999998254,-0.0026000000000294676,0.0003999999998995918,0.0009100000000046293,1.4210854715202004e-14,-1.5999999973814738e-05,9830,0,1,0,1,0,1,1.3,2288.5142195605736,74.19592260187163,26998.06103092244,7487,0
990.25,1.3,10.5,-2.6,1805.4736,64.687935,-0.3669999999999618,-0.0027999999999792635,-0.0001999999999497959,0.0009249999999951797,1.499999999055035e-05,1.4999999976339495e-05,9831,0,1,0,1,0,1,1.3,2288.465090124085,74.19495555675346,27000.227599329104,7488,0
991.25,1.3,10.5,-2.6,1805.1038,64.68887,-0.36979999999994106,-0.0027999999999792635,0.0,0.0009349999999983538,1.0000000003174137e-05,-4.9999999873762135e-06,9832,0,1,0,1,0,1,1.3,2288.4159330723073,74.19398880341707,27002.393723975747,7489,0
989.75,1.3,10.5,-2.6,1804.7311,64.68982,-0.3727000000001226,-0.002900000000181535,-0.00010000000020227162,0.000950000000003115,1.5000000004761205e-05,5.000000001587068e-06,9833,0,1,0,1,0,1,1.3,2288.3667481187717,74.19302234329876,27004.559401382376,7490,0
989.5,1.3,10.5,-2.6,1804.3557,64.69078,-0.3753999999998996,-0.002699999999776992,0.00020000000040454324,0.0009600000000062892,1.0000000003174137e-05,-5.000000001587068e-06,9834,0,1,0,1,0,1,1.3,2288.317534997458,74.19205617732587,27006.724628308984,7491,0
988.75,1.3,10.5,-2.6,1803.9774,64.69175,-0.3783000000000811,-0.002900000000181535,-0.00020000000040454324,0.0009699999999952524,9.999999988963282e-06,-1.4210854715202004e-14,9835,0,1,0,1,0,1,1.3,2288.2682934221225,74.19109030642537,27008.889401275577,7492,0
987.75,1.3,10.5,-2.6,1803.5964,64.69273,-0.3810000000000855,-0.0027000000000043656,0.00020000000017716957,0.0009799999999984266,1.0000000003174137e-05,1.4210854715202004e-14,9836,0,1,0,1,0,1,1.3,2288.2190231269697,74.19012473152384,27011.05371704215,7493,0
988.0,1.3,10.5,-2.6,1803.2126,64.693726,-0.3837999999998374,-0.00279999999975189,-9.999999974752427e-05,0.000996000000000663,1.6000000002236447e-05,5.999999999062311e-06,9837,0,1,0,1,0,1,1.3,2288.1697238361453,74.18915945415735,27013.2175722487,7494,0
988.25,1.3,10.5,-2.6,1802.8259,64.69473,-0.3867000000000189,-0.002900000000181535,-0.0001000000004296453,0.0010040000000088867,8.000000008223651e-06,-7.999999994012796e-06,9838,0,1,0,1,0,1,1.3,2288.120395263746,74.18819447504828,27015.38096341524,7495,0
989.25,1.3,10.5,-2.6,1802.4364,64.69575,-0.3894999999999982,-0.0027999999999792635,0.00010000000020227162,0.0010199999999969123,1.5999999988025593e-05,7.999999979801942e-06,9839,0,1,0,1,0,1,1.3,2288.071037134146,74.1872297957317,27017.543887181757,7496,0
989.5,1.3,10.5,-2.6,1802.0442,64.69677,-0.39220000000000255,-0.0027000000000043656,9.999999997489795e-05,0.0010199999999969123,0.0,-1.5999999988025593e-05,9840,0,1,0,1,0,1,1.3,2288.021649181994,74.18626541611624,27019.706340308254,7497,0
989.75,1.3,10.5,-2.6,1801.649,64.69781,-0.395200000000159,-0.003000000000156433,-0.0003000000001520675,0.0010400000000032605,2.0000000006348273e-05,2.0000000006348273e-05,9841,0,1,0,1,0,1,1.3,2287.972231111563,74.18530133814265,27021.86831919473,7498,0
990.25,1.3,10.5,-2.6,1801.2511,64.69885,-0.39789999999993597,-0.002699999999776992,0.0003000000003794412,0.0010399999999890497,-1.4210854715202004e-14,-2.0000000020559128e-05,9842,0,1,0,1,0,1,1.3,2287.9227826577267,74.18433756171899,27024.029820601194,7499,0
988.75,1.3,10.5,-2.6,1800.8503,64.69991,-0.40079999999989013,-0.0028999999999541615,-0.00020000000017716957,0.0010600000000096088,2.0000000020559128e-05,2.0000000034769982e-05,9843,0,1,0,1,0,1,1.3,2287.8733035351484,74.18337408878504,27026.19084104763,7500,0
988.75,1.3,10.5,-2.6,1800.4467,64.70098,-0.40360000000009677,-0.002800000000206637,9.999999974752427e-05,0.001069999999998572,9.999999988963282e-06,-1.0000000031595846e-05,9844,0,1,0,1,0,1,1.3,2287.823793468766,74.18241092026409,27028.351377174055,7501,0
989.25,1.3,10.5,-2.6,1800.0402,64.702065,-0.40650000000005093,-0.0028999999999541615,-9.999999974752427e-05,0.0010850000000033333,1.5000000004761205e-05,5.000000015797923e-06,9845,0,1,0,1,0,1,1.3,2287.7742521734713,74.18144805758683,27030.511425500456,7502,0
988.25,1.3,10.5,-2.6,1799.6309,64.703156,-0.4092999999998028,-0.00279999999975189,0.00010000000020227162,0.0010910000000023956,5.999999999062311e-06,-9.000000005698894e-06,9846,0,1,0,1,0,1,1.3,2287.724679374429,74.18048550126942,27032.670982666838,7503,0
989.75,1.3,10.5,-2.6,1799.2186,64.704254,-0.41230000000018663,-0.0030000000003838068,-0.00020000000063191692,0.0010979999999989332,6.999999996537554e-06,9.999999974752427e-07,9847,0,1,0,1,0,1,1.3,2287.675074776604,74.17952325192933,27034.830045073202,7504,0
990.75,1.3,10.5,-2.6,1798.8037,64.70537,-0.4148999999999887,-0.002599999999802094,0.0004000000005817128,0.00111599999999612,1.7999999997186933e-05,1.100000000064938e-05,9848,0,1,0,1,0,1,1.3,2287.625438125698,74.17856131130064,27036.988609599543,7505,0
990.75,1.3,10.5,-2.6,1798.3857,64.70649,-0.4179999999998927,-0.0030999999999039574,-0.0005000000001018634,0.001120000000000232,4.0000000041118255e-06,-1.3999999993075107e-05,9849,0,1,0,1,0,1,1.3,2287.5757691167514,74.17759967969542,27039.146672525865,7506,0
992.25,1.3,10.5,-2.6,1797.965,64.70763,-0.4207000000001244,-0.0027000000002317393,0.0003999999996722181,0.0011399999999923693,1.9999999992137418e-05,1.5999999988025593e-05,9850,0,1,0,1,0,1,1.3,2287.5260674855344,74.17663835904985,27041.304230612168,7507,0
991.25,1.3,10.5,-2.6,1797.5414,64.70877,-0.4235999999998512,-0.002899999999726788,-0.00019999999949504854,0.0011400000000065802,1.4210854715202004e-14,-1.9999999977926564e-05,9851,0,1,0,1,0,1,1.3,2287.4763329476245,74.1756773492692,27043.46128037845,7508,0
992.25,1.3,10.5,-2.6,1797.1149,64.70993,-0.42650000000003274,-0.002900000000181535,-4.547473508864641e-13,0.0011599999999987176,1.9999999992137418e-05,1.9999999977926564e-05,9852,0,1,0,1,0,1,1.3,2287.426565218715,74.17471665228864,27045.617818344712,7509,0
992.75,1.3,10.5,-2.6,1796.6855,64.7111,-0.4293999999999869,-0.0028999999999541615,2.2737367544323206e-13,0.0011700000000018917,1.0000000003174137e-05,-9.999999988963282e-06,9853,0,1,0,1,0,1,1.3,2287.3767640146134,74.1737562690278,27047.773841030954,7510,0
993.25,1.3,10.5,-2.6,1796.2533,64.71227,-0.43219999999996617,-0.0027999999999792635,9.999999997489795e-05,0.0011700000000018917,0.0,-1.0000000003174137e-05,9854,0,1,0,1,0,1,1.3,2287.32692906139,74.17279619939117,27049.929345077173,7511,0
994.25,1.3,10.5,-2.6,1795.8181,64.71346,-0.4352000000001226,-0.003000000000156433,-0.00020000000017716957,0.0011899999999940292,1.9999999992137418e-05,1.9999999992137418e-05,9855,0,1,0,1,0,1,1.3,2287.277060064935,74.17183644531251,27052.084326883374,7512,0
993.25,1.3,10.5,-2.6,1795.3801,64.71467,-0.4379999999998745,-0.00279999999975189,0.00020000000040454324,0.0012100000000003774,2.0000000006348273e-05,1.4210854715202004e-14,9856,0,1,0,1,0,1,1.3,2287.227156751547,74.17087700872477,27054.23878308955,7513,0
994.25,1.3,10.5,-2.6,1794.9391,64.71587,-0.4410000000000309,-0.003000000000156433,-0.00020000000040454324,0.0011999999999972033,-1.0000000003174137e-05,-3.000000000952241e-05,9857,0,1,0,1,0,1,1.3,2287.1772188273485,74.16991788851693,27056.392710095708,7514,0
995.25,1.3,10.5,-2.6,1794.4954,64.7171,-0.4437000000000353,-0.0027000000000043656,0.0003000000001520675,0.0012300000000067257,3.000000000952241e-05,4.0000000012696546e-05,9858,0,1,0,1,0,1,1.3,2287.127246029009,74.16895908763567,27058.546104661844,7515,0
995.75,1.3,10.5,-2.6,1794.0486,64.71833,-0.44679999999993925,-0.0030999999999039574,-0.0003999999998995918,0.0012299999999925149,-1.4210854715202004e-14,-3.0000000023733264e-05,9859,0,1,0,1,0,1,1.3,2287.0772380527383,74.16800060598376,27060.69896306796,7516,0
996.75,1.3,10.5,-2.6,1793.599,64.719574,-0.4496000000001459,-0.002800000000206637,0.00029999999969732016,0.0012439999999998008,1.4000000007285962e-05,1.4000000021496817e-05,9860,0,1,0,1,0,1,1.3,2287.0271946252915,74.16704244488388,27062.851281954052,7517,0
997.25,1.3,10.5,-2.6,1793.1464,64.72083,-0.45259999999984757,-0.0029999999997016857,-0.00019999999949504854,0.0012560000000121363,1.2000000012335477e-05,-1.9999999949504854e-06,9861,0,1,0,1,0,1,1.3,2286.977115453255,74.16608460545528,27065.00305772012,7518,0
996.75,1.3,10.5,-2.6,1792.6909,64.7221,-0.4555000000000291,-0.002900000000181535,9.99999995201506e-05,0.0012699999999910005,1.3999999978864253e-05,1.999999966528776e-06,9862,0,1,0,1,0,1,1.3,2286.9270002534727,74.16512708901956,27067.154286886172,7519,0
995.75,1.3,10.5,-2.6,1792.2325,64.72337,-0.45839999999998327,-0.0028999999999541615,2.2737367544323206e-13,0.0012700000000052114,1.4210854715202004e-14,-1.3999999964653398e-05,9863,0,1,0,1,0,1,1.3,2286.876848742904,74.16416989547851,27069.3049659722,7520,0
995.25,1.3,10.5,-2.6,1791.7712,64.72466,-0.4613000000001648,-0.002900000000181535,-2.2737367544323206e-13,0.0012899999999973488,1.9999999992137418e-05,1.9999999977926564e-05,9864,0,1,0,1,0,1,1.3,2286.8266606386214,74.16321302676128,27071.455091498203,7521,0
995.25,1.3,10.5,-2.6,1791.307,64.72596,-0.4641999999998916,-0.002899999999726788,4.547473508864641e-13,0.001300000000000523,1.0000000003174137e-05,-9.999999988963282e-06,9865,0,1,0,1,0,1,1.3,2286.7764356578145,74.16225648378268,27073.604659984187,7522,0
995.5,1.3,10.5,-2.6,1790.8398,64.72727,-0.467200000000048,-0.003000000000156433,-0.0001000000004296453,0.001310000000003697,1.0000000003174137e-05,0.0,9866,0,1,0,1,0,1,1.3,2286.7261735076518,74.16130026745718,27075.753667830148,7523,0
996.75,1.3,10.5,-2.6,1790.3698,64.72859,-0.4700000000000273,-0.0027999999999792635,0.00020000000017716957,0.0013199999999926604,9.999999988963282e-06,-1.4210854715202004e-14,9867,0,1,0,1,0,1,1.3,2286.675873915687,74.16034437869882,27077.902111676085,7524,0
995.25,1.3,10.5,-2.6,1789.8967,64.72992,-0.47309999999993124,-0.0030999999999039574,-0.00029999999992469384,0.0013300000000100454,1.0000000017384991e-05,2.842170943040401e-14,9868,0,1,0,1,0,1,1.3,2286.625536579187,74.15938881842132,27080.049987802,7525,0
995.25,1.3,10.5,-2.6,1789.4208,64.73126,-0.4758999999999105,-0.0027999999999792635,0.00029999999992469384,0.0013399999999990087,9.999999988963282e-06,-2.842170943040401e-14,9869,0,1,0,1,0,1,1.3,2286.5751612259373,74.15843358753798,27082.19729284789,7526,0
995.25,1.3,10.5,-2.6,1788.9418,64.73262,-0.47900000000004184,-0.003100000000131331,-0.0003000000001520675,0.001359999999991146,1.9999999992137418e-05,1.0000000003174137e-05,9870,0,1,0,1,0,1,1.3,2286.5247475534397,74.15747868797487,27084.34402309376,7527,0
995.0,1.3,10.5,-2.6,1788.46,64.73398,-0.4818000000000211,-0.0027999999999792635,0.0003000000001520675,0.001360000000005357,1.4210854715202004e-14,-1.9999999977926564e-05,9871,0,1,0,1,0,1,1.3,2286.474295289708,74.15652411963129,27086.490175179606,7528,0
995.0,1.3,10.5,-2.6,1787.9751,64.73536,-0.48489999999992506,-0.0030999999999039574,-0.00029999999992469384,0.0013799999999974943,1.9999999992137418e-05,1.9999999977926564e-05,9872,0,1,0,1,0,1,1.3,2286.4238041324825,74.15556988443228,27088.63574538543,7529,0
994.75,1.3,10.5,-2.6,1787.4873,64.73674,-0.4878000000001066,-0.002900000000181535,0.00019999999972242222,0.0013799999999974943,0.0,-1.9999999992137418e-05,9873,0,1,0,1,0,1,1.3,2286.3732737998785,74.1546159822767,27090.78073023123,7530,0
991.75,1.3,10.5,-2.6,1786.9965,64.73814,-0.49080000000003565,-0.0029999999999290594,-9.999999974752427e-05,0.0014000000000038426,2.0000000006348273e-05,2.0000000006348273e-05,9874,0,1,0,1,0,1,1.3,2286.322704,74.1536624150886,27092.925126117007,7531,0
992.0,1.3,10.5,-2.6,1786.5028,64.73955,-0.4936999999999898,-0.0028999999999541615,9.999999997489795e-05,0.001409999999992806,9.999999988963282e-06,-1.0000000017384991e-05,9875,0,1,0,1,0,1,1.3,2286.272094451195,74.15270918377885,27095.068929562756,7532,0
992.0,1.3,10.5,-2.6,1786.0061,64.74097,-0.4966999999999189,-0.0029999999999290594,-9.999999997489795e-05,0.0014200000000101909,1.0000000017384991e-05,2.842170943040401e-14,9876,0,1,0,1,0,1,1.3,2286.2214448618,74.15175628925788,27097.212136968486,7533,0
990.25,1.3,10.5,-2.6,1785.5063,64.74239,-0.4998000000000502,-0.003100000000131331,-0.00010000000020227162,0.00141999999999598,-1.4210854715202004e-14,-1.0000000031595846e-05,9877,0,1,0,1,0,1,1.3,2286.1707549301477,74.15080373142337,27099.35474461419,7534,0
989.75,1.3,10.5,-2.6,1785.0037,64.743835,-0.5026000000000295,-0.0027999999999792635,0.0003000000001520675,0.0014450000000039154,2.500000000793534e-05,2.5000000022146196e-05,9878,0,1,0,1,0,1,1.3,2286.120024385059,74.14985151270372,27101.49674913987,7535,0
989.25,1.3,10.5,-2.6,1784.498,64.745285,-0.5056999999999334,-0.0030999999999039574,-0.00029999999992469384,0.0014499999999912916,4.9999999873762135e-06,-2.0000000020559128e-05,9879,0,1,0,1,0,1,1.3,2286.069252925101,74.14889963350203,27103.638146825524,7536,0
991.25,1.3,10.5,-2.6,1783.9894,64.74675,-0.508600000000115,-0.002900000000181535,0.00019999999972242222,0.0014650000000102636,1.500000001897206e-05,1.0000000031595846e-05,9880,0,1,0,1,0,1,1.3,2286.0184402692034,74.14794809523328,27105.778934191156,7537,0
991.25,1.3,10.5,-2.6,1783.4778,64.74822,-0.511600000000044,-0.0029999999999290594,-9.999999974752427e-05,0.0014699999999976399,4.9999999873762135e-06,-1.0000000031595846e-05,9881,0,1,0,1,0,1,1.3,2285.96758612629,74.14699689829995,27107.919107636764,7538,0
993.25,1.3,10.5,-2.6,1782.9631,64.7497,-0.514699999999948,-0.0030999999999039574,-9.999999997489795e-05,0.001480000000000814,1.0000000003174137e-05,5.000000015797923e-06,9882,0,1,0,1,0,1,1.3,2285.916690195285,74.14604604361024,27110.058663442345,7539,0
990.25,1.3,10.5,-2.6,1782.4454,64.7512,-0.517699999999877,-0.0029999999999290594,9.999999997489795e-05,0.0014999999999929514,1.9999999992137418e-05,9.999999988963282e-06,9883,0,1,0,1,0,1,1.3,2285.86575218535,74.14509553308378,27112.197598007904,7540,0
989.75,1.3,10.5,-2.6,1781.9248,64.7527,-0.5206000000000586,-0.002900000000181535,9.999999974752427e-05,0.0015000000000071623,1.4210854715202004e-14,-1.9999999977926564e-05,9884,0,1,0,1,0,1,1.3,2285.8147718158825,74.14414536661609,27114.335907853438,7541,0
989.25,1.3,10.5,-2.6,1781.4011,64.75422,-0.5236999999999625,-0.0030999999999039574,-0.00019999999972242222,0.0015199999999992997,1.9999999992137418e-05,1.9999999977926564e-05,9885,0,1,0,1,0,1,1.3,2285.763748786162,74.14319554612582,27116.47358925894,7542,0
988.25,1.3,10.5,-2.6,1780.8744,64.755745,-0.526700000000119,-0.003000000000156433,9.999999974752427e-05,0.0015250000000008868,5.000000001587068e-06,-1.499999999055035e-05,9886,0,1,0,1,0,1,1.3,2285.7126828057044,74.14224607201376,27118.610638624425,7543,0
987.75,1.3,10.5,-2.6,1780.3447,64.75728,-0.5296999999998206,-0.0029999999997016857,4.547473508864641e-13,0.00153499999998985,9.999999988963282e-06,4.9999999873762135e-06,9887,0,1,0,1,0,1,1.3,2285.6615735841424,74.14129694518608,27120.74705234988,7544,0
987.75,1.3,10.5,-2.6,1779.812,64.75883,-0.5327000000002045,-0.0030000000003838068,-6.821210263296962e-13,0.001550000000008822,1.500000001897206e-05,5.000000030008778e-06,9888,0,1,0,1,0,1,1.3,2285.6104208312267,74.1403481670543,27122.882826835314,7545,0
987.75,1.3,10.5,-2.6,1779.2762,64.76039,-0.535799999999881,-0.0030999999996765837,-9.999999929277692e-05,0.0015599999999977854,9.999999988963282e-06,-5.000000030008778e-06,9889,0,1,0,1,0,1,1.3,2285.5592242467137,74.13939973852375,27125.017958360717,7546,0
988.75,1.3,10.5,-2.6,1778.7374,64.761955,-0.5388000000000375,-0.003000000000156433,9.99999995201506e-05,0.0015649999999993724,5.000000001587068e-06,-4.9999999873762135e-06,9890,0,1,0,1,0,1,1.3,2285.5079835405922,74.13845165999393,27127.152443326097,7547,0
989.25,1.3,10.5,-2.6,1778.1957,64.76354,-0.5416999999999916,-0.0028999999999541615,0.00010000000020227162,0.0015850000000057207,2.0000000006348273e-05,1.5000000004761205e-05,9891,0,1,0,1,0,1,1.3,2285.4566984330772,74.13750393338051,27129.28627825145,7548,0
989.5,1.3,10.5,-2.6,1777.6508,64.76513,-0.5449000000000979,-0.003200000000106229,-0.0003000000001520675,0.001589999999993097,4.9999999873762135e-06,-1.500000001897206e-05,9892,0,1,0,1,0,1,1.3,2285.405368614172,74.13655655908218,27131.41945929678,7549,0
988.25,1.3,10.5,-2.6,1777.1029,64.76673,-0.5478999999997995,-0.0029999999997016857,0.00020000000040454324,0.001599999999996271,1.0000000003174137e-05,5.000000015797923e-06,9893,0,1,0,1,0,1,1.3,2285.3539937942187,74.13560953800283,27133.551982862078,7550,0
988.25,1.3,10.5,-2.6,1776.5519,64.76835,-0.5510000000001583,-0.0031000000003587047,-0.00010000000065701897,0.0016200000000026193,2.0000000006348273e-05,1.0000000003174137e-05,9894,0,1,0,1,0,1,1.3,2285.3025736735726,74.1346628720566,27135.683845227355,7551,0
988.0,1.3,10.5,-2.6,1775.9979,64.76997,-0.5539999999998599,-0.0029999999997016857,0.00010000000065701897,0.0016200000000026193,0.0,-2.0000000006348273e-05,9895,0,1,0,1,0,1,1.3,2285.2511079628134,74.13371656113581,27137.8150427926,7552,0
989.25,1.3,10.5,-2.6,1775.4408,64.77161,-0.5570999999999913,-0.003100000000131331,-0.0001000000004296453,0.0016399999999947568,1.9999999992137418e-05,1.9999999992137418e-05,9896,0,1,0,1,0,1,1.3,2285.199596362534,74.13277060715369,27139.945571837823,7553,0
989.25,1.3,10.5,-2.6,1774.8806,64.773254,-0.5602000000001226,-0.003100000000131331,0.0,0.0016439999999988686,4.0000000041118255e-06,-1.5999999988025593e-05,9897,0,1,0,1,0,1,1.3,2285.148038573449,74.13182501040615,27142.075428643016,7554,0
991.25,1.3,10.5,-2.6,1774.3175,64.77491,-0.5630999999998494,-0.002899999999726788,0.00020000000040454324,0.001656000000011204,1.2000000012335477e-05,8.000000008223651e-06,9898,0,1,0,1,0,1,1.3,2285.096434316598,74.13087977199717,27144.204609728185,7555,0
989.75,1.3,10.5,-2.6,1773.7512,64.77657,-0.566300000000183,-0.0032000000003336027,-0.00030000000060681487,0.001660000000001105,3.999999989900971e-06,-8.000000022434506e-06,9899,0,1,0,1,0,1,1.3,2285.044783282828,74.12993489222222,27146.333111253323,7556,0
991.25,1.3,10.5,-2.6,1773.1819,64.77825,-0.5692999999998847,-0.0029999999997016857,0.00020000000063191692,0.0016799999999932425,1.9999999992137418e-05,1.6000000002236447e-05,9900,0,1,0,1,0,1,1.3,2284.993085183315,74.12899037299263,27148.460929618435,7557,0
991.25,1.3,10.5,-2.6,1772.6094,64.779945,-0.5724999999999909,-0.003200000000106229,-0.00020000000040454324,0.0016949999999980037,1.5000000004761205e-05,-4.9999999873762135e-06,9901,0,1,0,1,0,1,1.3,2284.9413397091494,74.128046215714,27150.588060983522,7558,0
990.75,1.3,10.5,-2.6,1772.0339,64.78164,-0.5755000000001473,-0.003000000000156433,0.0001999999999497959,0.0016949999999980037,0.0,-1.5000000004761205e-05,9902,0,1,0,1,0,1,1.3,2284.889546571746,74.12710242027669,27152.71450174858,7559,0
991.25,1.3,10.5,-2.6,1771.4553,64.78335,-0.5785999999998239,-0.0030999999996765837,-9.99999995201506e-05,0.0017100000000027649,1.5000000004761205e-05,1.5000000004761205e-05,9903,0,1,0,1,0,1,1.3,2284.8377054725365,74.12615898808562,27154.84024819361,7560,0
991.25,1.3,10.5,-2.6,1770.8737,64.78507,-0.5815999999999804,-0.003000000000156433,9.99999995201506e-05,0.001720000000005939,1.0000000003174137e-05,-5.000000001587068e-06,9904,0,1,0,1,0,1,1.3,2284.7858161231698,74.12521592004039,27156.965296718612,7561,0
992.75,1.3,10.5,-2.6,1770.2888,64.786804,-0.5849000000000615,-0.003300000000081127,-0.00029999999992469384,0.001733999999999014,1.3999999993075107e-05,3.999999989900971e-06,9905,0,1,0,1,0,1,1.3,2284.7338782051283,74.12427321744397,27159.089643363586,7562,0
993.0,1.3,10.5,-2.6,1769.7009,64.78854,-0.5878999999999905,-0.0029999999999290594,0.0003000000001520675,0.0017359999999939646,1.9999999949504854e-06,-1.1999999998124622e-05,9906,0,1,0,1,0,1,1.3,2284.6818914303017,74.12333088038761,27161.21328452853,7563,0
994.25,1.3,10.5,-2.4,1769.11,64.7903,-0.590900000000147,-0.003000000000156433,-2.2737367544323206e-13,0.0017600000000044247,2.40000000104601e-05,2.2000000015509613e-05,9907,0,1,0,1,0,1,1.0999999999999999,2284.6298555106982,74.12238891118288,27163.336216613447,7564,0
993.75,1.3,10.5,-2.4,1768.5159,64.79207,-0.5940999999997985,-0.0031999999996514816,-0.00019999999949504854,0.001769999999993388,9.999999988963282e-06,-1.4000000021496817e-05,9908,0,1,0,1,0,1,1.0999999999999999,2284.577770138258,74.12144731072762,27165.45843577834,7565,0
994.0,1.3,10.5,-2.4,1767.9187,64.79384,-0.5972000000001572,-0.0031000000003587047,9.999999929277692e-05,0.0017700000000075988,1.4210854715202004e-14,-9.999999974752427e-06,9909,0,1,0,1,0,1,1.0999999999999999,2284.5256350151362,74.12050607891018,27167.5799383032,7566,0
994.0,1.3,10.5,-2.4,1767.3184,64.79562,-0.6002999999998337,-0.0030999999996765837,6.821210263296962e-13,0.0017799999999965621,9.999999988963282e-06,9.999999974752427e-06,9910,0,1,0,1,0,1,1.0999999999999999,2284.4734498436083,74.11956521662799,27169.70072046803,7567,0
994.0,1.3,10.5,-2.4,1766.715,64.797424,-0.6034000000001924,-0.0031000000003587047,-6.821210263296962e-13,0.0018040000000070222,2.40000000104601e-05,1.4000000021496817e-05,9911,0,1,0,1,0,1,1.0999999999999999,2284.4212143260693,74.11862472619048,27171.820778552832,7568,0
994.75,1.3,10.5,-2.4,1766.1084,64.79923,-0.6065999999998439,-0.0031999999996514816,-9.999999929277692e-05,0.0018059999999877618,1.9999999807396307e-06,-2.2000000029720468e-05,9912,0,1,0,1,0,1,1.0999999999999999,2284.3689281549478,74.11768460768688,27173.940108717605,7569,0
995.0,1.3,10.5,-2.4,1765.4987,64.80105,-0.6096999999999753,-0.003100000000131331,9.99999995201506e-05,0.0018200000000092587,1.4000000021496817e-05,1.2000000040757186e-05,9913,0,1,0,1,0,1,1.0999999999999999,2284.3165910328826,74.1167448624168,27176.058707242348,7570,0
995.25,1.3,10.5,-2.4,1764.8859,64.80288,-0.6128000000001066,-0.003100000000131331,0.0,0.001829999999998222,9.999999988963282e-06,-4.000000032533535e-06,9914,0,1,0,1,0,1,1.0999999999999999,2284.2642026626327,74.11580549127585,27178.176570407064,7571,0
996.25,1.3,10.5,-2.4,1764.2699,64.80472,-0.6159999999999854,-0.0031999999998788553,-9.999999974752427e-05,0.001840000000001396,1.0000000003174137e-05,1.4210854715202004e-14,9915,0,1,0,1,0,1,1.0999999999999999,2284.2117627369907,74.11486649515935,27180.293694371747,7572,0
995.75,1.3,10.5,-2.4,1763.6508,64.806564,-0.6191000000001168,-0.003100000000131331,9.999999974752427e-05,0.001843999999991297,3.999999989900971e-06,-6.000000013273166e-06,9916,0,1,0,1,0,1,1.0999999999999999,2284.1592709589595,74.11392787435716,27182.410075416403,7573,0
995.5,1.3,10.5,-2.4,1763.0284,64.808426,-0.6223999999999705,-0.0032999999998537533,-0.00019999999972242222,0.0018620000000026948,1.8000000011397788e-05,1.4000000021496817e-05,9917,0,1,0,1,0,1,1.0999999999999999,2284.106727011494,74.11298963057068,27184.525709581027,7574,0
995.25,1.3,10.5,-2.4,1762.4031,64.810295,-0.6252999999999247,-0.0028999999999541615,0.0003999999998995918,0.0018689999999992324,6.999999996537554e-06,-1.1000000014860234e-05,9918,0,1,0,1,0,1,1.0999999999999999,2284.0541306180057,74.11205176439158,27186.640593385622,7575,0
995.0,1.3,10.5,-2.4,1761.7745,64.81218,-0.6286000000000058,-0.003300000000081127,-0.00040000000012696546,0.0018850000000014688,1.6000000002236447e-05,9.000000005698894e-06,9919,0,1,0,1,0,1,1.0999999999999999,2284.0014814616934,74.11111427731855,27188.754722870188,7576,0
993.75,1.3,10.5,-2.4,1761.1428,64.81407,-0.6316999999999098,-0.0030999999999039574,0.00020000000017716957,0.001890000000003056,5.000000001587068e-06,-1.100000000064938e-05,9920,0,1,0,1,0,1,1.0999999999999999,2283.9487792460436,74.11017716974095,27190.868094314723,7577,0
994.75,1.3,10.5,-2.4,1760.5079,64.81598,-0.634900000000016,-0.003200000000106229,-0.00010000000020227162,0.0019099999999951933,1.9999999992137418e-05,1.499999999055035e-05,9921,0,1,0,1,0,1,1.0999999999999999,2283.8960236645835,74.10924044355977,27192.980703879228,7578,0
995.0,1.3,10.5,-2.4,1759.8699,64.817894,-0.6380000000001473,-0.003100000000131331,9.999999997489795e-05,0.0019139999999993051,4.0000000041118255e-06,-1.5999999988025593e-05,9922,0,1,0,1,0,1,1.0999999999999999,2283.843214421042,74.10830409906278,27195.092547843702,7579,0
996.25,1.3,10.5,-2.4,1759.2286,64.81982,-0.6413000000000011,-0.0032999999998537533,-0.00019999999972242222,0.0019260000000116406,1.2000000012335477e-05,8.000000008223651e-06,9923,0,1,0,1,0,1,1.0999999999999999,2283.7903511991135,74.10736813734381,27197.203622248144,7580,0
997.25,1.3,10.5,-2.4,1758.5842,64.821754,-0.644399999999905,-0.0030999999999039574,0.0001999999999497959,0.0019339999999914426,7.999999979801942e-06,-4.000000032533535e-06,9924,0,1,0,1,0,1,1.0999999999999999,2283.737433702771,74.1064325590932,27199.313923372556,7581,0
996.25,1.3,10.5,-2.4,1757.9366,64.8237,-0.6476000000000113,-0.003200000000106229,-0.00010000000020227162,0.001946000000003778,1.2000000012335477e-05,4.000000032533535e-06,9925,0,1,0,1,0,1,1.0999999999999999,2283.6844616260328,74.10549736540399,27201.42344737694,7582,0
994.75,1.3,10.5,-2.4,1757.2859,64.82565,-0.6506999999999152,-0.0030999999999039574,0.00010000000020227162,0.001949999999993679,3.999999989900971e-06,-8.000000022434506e-06,9926,0,1,0,1,0,1,1.0999999999999999,2283.6314346731137,74.10456255656291,27203.532190541286,7583,0
995.75,1.3,10.5,-2.4,1756.632,64.82762,-0.6539000000000215,-0.003200000000106229,-0.00010000000020227162,0.0019700000000000273,2.0000000006348273e-05,1.6000000016447302e-05,9927,0,1,0,1,0,1,1.0999999999999999,2283.5783525382753,74.10362813446818,27205.640149025607,7584,0
995.75,1.3,10.5,-2.4,1755.9749,64.829605,-0.6571000000001277,-0.003200000000106229,0.0,0.0019850000000047885,1.5000000004761205e-05,-5.000000001587068e-06,9928,0,1,0,1,0,1,1.0999999999999999,2283.525214915903,74.10269410051365,27207.747318989892,7585,0
996.75,1.3,10.5,-2.4,1755.3146,64.8316,-0.6603000000000065,-0.0031999999998788553,2.2737367544323206e-13,0.0019949999999937518,9.999999988963282e-06,-5.000000015797923e-06,9929,0,1,0,1,0,1,1.0999999999999999,2283.4720215005036,74.10176045558913,27209.85369659415,7586,0
997.0,1.3,10.5,-2.4,1754.651,64.833595,-0.6635999999998603,-0.0032999999998537533,-9.999999997489795e-05,0.0019950000000079626,1.4210854715202004e-14,-9.999999974752427e-06,9930,0,1,0,1,0,1,1.0999999999999999,2283.4187719766387,74.10082719957708,27211.95927787837,7587,0
997.0,1.3,10.5,-2.4,1753.9843,64.8356,-0.6666999999999916,-0.003100000000131331,0.00019999999972242222,0.002004999999996926,9.999999988963282e-06,9.999999974752427e-06,9931,0,1,0,1,0,1,1.0999999999999999,2283.3654660491343,74.09989433336689,27214.064059122564,7588,0
998.75,1.3,10.5,-2.4,1753.3143,64.83762,-0.6700000000000728,-0.003300000000081127,-0.0001999999999497959,0.002020000000001687,1.5000000004761205e-05,5.000000015797923e-06,9932,0,1,0,1,0,1,1.0999999999999999,2283.312103402799,74.09896185835095,27216.168036366722,7589,0
999.25,1.3,10.5,-2.4,1752.6411,64.83966,-0.6731999999999516,-0.0031999999998788553,0.00010000000020227162,0.0020399999999938245,1.9999999992137418e-05,4.9999999873762135e-06,9933,0,1,0,1,0,1,1.0999999999999999,2283.2586837326353,74.0980297764244,27218.27120577085,7590,0
1001.25,1.3,10.5,-2.4,1751.9647,64.8417,-0.6764000000000578,-0.003200000000106229,-2.2737367544323206e-13,0.0020400000000080354,1.4210854715202004e-14,-1.9999999977926564e-05,9934,0,1,0,1,0,1,1.0999999999999999,2283.2052067337695,74.09709808746854,27220.37356349494,7591,0
1001.75,1.3,10.5,-2.4,1751.2852,64.84376,-0.6794999999999618,-0.0030999999999039574,0.00010000000020227162,0.002060000000000173,1.9999999992137418e-05,1.9999999977926564e-05,9935,0,1,0,1,0,1,1.0999999999999999,2283.1516721115136,74.09616679337762,27222.475105819005,7592,0
1001.75,1.3,10.5,-2.4,1750.6023,64.84582,-0.6829000000000178,-0.003400000000056025,-0.0003000000001520675,0.002060000000000173,0.0,-1.9999999992137418e-05,9936,0,1,0,1,0,1,1.0999999999999999,2283.0980795411087,74.0952358940324,27224.575828663033,7593,0
1001.75,1.3,10.5,-2.4,1749.9163,64.84789,-0.6859999999999218,-0.0030999999999039574,0.0003000000001520675,0.002070000000003347,1.0000000003174137e-05,1.0000000003174137e-05,9937,0,1,0,1,0,1,1.0999999999999999,2283.0444287281143,74.09430539031999,27226.67572830703,7594,0
1000.25,1.3,10.5,-2.4,1749.2269,64.849976,-0.6894000000002052,-0.0034000000002833985,-0.0003000000003794412,0.0020859999999913725,1.5999999988025593e-05,5.999999984851456e-06,9938,0,1,0,1,0,1,1.0999999999999999,2282.9907193480226,74.09337528373075,27228.77480067099,7595,0
1000.75,1.3,10.5,-2.4,1748.5344,64.85207,-0.6924999999998818,-0.0030999999996765837,0.00030000000060681487,0.002093999999999596,8.000000008223651e-06,-7.999999979801942e-06,9939,0,1,0,1,0,1,1.0999999999999999,2282.9369511066398,74.09244557494969,27230.87304203492,7596,0
1001.75,1.3,10.5,-2.4,1747.8387,64.85418,-0.695699999999988,-0.003200000000106229,-0.0001000000004296453,0.0021100000000018326,1.6000000002236447e-05,7.999999994012796e-06,9940,0,1,0,1,0,1,1.0999999999999999,2282.883123699829,74.09151626546625,27232.97044855882,7597,0
1001.25,1.3,10.5,-2.4,1747.1396,64.8563,-0.699100000000044,-0.003400000000056025,-0.0001999999999497959,0.0021200000000050068,1.0000000003174137e-05,-5.999999999062311e-06,9941,0,1,0,1,0,1,1.0999999999999999,2282.8292368034604,74.09058735616576,27235.06701616268,7598,0
1003.75,1.3,10.5,-2.4,1746.4374,64.85843,-0.702199999999948,-0.0030999999999039574,0.0003000000001520675,0.00212999999999397,9.999999988963282e-06,-1.4210854715202004e-14,9942,0,1,0,1,0,1,1.0999999999999999,2282.775290123705,74.08965884793322,27237.16274112651,7599,0
1002.75,1.3,10.5,-2.4,1745.7319,64.860565,-0.7055000000000291,-0.003300000000081127,-0.00020000000017716957,0.002134999999995557,5.000000001587068e-06,-4.9999999873762135e-06,9943,0,1,0,1,0,1,1.0999999999999999,2282.7212833467415,74.08873074115044,27239.257619490305,7600,0
1002.25,1.3,10.5,-2.4,1745.0231,64.86272,-0.7087999999998829,-0.0032999999998537533,2.2737367544323206e-13,0.0021550000000019054,2.0000000006348273e-05,1.5000000004761205e-05,9944,0,1,0,1,0,1,1.0999999999999999,2282.6672161588735,74.08780303770739,27241.351647294065,7601,0
1001.75,1.3,10.5,-2.4,1744.311,64.864876,-0.7121000000001914,-0.0033000000003085006,-4.547473508864641e-13,0.0021559999999993806,9.999999974752427e-07,-1.900000000887303e-05,9945,0,1,0,1,0,1,1.0999999999999999,2282.6130882465313,74.08687573758294,27243.44482057779,7602,0
998.75,1.3,10.5,-2.4,1743.5957,64.86705,-0.7152999999998428,-0.0031999999996514816,0.00010000000065701897,0.0021740000000107784,1.8000000011397788e-05,1.7000000013922545e-05,9946,0,1,0,1,0,1,1.0999999999999999,2282.5588993063234,74.08594884246506,27245.537135501487,7603,0
996.25,1.3,10.5,-2.4,1742.8772,64.86923,-0.7185000000001764,-0.0032000000003336027,-6.821210263296962e-13,0.00217999999999563,5.999999984851456e-06,-1.2000000026546331e-05,9947,0,1,0,1,0,1,1.0999999999999999,2282.504649034982,74.08502235283474,27247.628588225143,7604,0
997.25,1.3,10.5,-2.4,1742.1553,64.87142,-0.7219000000000051,-0.003399999999828651,-0.00019999999949504854,0.002189999999998804,1.0000000003174137e-05,4.00000001832268e-06,9948,0,1,0,1,0,1,1.0999999999999999,2282.4503371092574,74.08409626957483,27249.719174668768,7605,0
996.75,1.3,10.5,-2.4,1741.4302,64.87363,-0.725099999999884,-0.0031999999998788553,0.0001999999999497959,0.0022100000000051523,2.0000000006348273e-05,1.0000000003174137e-05,9949,0,1,0,1,0,1,1.0999999999999999,2282.395963226131,74.08317059457286,27251.808890992354,7606,0
996.75,1.3,10.5,-2.4,1740.7018,64.87584,-0.7283999999999651,-0.003300000000081127,-0.00010000000020227162,0.0022099999999909414,-1.4210854715202004e-14,-2.0000000020559128e-05,9950,0,1,0,1,0,1,1.0999999999999999,2282.341527072656,74.08224532770576,27253.89773323591,7607,0
996.75,1.3,10.5,-2.4,1739.97,64.87806,-0.7318000000000211,-0.003400000000056025,-9.999999997489795e-05,0.0022200000000083264,1.0000000017384991e-05,1.0000000031595846e-05,9951,0,1,0,1,0,1,1.0999999999999999,2282.2870283259645,74.08132046985531,27255.98569731943,7608,0
996.5,1.3,10.5,-2.4,1739.235,64.880295,-0.7350000000001273,-0.003200000000106229,0.0001999999999497959,0.0022349999999988768,1.499999999055035e-05,4.999999973165359e-06,9952,0,1,0,1,0,1,1.0999999999999999,2282.232466683412,74.0803960224053,27258.07277940291,7609,0
997.75,1.3,10.5,-2.4,1738.4967,64.882545,-0.7382999999999811,-0.0032999999998537533,-9.999999974752427e-05,0.002249999999989427,1.499999999055035e-05,0.0,9953,0,1,0,1,0,1,1.0999999999999999,2282.177841832429,74.07947198673901,27260.15897552636,7610,0
996.75,1.3,10.5,-2.4,1737.7551,64.884796,-0.7415999999998348,-0.0032999999998537533,0.0,0.0022510000000011132,1.0000000116860974e-06,-1.3999999978864253e-05,9954,0,1,0,1,0,1,1.0999999999999999,2282.1231534605727,74.07854836283275,27262.24428172977,7611,0
997.25,1.3,10.5,-2.4,1737.0101,64.88706,-0.7450000000001182,-0.0034000000002833985,-0.0001000000004296453,0.002264000000010924,1.300000000981072e-05,1.1999999998124622e-05,9955,0,1,0,1,0,1,1.0999999999999999,2282.06840124548,74.07762515186822,27264.32869393315,7612,0
997.25,1.3,10.5,-2.4,1736.262,64.88934,-0.7481000000000222,-0.0030999999999039574,0.0003000000003794412,0.0022799999999989495,1.5999999988025593e-05,2.9999999782148734e-06,9956,0,1,0,1,0,1,1.0999999999999999,2282.013584895049,74.07670235532791,27266.41220841649,7613,0
995.75,1.3,10.5,-2.4,1735.5104,64.89163,-0.7516000000000531,-0.003500000000030923,-0.00040000000012696546,0.0022900000000021237,1.0000000003174137e-05,-5.999999984851456e-06,9957,0,1,0,1,0,1,1.0999999999999999,2281.958704077124,74.07577997409118,27268.49482097979,7614,0
993.25,1.3,10.5,-2.4,1734.7556,64.89393,-0.754799999999932,-0.0031999999998788553,0.0003000000001520675,0.002299999999991087,9.999999988963282e-06,-1.4210854715202004e-14,9958,0,1,0,1,0,1,1.0999999999999999,2281.9037584898083,74.07485800903704,27270.57652778306,7615,0
993.75,1.3,10.5,-2.4,1733.9974,64.89624,-0.758199999999988,-0.003400000000056025,-0.00020000000017716957,0.002310000000008472,1.0000000017384991e-05,2.842170943040401e-14,9959,0,1,0,1,0,1,1.0999999999999999,2281.848747811245,74.07393646104417,27272.65732474629,7616,0
991.75,1.3,10.5,-2.4,1733.2358,64.89856,-0.761600000000044,-0.003400000000056025,0.0,0.0023199999999974352,9.999999988963282e-06,-2.842170943040401e-14,9960,0,1,0,1,0,1,1.0999999999999999,2281.7936717197067,74.07301533099087,27274.737207789487,7617,0
991.75,1.3,10.5,-2.4,1732.4711,64.90089,-0.764699999999948,-0.0030999999999039574,0.0003000000001520675,0.0023300000000006094,1.0000000003174137e-05,1.4210854715202004e-14,9961,0,1,0,1,0,1,1.0999999999999999,2281.7385299237103,74.07209461975508,27276.81617319265,7618,0
992.0,1.3,10.5,-2.4,1731.7029,64.90323,-0.7681999999999789,-0.003500000000030923,-0.00040000000012696546,0.0023399999999895726,9.999999988963282e-06,-1.4210854715202004e-14,9962,0,1,0,1,0,1,1.0999999999999999,2281.6833220917397,74.0711743282144,27278.89421675577,7619,0
992.25,1.3,10.5,-2.4,1730.9314,64.90558,-0.77150000000006,-0.003300000000081127,0.0001999999999497959,0.0023500000000069576,1.0000000017384991e-05,2.842170943040401e-14,9963,0,1,0,1,0,1,1.0999999999999999,2281.628047912485,74.0702544572461,27280.971334518854,7620,0
991.75,1.3,10.5,-2.4,1730.1565,64.90794,-0.7748999999998887,-0.003399999999828651,-9.999999974752427e-05,0.002359999999995921,9.999999988963282e-06,-2.842170943040401e-14,9964,0,1,0,1,0,1,1.0999999999999999,2281.5727070647263,74.06933500772703,27283.0475224019,7621,0
993.25,1.3,10.5,-2.4,1729.3783,64.91032,-0.7781999999999698,-0.003300000000081127,9.999999974752427e-05,0.002380000000002269,2.0000000006348273e-05,1.0000000017384991e-05,9965,0,1,0,1,0,1,1.0999999999999999,2281.517299237407,74.06841598153723,27285.12277644491,7622,0
994.75,1.3,10.5,-2.4,1728.5968,64.9127,-0.7815000000000509,-0.003300000000081127,0.0,0.002380000000002269,0.0,-2.0000000006348273e-05,9966,0,1,0,1,0,1,1.0999999999999999,2281.4618241195944,74.0674973785492,27287.197092687882,7623,0
996.75,1.3,10.5,-2.4,1727.8119,64.91509,-0.784900000000107,-0.003400000000056025,-9.999999997489795e-05,0.0023900000000054433,1.0000000003174137e-05,1.0000000003174137e-05,9967,0,1,0,1,0,1,1.0999999999999999,2281.4062813904493,74.06657919963884,27289.270467050817,7624,0
999.25,1.3,10.5,-2.4,1727.0237,64.917496,-0.7881999999999607,-0.0032999999998537533,0.00010000000020227162,0.002405999999993469,1.5999999988025593e-05,5.999999984851456e-06,9968,0,1,0,1,0,1,1.0999999999999999,2281.3506707392917,74.06566144628349,27291.342895573714,7625,0
997.25,1.3,10.5,-2.4,1726.232,64.91991,-0.7916999999999916,-0.003500000000030923,-0.00020000000017716957,0.0024140000000016926,8.000000008223651e-06,-7.999999979801942e-06,9969,0,1,0,1,0,1,1.0999999999999999,2281.2949918355066,74.06474411915747,27293.414374056574,7626,0
996.25,1.3,10.5,-2.4,1725.437,64.92233,-0.7950000000000728,-0.003300000000081127,0.0001999999999497959,0.002420000000000755,5.999999999062311e-06,-2.00000000916134e-06,9970,0,1,0,1,0,1,1.0999999999999999,2281.2392443686695,74.06382721873433,27295.484898539395,7627,0
998.25,1.3,10.5,-2.4,1724.6387,64.924774,-0.7982999999999265,-0.0032999999998537533,2.2737367544323206e-13,0.002443999999997004,2.3999999996249244e-05,1.7999999997186933e-05,9971,0,1,0,1,0,1,1.0999999999999999,2281.1834280284797,74.06291074729242,27297.554465062178,7628,0
997.25,1.3,10.5,-2.4,1723.8369,64.927216,-0.8017999999999574,-0.003500000000030923,-0.00020000000017716957,0.0024420000000020536,-1.9999999949504854e-06,-2.599999999119973e-05,9972,0,1,0,1,0,1,1.0999999999999999,2281.1275424847086,74.06199470450215,27299.62306942492,7629,0
996.25,1.3,10.5,-2.4,1723.0317,64.92967,-0.8052000000000135,-0.003400000000056025,9.999999997489795e-05,0.0024540000000001783,1.1999999998124622e-05,1.3999999993075107e-05,9973,0,1,0,1,0,1,1.0999999999999999,2281.0715874172847,74.06107909143773,27301.690707547627,7630,0
997.25,1.3,10.5,-2.4,1722.2233,64.932144,-0.8083999999998923,-0.0031999999998788553,0.00020000000017716957,0.0024739999999923157,1.9999999992137418e-05,7.999999994012796e-06,9974,0,1,0,1,0,1,1.0999999999999999,2281.015562526316,74.06016390997495,27303.757375590296,7631,0
997.0,1.3,10.5,-2.4,1721.4114,64.93462,-0.8119000000001506,-0.0035000000002582965,-0.0003000000003794412,0.002476000000001477,2.00000000916134e-06,-1.7999999982976078e-05,9975,0,1,0,1,0,1,1.0999999999999999,2280.9594674819564,74.05924916018444,27305.823069352922,7632,0
997.75,1.3,10.5,-2.4,1720.5961,64.93711,-0.8152999999999793,-0.003399999999828651,0.0001000000004296453,0.002490000000008763,1.4000000007285962e-05,1.1999999998124622e-05,9976,0,1,0,1,0,1,1.0999999999999999,2280.9033019645185,74.05833484333968,27307.887784755512,7633,0
996.75,1.3,10.5,-2.4,1719.7773,64.939606,-0.8188000000000102,-0.003500000000030923,-0.00010000000020227162,0.0024959999999936144,5.999999984851456e-06,-8.000000022434506e-06,9977,0,1,0,1,0,1,1.0999999999999999,2280.847065644418,74.05742095991181,27309.95151759806,7634,0
996.25,1.3,10.5,-2.4,1718.9553,64.942116,-0.821999999999889,-0.0031999999998788553,0.0003000000001520675,0.0025100000000009004,1.4000000007285962e-05,8.000000022434506e-06,9978,0,1,0,1,0,1,1.0999999999999999,2280.790758222267,74.05650751117346,27312.014264040572,7635,0
994.25,1.3,10.5,-2.4,1718.1298,64.94464,-0.8255000000001473,-0.0035000000002582965,-0.0003000000003794412,0.0025240000000081864,1.4000000007285962e-05,0.0,9979,0,1,0,1,0,1,1.0999999999999999,2280.7343793687373,74.0555944983968,27314.07601988304,7636,0
993.25,1.3,10.5,-2.4,1717.3009,64.94717,-0.828899999999976,-0.003399999999828651,0.0001000000004296453,0.002529999999993038,5.999999984851456e-06,-8.000000022434506e-06,9980,0,1,0,1,0,1,1.0999999999999999,2280.677928764653,74.0546819220519,27316.136781045472,7637,0
992.75,1.3,10.5,-2.4,1716.4685,64.949715,-0.8324000000000069,-0.003500000000030923,-0.00010000000020227162,0.002544999999997799,1.5000000004761205e-05,9.000000019909749e-06,9981,0,1,0,1,0,1,1.0999999999999999,2280.6214060809457,74.05376978351032,27318.19654332786,7638,0
992.25,1.3,10.5,-2.4,1715.6328,64.95226,-0.8356999999998607,-0.0032999999998537533,0.00020000000017716957,0.002544999999997799,0.0,-1.5000000004761205e-05,9982,0,1,0,1,0,1,1.0999999999999999,2280.5648110087145,74.05285808264048,27320.255302770212,7639,0
990.75,1.3,10.5,-2.4,1714.7936,64.95483,-0.839200000000119,-0.0035000000002582965,-0.00020000000040454324,0.0025700000000057344,2.500000000793534e-05,2.500000000793534e-05,9983,0,1,0,1,0,1,1.0999999999999999,2280.5081432191505,74.05194682181491,27322.313055172523,7640,0
989.75,1.3,10.5,-2.4,1713.951,64.9574,-0.8425999999999476,-0.003399999999828651,0.0001000000004296453,0.0025700000000057344,0.0,-2.500000000793534e-05,9984,0,1,0,1,0,1,1.0999999999999999,2280.4514023935903,74.05103600090135,27324.36979645479,7641,0
989.5,1.3,10.5,-2.4,1713.105,64.959984,-0.8460000000000036,-0.003400000000056025,-2.2737367544323206e-13,0.0025839999999988095,1.3999999993075107e-05,1.3999999993075107e-05,9985,0,1,0,1,0,1,1.0999999999999999,2280.394588213499,74.05012562116963,27326.42552253702,7642,0
988.75,1.3,10.5,-2.4,1712.2555,64.96258,-0.8495000000000346,-0.003500000000030923,-9.999999997489795e-05,0.002595999999996934,1.1999999998124622e-05,-1.9999999949504854e-06,9986,0,1,0,1,0,1,1.0999999999999999,2280.3377003504556,74.0492156836888,27328.480229219207,7643,0
989.75,1.3,10.5,-2.4,1711.4026,64.96518,-0.8529000000000906,-0.003400000000056025,9.999999997489795e-05,0.002600000000001046,4.0000000041118255e-06,-7.999999994012796e-06,9987,0,1,0,1,0,1,1.0999999999999999,2280.2807384861835,74.04830618872647,27330.533912421357,7644,0
989.5,1.3,10.5,-2.4,1710.5463,64.9678,-0.8562999999999192,-0.003399999999828651,2.2737367544323206e-13,0.0026199999999931833,1.9999999992137418e-05,1.5999999988025593e-05,9988,0,1,0,1,0,1,1.0999999999999999,2280.2237023025327,74.04739713815198,27332.586568063463,7645,0
989.5,1.3,10.5,-2.4,1709.6865,64.97042,-0.8597999999999502,-0.003500000000030923,-0.00010000000020227162,0.002620000000007394,1.4210854715202004e-14,-1.9999999977926564e-05,9989,0,1,0,1,0,1,1.0999999999999999,2280.1665914714713,74.04648853183183,27334.638191945527,7646,0
991.25,1.3,10.5,-2.4,1708.8232,64.97306,-0.8632999999999811,-0.003500000000030923,0.0,0.0026399999999995316,1.9999999992137418e-05,1.9999999977926564e-05,9990,0,1,0,1,0,1,1.0999999999999999,2280.1094056650986,74.04558037163447,27336.688779867553,7647,0
992.25,1.3,10.5,-2.6,1707.9565,64.97571,-0.8667000000000371,-0.003400000000056025,9.999999997489795e-05,0.0026500000000027057,1.0000000003174137e-05,-9.999999988963282e-06,9991,0,1,0,1,0,1,1.3,2280.0521445656523,74.04467265842673,27338.738327749532,7648,0
990.75,1.3,10.5,-2.6,1707.0864,64.97836,-0.8701000000000931,-0.003400000000056025,0.0,0.002649999999988495,-1.4210854715202004e-14,-1.0000000017384991e-05,9992,0,1,0,1,0,1,1.3,2279.994807855499,74.04376539207446,27340.786831511472,7649,0
992.25,1.3,10.5,-2.6,1706.2128,64.98103,-0.8735999999998967,-0.003499999999803549,-9.999999974752427e-05,0.002670000000009054,2.0000000020559128e-05,2.0000000034769982e-05,9993,0,1,0,1,0,1,1.3,2279.937395207124,74.04285857444467,27342.83428695337,7650,0
990.25,1.3,10.5,-2.6,1705.3357,64.98371,-0.8770999999999276,-0.003500000000030923,-2.2737367544323206e-13,0.0026799999999980173,9.999999988963282e-06,-1.0000000031595846e-05,9994,0,1,0,1,0,1,1.3,2279.8799062931466,74.04195220640321,27344.880689875226,7651,0
989.25,1.3,10.5,-2.6,1704.4551,64.9864,-0.8806000000001859,-0.0035000000002582965,-2.2737367544323206e-13,0.0026900000000011914,1.0000000003174137e-05,1.4210854715202004e-14,9995,0,1,0,1,0,1,1.3,2279.8223407863147,74.04104628881552,27346.926036077042,7652,0
988.25,1.3,10.5,-2.6,1703.571,64.9891,-0.8840999999999894,-0.003499999999803549,4.547473508864641e-13,0.0026999999999901547,9.999999988963282e-06,-1.4210854715202004e-14,9996,0,1,0,1,0,1,1.3,2279.7646983595077,74.04014082254676,27348.97032135881,7653,0
988.0,1.3,10.5,-2.6,1702.6835,64.991806,-0.8874999999998181,-0.003399999999828651,9.999999997489795e-05,0.002706000000003428,6.000000013273166e-06,-3.999999975690116e-06,9997,0,1,0,1,0,1,1.3,2279.706978695739,74.0392358080616,27351.013541640543,7654,0
988.75,1.3,10.5,-2.6,1701.7925,64.99453,-0.8910000000000764,-0.0035000000002582965,-0.0001000000004296453,0.002724000000000615,1.7999999997186933e-05,1.1999999983913767e-05,9998,0,1,0,1,0,1,1.3,2279.6491814681467,74.0383312470247,27353.055692722228,7655,0
986.75,1.3,10.5,-2.6,1700.898,64.99726,-0.8945000000001073,-0.003500000000030923,2.2737367544323206e-13,0.002729999999999677,5.999999999062311e-06,-1.1999999998124622e-05,9999,0,1,0,1,0,1,1.3,2279.5913063499997,74.03742713989999,27355.09677040387,7656,0
985.75,1.3,10.5,-2.6,1700.0,65.0,-0.8979999999999109,-0.003499999999803549,2.2737367544323206e-13,0.0027400000000028513,1.0000000003174137e-05,4.0000000041118255e-06,10000,0,1,0,1,0,1,1.3,2279.533353014698,74.03652348755124,27357.13677048547,7657,0
